.	Basic Statistics	Per Base Sequence Quality	Per Tile Sequence Quality	Per Sequence Quality Scores	Per Base Sequence Content	Per Sequence GC Content	Per Base N Content	Sequence Length Distribution	Sequence Duplication Levels	Overrepresented Sequences	Adapter Content
SRR27013147_1	1	1	1	1	0.25	0.5	1	0.5	0.5	1	1
SRR27013147_2	1	1	0.25	1	0.25	0.5	1	0.5	1	1	1
SRR27013147_Genome_Sequencing_of_Listeria_monocytogenes_SA_outbreak_2017_1	1	1	1	1	0.25	0.5	1	0.5	0.5	1	1
SRR27013147_Genome_Sequencing_of_Listeria_monocytogenes_SA_outbreak_2017_2	1	1	0.25	1	0.25	0.5	1	0.5	1	1	1
SRR27013245_1	1	1	1	1	0.25	0.25	1	0.5	1	1	1
SRR27013245_2	1	1	1	1	0.25	0.25	1	0.5	1	1	1
SRR27013245_Genome_Sequencing_of_Listeria_monocytogenes_SA_outbreak_2017_1	1	1	1	1	0.25	0.25	1	0.5	1	1	1
SRR27013245_Genome_Sequencing_of_Listeria_monocytogenes_SA_outbreak_2017_2	1	1	1	1	0.25	0.25	1	0.5	1	1	1
SRR27013246_1	1	1	1	1	0.25	0.5	1	0.5	1	1	1
SRR27013246_2	1	1	1	1	0.25	0.5	1	0.5	1	1	1
SRR27013246_Genome_Sequencing_of_Listeria_monocytogenes_SA_outbreak_2017_1	1	1	1	1	0.25	0.5	1	0.5	1	1	1
SRR27013246_Genome_Sequencing_of_Listeria_monocytogenes_SA_outbreak_2017_2	1	1	1	1	0.25	0.5	1	0.5	1	1	1
SRR27013247_1	1	1	1	1	0.25	0.5	1	0.5	1	1	1
SRR27013247_2	1	1	1	1	0.25	0.5	1	0.5	1	1	1
SRR27013247_Genome_Sequencing_of_Listeria_monocytogenes_SA_outbreak_2017_1	1	1	1	1	0.25	0.5	1	0.5	1	1	1
SRR27013247_Genome_Sequencing_of_Listeria_monocytogenes_SA_outbreak_2017_2	1	1	1	1	0.25	0.5	1	0.5	1	1	1
SRR27013248_1	1	1	1	1	0.25	0.5	1	0.5	1	1	1
SRR27013248_2	1	1	1	1	0.25	0.5	1	0.5	1	1	1
SRR27013249_1	1	1	1	1	0.25	0.5	1	0.5	1	1	1
SRR27013249_2	1	1	1	1	0.25	0.5	1	0.5	1	1	1
SRR27013249_Genome_Sequencing_of_Listeria_monocytogenes_SA_outbreak_2017_1	1	1	1	1	0.25	0.5	1	0.5	1	1	1
SRR27013249_Genome_Sequencing_of_Listeria_monocytogenes_SA_outbreak_2017_2	1	1	1	1	0.25	0.5	1	0.5	1	1	1
SRR27013250_1	1	1	1	1	0.25	0.5	1	0.5	1	1	1
SRR27013250_2	1	1	1	1	0.25	0.5	1	0.5	1	1	1
SRR27013250_Genome_Sequencing_of_Listeria_monocytogenes_SA_outbreak_2017_1	1	1	1	1	0.25	0.5	1	0.5	1	1	1
SRR27013250_Genome_Sequencing_of_Listeria_monocytogenes_SA_outbreak_2017_2	1	1	1	1	0.25	0.5	1	0.5	1	1	1
SRR27013251_1	1	1	1	1	0.25	0.25	1	0.5	0.5	0.5	1
SRR27013251_2	1	1	1	1	0.25	0.25	1	0.5	1	0.5	1
SRR27013251_Genome_Sequencing_of_Listeria_monocytogenes_SA_outbreak_2017_1	1	1	1	1	0.25	0.25	1	0.5	0.5	0.5	1
SRR27013251_Genome_Sequencing_of_Listeria_monocytogenes_SA_outbreak_2017_2	1	1	1	1	0.25	0.25	1	0.5	1	0.5	1
SRR27013252_1	1	1	1	1	0.25	0.5	1	0.5	1	1	1
SRR27013252_2	1	1	1	1	0.25	0.5	1	0.5	1	1	1
SRR27013252_Genome_Sequencing_of_Listeria_monocytogenes_SA_outbreak_2017_1	1	1	1	1	0.25	0.5	1	0.5	1	1	1
SRR27013252_Genome_Sequencing_of_Listeria_monocytogenes_SA_outbreak_2017_2	1	1	1	1	0.25	0.5	1	0.5	1	1	1
SRR27013253_1	1	1	1	1	0.25	0.5	1	0.5	1	1	1
SRR27013253_2	1	1	1	1	0.25	0.5	1	0.5	1	1	1
SRR27013254_1	1	1	1	1	0.25	0.5	1	0.5	1	1	1
SRR27013254_2	1	1	1	1	0.25	0.5	1	0.5	1	1	1
SRR27013254_Genome_Sequencing_of_Listeria_monocytogenes_SA_outbreak_2017_1	1	1	1	1	0.25	0.5	1	0.5	1	1	1
SRR27013254_Genome_Sequencing_of_Listeria_monocytogenes_SA_outbreak_2017_2	1	1	1	1	0.25	0.5	1	0.5	1	1	1
SRR27013255_1	1	1	1	1	0.25	0.5	1	0.5	1	1	1
SRR27013255_2	1	1	1	1	0.25	0.5	1	0.5	1	1	1
SRR27013255_Genome_Sequencing_of_Listeria_monocytogenes_SA_outbreak_2017_1	1	1	1	1	0.25	0.5	1	0.5	1	1	1
SRR27013255_Genome_Sequencing_of_Listeria_monocytogenes_SA_outbreak_2017_2	1	1	1	1	0.25	0.5	1	0.5	1	1	1
SRR27013256_1	1	1	1	1	0.25	0.5	1	0.5	1	1	1
SRR27013256_2	1	1	1	1	0.25	0.5	1	0.5	1	1	1
SRR27013256_Genome_Sequencing_of_Listeria_monocytogenes_SA_outbreak_2017_1	1	1	1	1	0.25	0.5	1	0.5	1	1	1
SRR27013256_Genome_Sequencing_of_Listeria_monocytogenes_SA_outbreak_2017_2	1	1	1	1	0.25	0.5	1	0.5	1	1	1
SRR27013257_1	1	1	1	1	0.25	0.5	1	0.5	1	1	1
SRR27013257_2	1	1	1	1	0.25	0.5	1	0.5	1	1	1
SRR27013258_1	1	1	1	1	0.25	0.5	1	0.5	1	1	1
SRR27013258_2	1	1	1	1	0.25	0.5	1	0.5	1	1	1
SRR27013259_1	1	1	1	1	0.25	1	1	0.5	1	1	1
SRR27013259_2	1	1	1	1	0.25	0.5	1	0.5	1	1	1
SRR27013260_1	1	1	1	1	0.25	0.5	1	0.5	1	1	1
SRR27013260_2	1	1	1	1	0.25	0.5	1	0.5	1	1	1
SRR27013261_1	1	1	1	1	0.25	0.5	1	0.5	1	1	1
SRR27013261_2	1	1	1	1	0.25	0.5	1	0.5	1	1	1
SRR27013262_1	1	1	1	1	0.25	0.5	1	0.5	1	1	1
SRR27013262_2	1	1	1	1	0.25	0.5	1	0.5	1	1	1
SRR27013263_1	1	1	1	1	0.25	0.5	1	0.5	1	1	1
SRR27013263_2	1	1	1	1	0.25	0.5	1	0.5	1	1	1
SRR27013264_1	1	1	1	1	0.25	0.5	1	0.5	1	1	1
SRR27013264_2	1	1	1	1	0.25	0.5	1	0.5	1	1	1
SRR27013265_1	1	1	1	1	0.25	0.5	1	0.5	0.5	1	1
SRR27013265_2	1	1	0.25	1	0.25	0.5	1	0.5	0.5	1	1
SRR27013266_1	1	1	1	1	0.25	0.5	1	0.5	0.5	1	1
SRR27013266_2	1	1	0.25	1	0.25	0.5	1	0.5	1	1	1
SRR27013267_1	1	1	1	1	0.25	0.5	1	0.5	0.5	1	1
SRR27013267_2	1	1	1	1	0.25	0.5	1	0.5	1	1	1
SRR27013268_1	1	1	0.25	1	0.25	1	1	0.5	0.5	1	1
SRR27013268_2	1	0.25	0.25	1	0.25	1	1	0.5	0.5	1	1
SRR27013269_1	1	1	0.25	1	0.25	0.5	1	0.5	1	1	1
SRR27013269_2	1	0.25	0.25	1	0.25	0.5	1	0.5	1	1	1
SRR27013270_1	1	1	1	1	0.25	1	1	0.5	1	1	1
SRR27013270_2	1	1	1	1	0.25	1	1	0.5	1	1	1
SRR27013271_1	1	1	1	1	0.25	0.5	1	0.5	1	1	1
SRR27013271_2	1	1	0.25	1	0.25	0.5	1	0.5	1	1	1
SRR27013272_1	1	1	1	1	0.25	0.5	1	0.5	1	1	1
SRR27013272_2	1	1	1	1	0.25	0.5	1	0.5	1	1	1
SRR27013273_1	1	1	1	1	0.25	0.5	1	0.5	0.5	1	1
SRR27013273_2	1	1	0.25	1	0.25	0.5	1	0.5	0.5	1	1
SRR27013274_1	1	1	1	1	0.25	0.5	1	0.5	0.5	1	1
SRR27013274_2	1	1	1	1	0.25	1	1	0.5	1	1	1
SRR27013275_1	1	1	1	1	0.25	0.5	1	0.5	0.5	1	1
SRR27013275_2	1	1	1	1	0.25	0.5	1	0.5	0.5	1	1
SRR27013276_1	1	1	1	1	0.25	0.5	1	0.5	1	1	1
SRR27013276_2	1	1	1	1	0.25	0.5	1	0.5	1	1	1
SRR27013277_1	1	1	1	1	0.25	0.5	1	0.5	1	1	1
SRR27013277_2	1	1	1	1	0.25	0.5	1	0.5	1	1	1
SRR27013278_1	1	1	1	1	0.25	0.5	1	0.5	1	1	1
SRR27013278_2	1	1	1	1	0.25	0.5	1	0.5	1	1	1
SRR27013279_1	1	1	1	1	0.25	0.5	1	0.5	1	1	1
SRR27013279_2	1	1	1	1	0.25	0.5	1	0.5	1	1	1
SRR27013280_1	1	1	1	1	0.25	0.5	1	0.5	0.5	1	1
SRR27013280_2	1	1	1	1	0.25	0.5	1	0.5	1	1	1
SRR27013281_1	1	1	1	1	0.25	0.5	1	0.5	1	1	1
SRR27013281_2	1	1	1	1	0.25	0.5	1	0.5	1	1	1
SRR27013282_1	1	1	1	1	0.25	0.5	1	0.5	1	1	1
SRR27013282_2	1	1	1	1	0.25	0.5	1	0.5	1	1	1
SRR27013283_1	1	1	1	1	0.25	0.5	1	0.5	0.5	1	1
SRR27013283_2	1	1	1	1	0.25	0.5	1	0.5	0.5	1	1
SRR27013284_1	1	1	1	1	0.25	0.5	1	0.5	0.5	1	1
SRR27013284_2	1	1	1	1	0.25	0.5	1	0.5	0.5	1	1
SRR27013285_1	1	1	1	1	0.25	0.5	1	0.5	0.5	1	1
SRR27013285_2	1	1	1	1	0.25	0.5	1	0.5	1	1	1
SRR27013286_1	1	1	1	1	0.25	0.5	1	0.5	0.5	1	1
SRR27013286_2	1	1	1	1	0.25	0.5	1	0.5	1	1	1
SRR27013287_1	1	1	1	1	0.25	0.5	1	0.5	1	1	1
SRR27013287_2	1	1	1	1	0.25	0.5	1	0.5	1	1	1
SRR27013288_1	1	1	1	1	0.25	0.5	1	0.5	1	1	1
SRR27013288_2	1	1	1	1	0.25	0.5	1	0.5	1	1	1
SRR27013289_1	1	1	1	1	0.25	0.5	1	0.5	1	1	1
SRR27013289_2	1	1	1	1	0.25	0.5	1	0.5	1	1	1
SRR27013290_1	1	1	1	1	0.25	0.5	1	0.5	0.5	1	1
SRR27013290_2	1	1	1	1	0.25	0.5	1	0.5	1	1	1
SRR27013291_1	1	1	1	1	0.25	0.5	1	0.5	0.5	1	1
SRR27013291_2	1	1	1	1	0.25	1	1	0.5	1	1	1
SRR27013292_1	1	1	1	1	0.25	0.5	1	0.5	1	1	1
SRR27013292_2	1	1	1	1	0.25	0.5	1	0.5	1	1	1
SRR27013293_1	1	1	1	1	0.25	0.5	1	0.5	0.5	1	1
SRR27013293_2	1	1	1	1	0.25	0.5	1	0.5	0.5	1	1
SRR27013294_1	1	1	1	1	0.25	0.5	1	0.5	0.5	1	1
SRR27013294_2	1	1	1	1	0.25	1	1	0.5	1	1	1
SRR27013295_1	1	1	1	1	0.25	0.5	1	0.5	1	1	1
SRR27013295_2	1	1	1	1	0.25	0.5	1	0.5	1	1	1
SRR27013296_1	1	1	1	1	0.25	0.5	1	0.5	1	1	1
SRR27013296_2	1	1	1	1	0.25	0.5	1	0.5	1	1	1
SRR27013297_1	1	1	1	1	0.25	0.5	1	0.5	1	1	1
SRR27013297_2	1	1	1	1	0.25	0.5	1	0.5	1	1	1
SRR27013298_1	1	1	1	1	0.25	1	1	0.5	1	1	1
SRR27013298_2	1	1	1	1	0.25	1	1	0.5	1	1	1
SRR27013299_1	1	1	1	1	0.25	1	1	0.5	1	1	1
SRR27013299_2	1	1	1	1	0.25	1	1	0.5	1	1	1
SRR27013300_1	1	1	1	1	0.25	0.5	1	0.5	1	1	1
SRR27013300_2	1	1	1	1	0.25	0.5	1	0.5	1	1	1
SRR27013301_1	1	1	1	1	0.25	0.5	1	0.5	1	1	1
SRR27013301_2	1	1	1	1	0.25	1	1	0.5	1	1	1
SRR27013302_1	1	1	1	1	0.25	1	1	0.5	1	1	1
SRR27013302_2	1	1	1	1	0.25	1	1	0.5	1	1	1
SRR27013303_1	1	1	1	1	0.25	0.5	1	0.5	1	1	1
SRR27013303_2	1	1	1	1	0.25	1	1	0.5	1	1	1
SRR27013304_1	1	1	1	1	0.25	1	1	0.5	0.5	1	1
SRR27013304_2	1	1	1	1	0.25	1	1	0.5	1	1	1
SRR27013305_1	1	1	1	1	0.25	0.5	1	0.5	1	1	1
SRR27013305_2	1	1	1	1	0.25	0.5	1	0.5	1	1	1
SRR27013306_1	1	1	1	1	0.25	1	1	0.5	1	1	1
SRR27013306_2	1	1	1	1	0.25	1	1	0.5	1	1	1
SRR27013307_1	1	1	1	1	0.25	0.5	1	0.5	1	1	1
SRR27013307_2	1	1	1	1	0.25	0.5	1	0.5	1	1	1
SRR27013308_1	1	1	1	1	0.25	0.5	1	0.5	1	1	1
SRR27013308_2	1	1	1	1	0.25	0.5	1	0.5	1	1	1
SRR27013309_1	1	1	1	1	0.25	0.5	1	0.5	1	1	1
SRR27013309_2	1	1	1	1	0.25	0.5	1	0.5	1	1	1
SRR27013310_1	1	0.25	0.25	1	0.25	1	1	0.5	1	1	1
SRR27013310_2	1	0.25	0.5	1	0.25	0.5	1	0.5	1	1	1
SRR27013311_1	1	1	1	1	0.25	0.5	1	0.5	1	1	1
SRR27013311_2	1	1	1	1	0.25	1	1	0.5	1	1	1
SRR27013312_1	1	0.5	0.5	1	0.25	0.5	1	0.5	1	1	1
SRR27013312_2	1	0.25	1	1	0.25	0.5	1	0.5	1	1	1
SRR27013313_1	1	0.5	0.5	1	0.25	0.5	1	0.5	1	1	1
SRR27013313_2	1	0.25	1	1	0.25	0.5	1	0.5	1	1	1
SRR27013314_1	1	1	1	1	0.25	0.5	1	0.5	1	1	1
SRR27013314_2	1	1	1	1	0.25	0.5	1	0.5	1	1	1
SRR27013315_1	1	1	1	1	0.25	0.5	1	0.5	1	1	1
SRR27013315_2	1	1	1	1	0.25	0.5	1	0.5	1	1	1
SRR27013316_1	1	1	1	1	0.25	1	1	0.5	1	1	1
SRR27013316_2	1	1	1	1	0.25	1	1	0.5	1	1	1
SRR27013317_1	1	1	1	1	0.25	0.5	1	0.5	1	1	1
SRR27013317_2	1	1	1	1	0.25	0.5	1	0.5	1	1	1
SRR27013318_1	1	1	1	1	0.25	0.5	1	0.5	1	1	1
SRR27013318_2	1	1	1	1	0.25	0.5	1	0.5	1	1	1
SRR27013319_1	1	1	1	1	0.25	0.5	1	0.5	1	1	1
SRR27013319_2	1	1	1	1	0.25	0.5	1	0.5	1	1	1
SRR27013320_1	1	1	1	1	0.25	0.5	1	0.5	1	1	1
SRR27013320_2	1	1	1	1	0.25	0.5	1	0.5	1	1	1
SRR27013321_1	1	0.5	0.5	1	0.25	1	1	0.5	1	1	1
SRR27013321_2	1	0.25	1	1	0.25	1	1	0.5	1	1	1
SRR27013322_1	1	1	1	1	0.25	0.5	1	0.5	1	1	1
SRR27013322_2	1	1	1	1	0.25	0.5	1	0.5	1	1	1
SRR27013323_1	1	1	1	1	0.25	0.5	1	0.5	1	1	1
SRR27013323_2	1	1	1	1	0.25	0.5	1	0.5	1	1	1
SRR27013324_1	1	1	1	1	0.25	1	1	0.5	1	1	1
SRR27013324_2	1	1	1	1	0.25	0.5	1	0.5	1	1	1
SRR27013325_1	1	1	1	1	0.25	1	1	0.5	1	1	1
SRR27013325_2	1	1	1	1	0.25	1	1	0.5	1	1	1
SRR27013326_1	1	1	1	1	0.25	1	1	0.5	1	1	1
SRR27013326_2	1	1	1	1	0.25	1	1	0.5	1	1	1
SRR27013327_1	1	1	1	1	0.25	0.5	1	0.5	1	1	1
SRR27013327_2	1	1	1	1	0.25	0.5	1	0.5	1	1	1
SRR27013328_1	1	1	1	1	0.25	0.5	1	0.5	1	1	1
SRR27013328_2	1	1	1	1	0.25	0.5	1	0.5	1	1	1
SRR27013329_1	1	0.5	0.5	1	0.25	1	1	0.5	1	1	1
SRR27013329_2	1	0.25	0.5	1	0.25	1	1	0.5	1	1	1
SRR27013330_1	1	0.5	0.5	1	0.25	0.5	1	0.5	0.5	1	1
SRR27013330_2	1	0.25	0.5	1	0.25	0.5	1	0.5	1	1	1
SRR27013331_1	1	1	1	1	0.25	0.5	1	0.5	1	1	1
SRR27013331_2	1	1	1	1	0.25	0.5	1	0.5	1	1	1
SRR27013332_1	1	1	1	1	0.25	0.5	1	0.5	1	1	1
SRR27013332_2	1	1	1	1	0.25	0.5	1	0.5	1	1	1
SRR27013333_1	1	1	1	1	0.25	0.5	1	0.5	0.5	1	1
SRR27013333_2	1	1	1	1	0.25	0.5	1	0.5	1	1	1
SRR27013334_1	1	1	1	1	0.25	0.5	1	0.5	0.5	1	1
SRR27013334_2	1	1	1	1	0.25	0.5	1	0.5	1	1	1
SRR27013335_1	1	1	1	1	0.25	0.5	1	0.5	1	1	1
SRR27013335_2	1	1	1	1	0.25	0.5	1	0.5	1	1	1
SRR27013336_1	1	0.5	0.5	1	0.25	0.5	1	0.5	1	1	1
SRR27013336_2	1	0.25	0.5	1	0.25	0.5	1	0.5	1	1	1
SRR27013337_1	1	1	1	1	0.25	0.25	1	0.5	0.5	1	1
SRR27013337_2	1	1	1	1	0.25	0.25	1	0.5	1	1	1
SRR27013338_1	1	1	0.25	1	0.25	1	1	0.5	0.5	1	1
SRR27013338_2	1	0.25	0.5	1	0.25	0.5	1	0.5	1	1	1
SRR27013339_1	1	1	1	1	0.25	0.5	1	0.5	1	1	1
SRR27013339_2	1	1	1	1	0.25	0.5	1	0.5	1	1	1
SRR27013340_1	1	1	1	1	0.25	0.5	1	0.5	1	1	1
SRR27013340_2	1	1	1	1	0.25	0.5	1	0.5	1	1	1
SRR27013341_1	1	1	1	1	0.25	0.5	1	0.5	0.5	1	1
SRR27013341_2	1	1	1	1	0.25	0.5	1	0.5	0.5	1	1
SRR27013342_1	1	1	1	1	0.25	0.5	1	0.5	0.5	1	1
SRR27013342_2	1	1	1	1	0.25	0.5	1	0.5	1	1	1
SRR27013343_1	1	1	1	1	0.25	0.5	1	0.5	0.5	1	1
SRR27013343_2	1	1	1	1	0.25	0.5	1	0.5	0.5	1	1
