Sample	0	1	2	3	4	5	6	7	8	9	10	11	12	13	14	15
SRR27013147_1	(1.0, 50.38789639878327)	(2.0, 20.56664266553668)	(3.0, 10.36101687349399)	(4.0, 5.813982134245476)	(5.0, 3.555852092610914)	(6.0, 2.1280172611320767)	(7.0, 1.416328609657932)	(8.0, 0.9568145855308543)	(9.0, 0.7095048215033116)	('>10', 3.573808003990684)	('>50', 0.47184265360634536)	('>100', 0.0582938999083936)	('>500', 0.0)	('>1k', 0.0)	('>5k', 0.0)	('>10k+', 0.0)
SRR27013147_2	(1.0, 54.72606027295054)	(2.0, 19.402545117881466)	(3.0, 9.573361519348532)	(4.0, 5.311199906317093)	(5.0, 3.0999257220494987)	(6.0, 1.8604986375817822)	(7.0, 1.2500514037564154)	(8.0, 0.8439991303534653)	(9.0, 0.5422492534656324)	('>10', 2.974995839267137)	('>50', 0.37869418662857396)	('>100', 0.03641901039984049)	('>500', 0.0)	('>1k', 0.0)	('>5k', 0.0)	('>10k+', 0.0)
SRR27013147_Genome_Sequencing_of_Listeria_monocytogenes_SA_outbreak_2017_1	(1.0, 50.38789639878327)	(2.0, 20.56664266553668)	(3.0, 10.36101687349399)	(4.0, 5.813982134245476)	(5.0, 3.555852092610914)	(6.0, 2.1280172611320767)	(7.0, 1.416328609657932)	(8.0, 0.9568145855308543)	(9.0, 0.7095048215033116)	('>10', 3.573808003990684)	('>50', 0.47184265360634536)	('>100', 0.0582938999083936)	('>500', 0.0)	('>1k', 0.0)	('>5k', 0.0)	('>10k+', 0.0)
SRR27013147_Genome_Sequencing_of_Listeria_monocytogenes_SA_outbreak_2017_2	(1.0, 54.72606027295054)	(2.0, 19.402545117881466)	(3.0, 9.573361519348532)	(4.0, 5.311199906317093)	(5.0, 3.0999257220494987)	(6.0, 1.8604986375817822)	(7.0, 1.2500514037564154)	(8.0, 0.8439991303534653)	(9.0, 0.5422492534656324)	('>10', 2.974995839267137)	('>50', 0.37869418662857396)	('>100', 0.03641901039984049)	('>500', 0.0)	('>1k', 0.0)	('>5k', 0.0)	('>10k+', 0.0)
SRR27013245_1	(1.0, 71.35172172230394)	(2.0, 15.690731664999358)	(3.0, 5.470333996679338)	(4.0, 2.445443739233841)	(5.0, 1.2652993009655473)	(6.0, 0.6858306865355792)	(7.0, 0.49382646481325965)	(8.0, 0.3056411573177175)	(9.0, 0.24068741860060974)	('>10', 1.9033458272877155)	('>50', 0.14713802126308248)	('>100', 0.0)	('>500', 0.0)	('>1k', 0.0)	('>5k', 0.0)	('>10k+', 0.0)
SRR27013245_2	(1.0, 74.56869241664322)	(2.0, 14.027508869626914)	(3.0, 4.919955860625639)	(4.0, 2.161072183723478)	(5.0, 1.0919515432524414)	(6.0, 0.5927449005949914)	(7.0, 0.39235304566742574)	(8.0, 0.2603512345547787)	(9.0, 0.2006651979205306)	('>10', 1.6544741792349538)	('>50', 0.13023056815565964)	('>100', 0.0)	('>500', 0.0)	('>1k', 0.0)	('>5k', 0.0)	('>10k+', 0.0)
SRR27013245_Genome_Sequencing_of_Listeria_monocytogenes_SA_outbreak_2017_1	(1.0, 71.35172172230394)	(2.0, 15.690731664999358)	(3.0, 5.470333996679338)	(4.0, 2.445443739233841)	(5.0, 1.2652993009655473)	(6.0, 0.6858306865355792)	(7.0, 0.49382646481325965)	(8.0, 0.3056411573177175)	(9.0, 0.24068741860060974)	('>10', 1.9033458272877155)	('>50', 0.14713802126308248)	('>100', 0.0)	('>500', 0.0)	('>1k', 0.0)	('>5k', 0.0)	('>10k+', 0.0)
SRR27013245_Genome_Sequencing_of_Listeria_monocytogenes_SA_outbreak_2017_2	(1.0, 74.56869241664322)	(2.0, 14.027508869626914)	(3.0, 4.919955860625639)	(4.0, 2.161072183723478)	(5.0, 1.0919515432524414)	(6.0, 0.5927449005949914)	(7.0, 0.39235304566742574)	(8.0, 0.2603512345547787)	(9.0, 0.2006651979205306)	('>10', 1.6544741792349538)	('>50', 0.13023056815565964)	('>100', 0.0)	('>500', 0.0)	('>1k', 0.0)	('>5k', 0.0)	('>10k+', 0.0)
SRR27013246_1	(1.0, 60.86411640895372)	(2.0, 19.26327211374649)	(3.0, 7.936639935547913)	(4.0, 3.8030736195210824)	(5.0, 2.000646936672935)	(6.0, 1.1590822821052909)	(7.0, 0.7168147354429774)	(8.0, 0.5235917230015397)	(9.0, 0.39070940655747805)	('>10', 2.9593002428535327)	('>50', 0.35329446058559744)	('>100', 0.029458135011450046)	('>500', 0.0)	('>1k', 0.0)	('>5k', 0.0)	('>10k+', 0.0)
SRR27013246_2	(1.0, 65.84518225304994)	(2.0, 17.5256935202306)	(3.0, 6.807924180731691)	(4.0, 3.153407768553968)	(5.0, 1.6788237109554356)	(6.0, 0.9980999890695289)	(7.0, 0.6103143517653975)	(8.0, 0.38592847528179774)	(9.0, 0.2865607877872396)	('>10', 2.4347391446787237)	('>50', 0.25095540125242993)	('>100', 0.022370416643247397)	('>500', 0.0)	('>1k', 0.0)	('>5k', 0.0)	('>10k+', 0.0)
SRR27013246_Genome_Sequencing_of_Listeria_monocytogenes_SA_outbreak_2017_1	(1.0, 60.86411640895372)	(2.0, 19.26327211374649)	(3.0, 7.936639935547913)	(4.0, 3.8030736195210824)	(5.0, 2.000646936672935)	(6.0, 1.1590822821052909)	(7.0, 0.7168147354429774)	(8.0, 0.5235917230015397)	(9.0, 0.39070940655747805)	('>10', 2.9593002428535327)	('>50', 0.35329446058559744)	('>100', 0.029458135011450046)	('>500', 0.0)	('>1k', 0.0)	('>5k', 0.0)	('>10k+', 0.0)
SRR27013246_Genome_Sequencing_of_Listeria_monocytogenes_SA_outbreak_2017_2	(1.0, 65.84518225304994)	(2.0, 17.5256935202306)	(3.0, 6.807924180731691)	(4.0, 3.153407768553968)	(5.0, 1.6788237109554356)	(6.0, 0.9980999890695289)	(7.0, 0.6103143517653975)	(8.0, 0.38592847528179774)	(9.0, 0.2865607877872396)	('>10', 2.4347391446787237)	('>50', 0.25095540125242993)	('>100', 0.022370416643247397)	('>500', 0.0)	('>1k', 0.0)	('>5k', 0.0)	('>10k+', 0.0)
SRR27013247_1	(1.0, 65.13376456209198)	(2.0, 19.377683692752562)	(3.0, 7.02350498267059)	(4.0, 3.18067420811394)	(5.0, 1.4831997143893643)	(6.0, 0.7404077136316326)	(7.0, 0.5023239744739887)	(8.0, 0.3485019914325018)	(9.0, 0.24411708551387734)	('>10', 1.8587503682435373)	('>50', 0.08173777608621)	('>100', 0.025333930599819473)	('>500', 0.0)	('>1k', 0.0)	('>5k', 0.0)	('>10k+', 0.0)
SRR27013247_2	(1.0, 70.30597751059496)	(2.0, 16.957234081297294)	(3.0, 5.9509841161262225)	(4.0, 2.573738985473259)	(5.0, 1.2179995546566054)	(6.0, 0.6380765448428191)	(7.0, 0.36328784507701606)	(8.0, 0.25709583397137525)	(9.0, 0.20785997807467627)	('>10', 1.4678275967766472)	('>50', 0.05991795310911292)	('>100', 0.0)	('>500', 0.0)	('>1k', 0.0)	('>5k', 0.0)	('>10k+', 0.0)
SRR27013247_Genome_Sequencing_of_Listeria_monocytogenes_SA_outbreak_2017_1	(1.0, 65.13376456209198)	(2.0, 19.377683692752562)	(3.0, 7.02350498267059)	(4.0, 3.18067420811394)	(5.0, 1.4831997143893643)	(6.0, 0.7404077136316326)	(7.0, 0.5023239744739887)	(8.0, 0.3485019914325018)	(9.0, 0.24411708551387734)	('>10', 1.8587503682435373)	('>50', 0.08173777608621)	('>100', 0.025333930599819473)	('>500', 0.0)	('>1k', 0.0)	('>5k', 0.0)	('>10k+', 0.0)
SRR27013247_Genome_Sequencing_of_Listeria_monocytogenes_SA_outbreak_2017_2	(1.0, 70.30597751059496)	(2.0, 16.957234081297294)	(3.0, 5.9509841161262225)	(4.0, 2.573738985473259)	(5.0, 1.2179995546566054)	(6.0, 0.6380765448428191)	(7.0, 0.36328784507701606)	(8.0, 0.25709583397137525)	(9.0, 0.20785997807467627)	('>10', 1.4678275967766472)	('>50', 0.05991795310911292)	('>100', 0.0)	('>500', 0.0)	('>1k', 0.0)	('>5k', 0.0)	('>10k+', 0.0)
SRR27013248_1	(1.0, 56.32896744052702)	(2.0, 20.625388910351003)	(3.0, 9.294433146050617)	(4.0, 4.532759292871101)	(5.0, 2.525913327798733)	(6.0, 1.4314280755645108)	(7.0, 0.929554908844518)	(8.0, 0.6554337135659886)	(9.0, 0.41845268669958213)	('>10', 2.9205689731041033)	('>50', 0.30188510640573546)	('>100', 0.035214418217098385)	('>500', 0.0)	('>1k', 0.0)	('>5k', 0.0)	('>10k+', 0.0)
SRR27013248_2	(1.0, 59.99890439947054)	(2.0, 19.268088848186547)	(3.0, 8.411361356685756)	(4.0, 4.096878583900917)	(5.0, 2.2553991265861786)	(6.0, 1.2440166791166578)	(7.0, 0.8260578577786464)	(8.0, 0.5517268724882228)	(9.0, 0.41989059021372593)	('>10', 2.6901871014252685)	('>50', 0.2201476235526105)	('>100', 0.01734096059491681)	('>500', 0.0)	('>1k', 0.0)	('>5k', 0.0)	('>10k+', 0.0)
SRR27013249_1	(1.0, 61.29644433772262)	(2.0, 20.714089339728446)	(3.0, 8.392543973558757)	(4.0, 3.8295768248680426)	(5.0, 1.9092174947133247)	(6.0, 1.1083280929704522)	(7.0, 0.5936841998061237)	(8.0, 0.43243071929159516)	(9.0, 0.2789986874601605)	('>10', 1.4021529752683992)	('>50', 0.04253335461211107)	('>100', 0.0)	('>500', 0.0)	('>1k', 0.0)	('>5k', 0.0)	('>10k+', 0.0)
SRR27013249_2	(1.0, 65.51462444895702)	(2.0, 18.958937475904712)	(3.0, 7.475703114566372)	(4.0, 3.4025892997548484)	(5.0, 1.5844627736828765)	(6.0, 0.9032569589138166)	(7.0, 0.5096428832583967)	(8.0, 0.31477679469644176)	(9.0, 0.22226031844087205)	('>10', 1.094129652715812)	('>50', 0.019616279108824058)	('>100', 0.0)	('>500', 0.0)	('>1k', 0.0)	('>5k', 0.0)	('>10k+', 0.0)
SRR27013249_Genome_Sequencing_of_Listeria_monocytogenes_SA_outbreak_2017_1	(1.0, 61.29644433772262)	(2.0, 20.714089339728446)	(3.0, 8.392543973558757)	(4.0, 3.8295768248680426)	(5.0, 1.9092174947133247)	(6.0, 1.1083280929704522)	(7.0, 0.5936841998061237)	(8.0, 0.43243071929159516)	(9.0, 0.2789986874601605)	('>10', 1.4021529752683992)	('>50', 0.04253335461211107)	('>100', 0.0)	('>500', 0.0)	('>1k', 0.0)	('>5k', 0.0)	('>10k+', 0.0)
SRR27013249_Genome_Sequencing_of_Listeria_monocytogenes_SA_outbreak_2017_2	(1.0, 65.51462444895702)	(2.0, 18.958937475904712)	(3.0, 7.475703114566372)	(4.0, 3.4025892997548484)	(5.0, 1.5844627736828765)	(6.0, 0.9032569589138166)	(7.0, 0.5096428832583967)	(8.0, 0.31477679469644176)	(9.0, 0.22226031844087205)	('>10', 1.094129652715812)	('>50', 0.019616279108824058)	('>100', 0.0)	('>500', 0.0)	('>1k', 0.0)	('>5k', 0.0)	('>10k+', 0.0)
SRR27013250_1	(1.0, 55.59103689115044)	(2.0, 21.243115570263807)	(3.0, 9.808981884078845)	(4.0, 5.003147704513674)	(5.0, 2.701029906876603)	(6.0, 1.5726858683761218)	(7.0, 0.9959805787483041)	(8.0, 0.6086454930592887)	(9.0, 0.4092427671808965)	('>10', 1.9610959481403227)	('>50', 0.10503738761175481)	('>100', 0.0)	('>500', 0.0)	('>1k', 0.0)	('>5k', 0.0)	('>10k+', 0.0)
SRR27013250_2	(1.0, 59.0771745247212)	(2.0, 20.104091090167646)	(3.0, 9.139293349641425)	(4.0, 4.361013998477508)	(5.0, 2.3445551919061036)	(6.0, 1.401677341596725)	(7.0, 0.8201186141501341)	(8.0, 0.6239623463727904)	(9.0, 0.38935121953979446)	('>10', 1.6728308343120932)	('>50', 0.06593148911457694)	('>100', 0.0)	('>500', 0.0)	('>1k', 0.0)	('>5k', 0.0)	('>10k+', 0.0)
SRR27013250_Genome_Sequencing_of_Listeria_monocytogenes_SA_outbreak_2017_1	(1.0, 55.59103689115044)	(2.0, 21.243115570263807)	(3.0, 9.808981884078845)	(4.0, 5.003147704513674)	(5.0, 2.701029906876603)	(6.0, 1.5726858683761218)	(7.0, 0.9959805787483041)	(8.0, 0.6086454930592887)	(9.0, 0.4092427671808965)	('>10', 1.9610959481403227)	('>50', 0.10503738761175481)	('>100', 0.0)	('>500', 0.0)	('>1k', 0.0)	('>5k', 0.0)	('>10k+', 0.0)
SRR27013250_Genome_Sequencing_of_Listeria_monocytogenes_SA_outbreak_2017_2	(1.0, 59.0771745247212)	(2.0, 20.104091090167646)	(3.0, 9.139293349641425)	(4.0, 4.361013998477508)	(5.0, 2.3445551919061036)	(6.0, 1.401677341596725)	(7.0, 0.8201186141501341)	(8.0, 0.6239623463727904)	(9.0, 0.38935121953979446)	('>10', 1.6728308343120932)	('>50', 0.06593148911457694)	('>100', 0.0)	('>500', 0.0)	('>1k', 0.0)	('>5k', 0.0)	('>10k+', 0.0)
SRR27013251_1	(1.0, 58.28475258328495)	(2.0, 15.482790044717621)	(3.0, 5.492095611920488)	(4.0, 2.3896315244098765)	(5.0, 1.2797687526534587)	(6.0, 0.7531464078432083)	(7.0, 0.5623851388172554)	(8.0, 0.4786883665713596)	(9.0, 0.3353986742106857)	('>10', 7.020239937699717)	('>50', 3.1757213498805927)	('>100', 4.618883683282095)	('>500', 0.12649792470868804)	('>1k', 0.0)	('>5k', 0.0)	('>10k+', 0.0)
SRR27013251_2	(1.0, 62.725488817583454)	(2.0, 13.774399847171109)	(3.0, 4.797336141738784)	(4.0, 2.064498475874178)	(5.0, 1.0877693092420413)	(6.0, 0.6746242664163535)	(7.0, 0.48177852527359)	(8.0, 0.3990839737520621)	(9.0, 0.2861037600330744)	('>10', 6.449324637453252)	('>50', 3.001181202016503)	('>100', 4.148999263932343)	('>500', 0.10941177951326748)	('>1k', 0.0)	('>5k', 0.0)	('>10k+', 0.0)
SRR27013251_Genome_Sequencing_of_Listeria_monocytogenes_SA_outbreak_2017_1	(1.0, 58.28475258328495)	(2.0, 15.482790044717621)	(3.0, 5.492095611920488)	(4.0, 2.3896315244098765)	(5.0, 1.2797687526534587)	(6.0, 0.7531464078432083)	(7.0, 0.5623851388172554)	(8.0, 0.4786883665713596)	(9.0, 0.3353986742106857)	('>10', 7.020239937699717)	('>50', 3.1757213498805927)	('>100', 4.618883683282095)	('>500', 0.12649792470868804)	('>1k', 0.0)	('>5k', 0.0)	('>10k+', 0.0)
SRR27013251_Genome_Sequencing_of_Listeria_monocytogenes_SA_outbreak_2017_2	(1.0, 62.725488817583454)	(2.0, 13.774399847171109)	(3.0, 4.797336141738784)	(4.0, 2.064498475874178)	(5.0, 1.0877693092420413)	(6.0, 0.6746242664163535)	(7.0, 0.48177852527359)	(8.0, 0.3990839737520621)	(9.0, 0.2861037600330744)	('>10', 6.449324637453252)	('>50', 3.001181202016503)	('>100', 4.148999263932343)	('>500', 0.10941177951326748)	('>1k', 0.0)	('>5k', 0.0)	('>10k+', 0.0)
SRR27013252_1	(1.0, 56.60037926317081)	(2.0, 19.986881663007278)	(3.0, 8.76612082091671)	(4.0, 4.415050885296827)	(5.0, 2.4418129590588955)	(6.0, 1.482191382673952)	(7.0, 0.9838765605419109)	(8.0, 0.629639021738769)	(9.0, 0.48212047977138694)	('>10', 3.6096295651257186)	('>50', 0.4920776858309632)	('>100', 0.11021971286676198)	('>500', 0.0)	('>1k', 0.0)	('>5k', 0.0)	('>10k+', 0.0)
SRR27013252_2	(1.0, 60.5427842469495)	(2.0, 18.63815968934344)	(3.0, 7.970771236239195)	(4.0, 3.943696239548436)	(5.0, 2.236261002526398)	(6.0, 1.1787983081126001)	(7.0, 0.8329606497434625)	(8.0, 0.5540826744063666)	(9.0, 0.40829825218740984)	('>10', 3.2149694056190885)	('>50', 0.41052974649561197)	('>100', 0.06868854882848123)	('>500', 0.0)	('>1k', 0.0)	('>5k', 0.0)	('>10k+', 0.0)
SRR27013252_Genome_Sequencing_of_Listeria_monocytogenes_SA_outbreak_2017_1	(1.0, 56.60037926317081)	(2.0, 19.986881663007278)	(3.0, 8.76612082091671)	(4.0, 4.415050885296827)	(5.0, 2.4418129590588955)	(6.0, 1.482191382673952)	(7.0, 0.9838765605419109)	(8.0, 0.629639021738769)	(9.0, 0.48212047977138694)	('>10', 3.6096295651257186)	('>50', 0.4920776858309632)	('>100', 0.11021971286676198)	('>500', 0.0)	('>1k', 0.0)	('>5k', 0.0)	('>10k+', 0.0)
SRR27013252_Genome_Sequencing_of_Listeria_monocytogenes_SA_outbreak_2017_2	(1.0, 60.5427842469495)	(2.0, 18.63815968934344)	(3.0, 7.970771236239195)	(4.0, 3.943696239548436)	(5.0, 2.236261002526398)	(6.0, 1.1787983081126001)	(7.0, 0.8329606497434625)	(8.0, 0.5540826744063666)	(9.0, 0.40829825218740984)	('>10', 3.2149694056190885)	('>50', 0.41052974649561197)	('>100', 0.06868854882848123)	('>500', 0.0)	('>1k', 0.0)	('>5k', 0.0)	('>10k+', 0.0)
SRR27013253_1	(1.0, 62.85674235646152)	(2.0, 20.360095444952087)	(3.0, 8.125592643632825)	(4.0, 3.6671055614941834)	(5.0, 1.7396464746392746)	(6.0, 0.9806579401871481)	(7.0, 0.5568793598189846)	(8.0, 0.32840449719801984)	(9.0, 0.2275058251701245)	('>10', 1.1209748487631188)	('>50', 0.03639504768270644)	('>100', 0.0)	('>500', 0.0)	('>1k', 0.0)	('>5k', 0.0)	('>10k+', 0.0)
SRR27013253_2	(1.0, 67.68721727687897)	(2.0, 18.315849576102313)	(3.0, 7.101540260041507)	(4.0, 2.9465209104258667)	(5.0, 1.4842368025992243)	(6.0, 0.7472053130258376)	(7.0, 0.4280419809840819)	(8.0, 0.2572076751713296)	(9.0, 0.16167878813071493)	('>10', 0.8576516131364189)	('>50', 0.012849803503714842)	('>100', 0.0)	('>500', 0.0)	('>1k', 0.0)	('>5k', 0.0)	('>10k+', 0.0)
SRR27013254_1	(1.0, 59.05723970643526)	(2.0, 21.08483760122407)	(3.0, 9.079289674073177)	(4.0, 4.315268574126925)	(5.0, 2.3162252147044406)	(6.0, 1.2120657282390175)	(7.0, 0.6891457146364773)	(8.0, 0.44059931285250375)	(9.0, 0.29117432643427477)	('>10', 1.4665960859197107)	('>50', 0.04755806135420562)	('>100', 0.0)	('>500', 0.0)	('>1k', 0.0)	('>5k', 0.0)	('>10k+', 0.0)
SRR27013254_2	(1.0, 62.856415376391354)	(2.0, 19.795471479841183)	(3.0, 8.203445460992551)	(4.0, 3.798318417816779)	(5.0, 1.948754586266176)	(6.0, 1.0420773195402329)	(7.0, 0.5515393285454729)	(8.0, 0.3462364565196384)	(9.0, 0.23418033968134774)	('>10', 1.1966118684357172)	('>50', 0.02694936596953138)	('>100', 0.0)	('>500', 0.0)	('>1k', 0.0)	('>5k', 0.0)	('>10k+', 0.0)
SRR27013254_Genome_Sequencing_of_Listeria_monocytogenes_SA_outbreak_2017_1	(1.0, 59.05723970643526)	(2.0, 21.08483760122407)	(3.0, 9.079289674073177)	(4.0, 4.315268574126925)	(5.0, 2.3162252147044406)	(6.0, 1.2120657282390175)	(7.0, 0.6891457146364773)	(8.0, 0.44059931285250375)	(9.0, 0.29117432643427477)	('>10', 1.4665960859197107)	('>50', 0.04755806135420562)	('>100', 0.0)	('>500', 0.0)	('>1k', 0.0)	('>5k', 0.0)	('>10k+', 0.0)
SRR27013254_Genome_Sequencing_of_Listeria_monocytogenes_SA_outbreak_2017_2	(1.0, 62.856415376391354)	(2.0, 19.795471479841183)	(3.0, 8.203445460992551)	(4.0, 3.798318417816779)	(5.0, 1.948754586266176)	(6.0, 1.0420773195402329)	(7.0, 0.5515393285454729)	(8.0, 0.3462364565196384)	(9.0, 0.23418033968134774)	('>10', 1.1966118684357172)	('>50', 0.02694936596953138)	('>100', 0.0)	('>500', 0.0)	('>1k', 0.0)	('>5k', 0.0)	('>10k+', 0.0)
SRR27013255_1	(1.0, 62.5272175171199)	(2.0, 19.368707652814237)	(3.0, 8.01262758178685)	(4.0, 3.6358296022081835)	(5.0, 1.9158401440879849)	(6.0, 1.0867120625732596)	(7.0, 0.6664708555047466)	(8.0, 0.4063104693805406)	(9.0, 0.3188109215977188)	('>10', 1.9407553290972817)	('>50', 0.12071786382929472)	('>100', 0.0)	('>500', 0.0)	('>1k', 0.0)	('>5k', 0.0)	('>10k+', 0.0)
SRR27013255_2	(1.0, 67.55095770283612)	(2.0, 17.553118969136815)	(3.0, 6.796293941194833)	(4.0, 3.057789515428942)	(5.0, 1.4824410940377686)	(6.0, 0.9120752571565924)	(7.0, 0.4881701983395631)	(8.0, 0.3466072934689597)	(9.0, 0.251522573708827)	('>10', 1.5181508321837278)	('>50', 0.042872622507881604)	('>100', 0.0)	('>500', 0.0)	('>1k', 0.0)	('>5k', 0.0)	('>10k+', 0.0)
SRR27013255_Genome_Sequencing_of_Listeria_monocytogenes_SA_outbreak_2017_1	(1.0, 62.5272175171199)	(2.0, 19.368707652814237)	(3.0, 8.01262758178685)	(4.0, 3.6358296022081835)	(5.0, 1.9158401440879849)	(6.0, 1.0867120625732596)	(7.0, 0.6664708555047466)	(8.0, 0.4063104693805406)	(9.0, 0.3188109215977188)	('>10', 1.9407553290972817)	('>50', 0.12071786382929472)	('>100', 0.0)	('>500', 0.0)	('>1k', 0.0)	('>5k', 0.0)	('>10k+', 0.0)
SRR27013255_Genome_Sequencing_of_Listeria_monocytogenes_SA_outbreak_2017_2	(1.0, 67.55095770283612)	(2.0, 17.553118969136815)	(3.0, 6.796293941194833)	(4.0, 3.057789515428942)	(5.0, 1.4824410940377686)	(6.0, 0.9120752571565924)	(7.0, 0.4881701983395631)	(8.0, 0.3466072934689597)	(9.0, 0.251522573708827)	('>10', 1.5181508321837278)	('>50', 0.042872622507881604)	('>100', 0.0)	('>500', 0.0)	('>1k', 0.0)	('>5k', 0.0)	('>10k+', 0.0)
SRR27013256_1	(1.0, 60.19367227926603)	(2.0, 21.03280074526241)	(3.0, 8.749901266046916)	(4.0, 4.218994725012322)	(5.0, 2.0921132685529953)	(6.0, 1.0579233525526988)	(7.0, 0.6586397061583564)	(8.0, 0.433102688709829)	(9.0, 0.25477256315901586)	('>10', 1.2994727859978243)	('>50', 0.008606619281573101)	('>100', 0.0)	('>500', 0.0)	('>1k', 0.0)	('>5k', 0.0)	('>10k+', 0.0)
SRR27013256_2	(1.0, 63.9504000757259)	(2.0, 19.57909445236413)	(3.0, 8.028061810742791)	(4.0, 3.53859577331253)	(5.0, 1.8930843397676276)	(6.0, 0.8730470087732249)	(7.0, 0.539093678046173)	(8.0, 0.3161445152905371)	(9.0, 0.22843345154000197)	('>10', 1.0452621662539485)	('>50', 0.008782728183073359)	('>100', 0.0)	('>500', 0.0)	('>1k', 0.0)	('>5k', 0.0)	('>10k+', 0.0)
SRR27013256_Genome_Sequencing_of_Listeria_monocytogenes_SA_outbreak_2017_1	(1.0, 89.14898725336127)	(2.0, 8.693469530295094)	(3.0, 1.4732844421162912)	(4.0, 0.3666841278156103)	(5.0, 0.11458878994237821)	(6.0, 0.0785751702462022)	(7.0, 0.045835515976951284)	(8.0, 0.04365287235900122)	(9.0, 0.0)	('>10', 0.03492229788720098)	('>50', 0.0)	('>100', 0.0)	('>500', 0.0)	('>1k', 0.0)	('>5k', 0.0)	('>10k+', 0.0)
SRR27013256_Genome_Sequencing_of_Listeria_monocytogenes_SA_outbreak_2017_2	(1.0, 90.24140038414528)	(2.0, 7.933909551248472)	(3.0, 1.1949973808276586)	(4.0, 0.3273965426925092)	(5.0, 0.1636982713462546)	(6.0, 0.03273965426925092)	(7.0, 0.030557010651300856)	(8.0, 0.05238344683080147)	(9.0, 0.0)	('>10', 0.022917757988475642)	('>50', 0.0)	('>100', 0.0)	('>500', 0.0)	('>1k', 0.0)	('>5k', 0.0)	('>10k+', 0.0)
SRR27013257_1	(1.0, 63.89300049399641)	(2.0, 20.38081025228848)	(3.0, 7.8055380555477685)	(4.0, 3.391052579562412)	(5.0, 1.6315736090849273)	(6.0, 0.8450987013989324)	(7.0, 0.5070602219325329)	(8.0, 0.3594195046650251)	(9.0, 0.2170042656779224)	('>10', 0.969442315845587)	('>50', 0.0)	('>100', 0.0)	('>500', 0.0)	('>1k', 0.0)	('>5k', 0.0)	('>10k+', 0.0)
SRR27013257_2	(1.0, 70.73410896434724)	(2.0, 17.320334908731137)	(3.0, 6.247548883648973)	(4.0, 2.571573534242687)	(5.0, 1.1817092553838962)	(6.0, 0.5811526343381652)	(7.0, 0.3499202231713737)	(8.0, 0.21829879659089163)	(9.0, 0.14961077961797076)	('>10', 0.6457420199276537)	('>50', 0.0)	('>100', 0.0)	('>500', 0.0)	('>1k', 0.0)	('>5k', 0.0)	('>10k+', 0.0)
SRR27013258_1	(1.0, 63.17957390765198)	(2.0, 20.102832505033717)	(3.0, 8.11090825056342)	(4.0, 3.6228011885846545)	(5.0, 1.7955260032272171)	(6.0, 0.9021568839842551)	(7.0, 0.5356575506639282)	(8.0, 0.372011917787677)	(9.0, 0.22442452786044087)	('>10', 1.1304803529747487)	('>50', 0.02362691166797908)	('>100', 0.0)	('>500', 0.0)	('>1k', 0.0)	('>5k', 0.0)	('>10k+', 0.0)
SRR27013258_2	(1.0, 68.64743417691689)	(2.0, 17.95188028447346)	(3.0, 6.791857286617729)	(4.0, 2.901804910396875)	(5.0, 1.3698406106893233)	(6.0, 0.7487806033105078)	(7.0, 0.3610479068251881)	(8.0, 0.22661352837775187)	(9.0, 0.16957928045200113)	('>10', 0.8311614119402619)	('>50', 0.0)	('>100', 0.0)	('>500', 0.0)	('>1k', 0.0)	('>5k', 0.0)	('>10k+', 0.0)
SRR27013259_1	(1.0, 64.47912152351883)	(2.0, 20.453601897537624)	(3.0, 7.69592710389386)	(4.0, 3.2349003660272233)	(5.0, 1.6209309332917092)	(6.0, 0.8240207950577753)	(7.0, 0.4919770995805299)	(8.0, 0.27978802675374226)	(9.0, 0.17879420076954378)	('>10', 0.7409380535691918)	('>50', 0.0)	('>100', 0.0)	('>500', 0.0)	('>1k', 0.0)	('>5k', 0.0)	('>10k+', 0.0)
SRR27013259_2	(1.0, 72.27785089404595)	(2.0, 16.960442894741572)	(3.0, 5.887803436608025)	(4.0, 2.385792516108997)	(5.0, 1.0047694149186137)	(6.0, 0.5269409844894519)	(7.0, 0.2815520243640754)	(8.0, 0.17171363132373696)	(9.0, 0.09703437707392291)	('>10', 0.40609982632566116)	('>50', 0.0)	('>100', 0.0)	('>500', 0.0)	('>1k', 0.0)	('>5k', 0.0)	('>10k+', 0.0)
SRR27013260_1	(1.0, 59.07633493264161)	(2.0, 20.874690806738585)	(3.0, 9.069517382329332)	(4.0, 4.291888429896145)	(5.0, 2.192968197791765)	(6.0, 1.2858624123090105)	(7.0, 0.7316762854345336)	(8.0, 0.5110096632425367)	(9.0, 0.3402134398521586)	('>10', 1.5784205428032394)	('>50', 0.04741790696113113)	('>100', 0.0)	('>500', 0.0)	('>1k', 0.0)	('>5k', 0.0)	('>10k+', 0.0)
SRR27013260_2	(1.0, 65.57456840233804)	(2.0, 18.69011197140936)	(3.0, 7.455194471326323)	(4.0, 3.4103032630532786)	(5.0, 1.6629876339438767)	(6.0, 0.9600307309686966)	(7.0, 0.5303997917109506)	(8.0, 0.33475173342961595)	(9.0, 0.19364079318352753)	('>10', 1.1701981268594692)	('>50', 0.017813081776861906)	('>100', 0.0)	('>500', 0.0)	('>1k', 0.0)	('>5k', 0.0)	('>10k+', 0.0)
SRR27013261_1	(1.0, 58.31211509815933)	(2.0, 19.81547487607624)	(3.0, 8.682005930481157)	(4.0, 4.478903099627937)	(5.0, 2.3193171750275745)	(6.0, 1.461378918003687)	(7.0, 0.9124868229954132)	(8.0, 0.5980080977088537)	(9.0, 0.39342178441605336)	('>10', 2.6850912326319665)	('>50', 0.3251622181884139)	('>100', 0.01663474668338411)	('>500', 0.0)	('>1k', 0.0)	('>5k', 0.0)	('>10k+', 0.0)
SRR27013261_2	(1.0, 63.08433203630022)	(2.0, 17.809676616061882)	(3.0, 7.798980541711348)	(4.0, 3.9128652994666995)	(5.0, 2.066383271678358)	(6.0, 1.2355029666835415)	(7.0, 0.6859310608702124)	(8.0, 0.5287500560010997)	(9.0, 0.359173215820669)	('>10', 2.2781665981221737)	('>50', 0.2402383372838204)	('>100', 0.0)	('>500', 0.0)	('>1k', 0.0)	('>5k', 0.0)	('>10k+', 0.0)
SRR27013262_1	(1.0, 58.84956688163605)	(2.0, 21.00979571953292)	(3.0, 9.239249823364702)	(4.0, 4.311532551395032)	(5.0, 2.278823545962257)	(6.0, 1.2808046362648158)	(7.0, 0.7737871549767694)	(8.0, 0.47610922213408646)	(9.0, 0.3347228127612862)	('>10', 1.4182570180981795)	('>50', 0.02735063387393298)	('>100', 0.0)	('>500', 0.0)	('>1k', 0.0)	('>5k', 0.0)	('>10k+', 0.0)
SRR27013262_2	(1.0, 65.11871503873881)	(2.0, 18.57942218616776)	(3.0, 7.822424354589487)	(4.0, 3.6551464418988227)	(5.0, 1.6882637461288665)	(6.0, 0.9397027751445541)	(7.0, 0.5728688729473597)	(8.0, 0.35533485291186706)	(9.0, 0.1936058698977775)	('>10', 1.0479729617185558)	('>50', 0.02654289985613911)	('>100', 0.0)	('>500', 0.0)	('>1k', 0.0)	('>5k', 0.0)	('>10k+', 0.0)
SRR27013263_1	(1.0, 57.48768293373507)	(2.0, 20.136879811670834)	(3.0, 9.148464936672411)	(4.0, 4.506616884910701)	(5.0, 2.514681645507409)	(6.0, 1.445698269321458)	(7.0, 0.9669891246750711)	(8.0, 0.605217819114896)	(9.0, 0.46541286681741373)	('>10', 2.4627057653541584)	('>50', 0.2596499422205358)	('>100', 0.0)	('>500', 0.0)	('>1k', 0.0)	('>5k', 0.0)	('>10k+', 0.0)
SRR27013263_2	(1.0, 62.01319796780399)	(2.0, 18.33685792830065)	(3.0, 8.114203227731291)	(4.0, 4.098050723580679)	(5.0, 2.1453768402305466)	(6.0, 1.334799620806317)	(7.0, 0.7988959573842196)	(8.0, 0.5312202800952114)	(9.0, 0.4002590329040163)	('>10', 2.0693234669745433)	('>50', 0.15781495418853242)	('>100', 0.0)	('>500', 0.0)	('>1k', 0.0)	('>5k', 0.0)	('>10k+', 0.0)
SRR27013264_1	(1.0, 56.90736079264161)	(2.0, 20.5015130137439)	(3.0, 9.289280219341858)	(4.0, 4.709921746308689)	(5.0, 2.4556027846712247)	(6.0, 1.5586696759304888)	(7.0, 0.8625934369948053)	(8.0, 0.6697086514274918)	(9.0, 0.4572374012455167)	('>10', 2.3660492135801325)	('>50', 0.20695102194388448)	('>100', 0.015112042170344507)	('>500', 0.0)	('>1k', 0.0)	('>5k', 0.0)	('>10k+', 0.0)
SRR27013264_2	(1.0, 64.39070387840427)	(2.0, 17.664982581290094)	(3.0, 7.65378493454876)	(4.0, 3.7721045329193195)	(5.0, 1.896378841885492)	(6.0, 1.137573525303558)	(7.0, 0.6999668993709782)	(8.0, 0.5224959187275454)	(9.0, 0.3406523961915341)	('>10', 1.8583253040240908)	('>50', 0.06303118733436505)	('>100', 0.0)	('>500', 0.0)	('>1k', 0.0)	('>5k', 0.0)	('>10k+', 0.0)
SRR27013265_1	(1.0, 47.81420958425797)	(2.0, 20.516165326720724)	(3.0, 10.868831140289469)	(4.0, 6.383480152078043)	(5.0, 3.904878822879257)	(6.0, 2.3887631562686833)	(7.0, 1.6788611504213204)	(8.0, 1.1372749294835693)	(9.0, 0.8501784076101957)	('>10', 3.8686180532957484)	('>50', 0.511828672072145)	('>100', 0.07691060462291184)	('>500', 0.0)	('>1k', 0.0)	('>5k', 0.0)	('>10k+', 0.0)
SRR27013265_2	(1.0, 52.56396939495226)	(2.0, 19.58179883902278)	(3.0, 10.015720289260392)	(4.0, 5.609453044272611)	(5.0, 3.3764169917145614)	(6.0, 2.152386645845916)	(7.0, 1.3689278080940959)	(8.0, 0.9966861764598193)	(9.0, 0.6930280311502303)	('>10', 3.23160594548214)	('>50', 0.3617715064708023)	('>100', 0.04823532727438556)	('>500', 0.0)	('>1k', 0.0)	('>5k', 0.0)	('>10k+', 0.0)
SRR27013266_1	(1.0, 50.86421680940722)	(2.0, 20.705087052519037)	(3.0, 10.340699402206829)	(4.0, 5.677737269060573)	(5.0, 3.3840361268567545)	(6.0, 2.135200996820665)	(7.0, 1.3509924185927142)	(8.0, 0.9027286657559056)	(9.0, 0.6230792132497422)	('>10', 3.478447376450821)	('>50', 0.48326820627002065)	('>100', 0.05450646280975402)	('>500', 0.0)	('>1k', 0.0)	('>5k', 0.0)	('>10k+', 0.0)
SRR27013266_2	(1.0, 57.20447992734026)	(2.0, 18.758060164813394)	(3.0, 9.283345188014664)	(4.0, 4.852220224462606)	(5.0, 2.8143561828209593)	(6.0, 1.7812937010842067)	(7.0, 1.0369161869918844)	(8.0, 0.7231080460983454)	(9.0, 0.52146294891519)	('>10', 2.6210822855943468)	('>50', 0.36500506603365956)	('>100', 0.03867007783048318)	('>500', 0.0)	('>1k', 0.0)	('>5k', 0.0)	('>10k+', 0.0)
SRR27013267_1	(1.0, 52.610394855498434)	(2.0, 20.168873050315522)	(3.0, 9.934048989982292)	(4.0, 5.45885842716121)	(5.0, 3.271638116632351)	(6.0, 2.107230685756797)	(7.0, 1.2608898115884388)	(8.0, 0.8855415860056957)	(9.0, 0.651799191798149)	('>10', 3.3054309650327496)	('>50', 0.317070262748839)	('>100', 0.028224057479536806)	('>500', 0.0)	('>1k', 0.0)	('>5k', 0.0)	('>10k+', 0.0)
SRR27013267_2	(1.0, 55.484881841576964)	(2.0, 19.274242535432887)	(3.0, 9.341483579824741)	(4.0, 5.052100922690223)	(5.0, 3.129015812887205)	(6.0, 1.8513215675615888)	(7.0, 1.2040444711869847)	(8.0, 0.8370147876033133)	(9.0, 0.6018917582255676)	('>10', 2.9308344326382634)	('>50', 0.29316829037225256)	('>100', 0.0)	('>500', 0.0)	('>1k', 0.0)	('>5k', 0.0)	('>10k+', 0.0)
SRR27013268_1	(1.0, 46.423858340379894)	(2.0, 21.08195199150967)	(3.0, 11.312059682049295)	(4.0, 6.764713026765276)	(5.0, 4.122079169742748)	(6.0, 2.770876917345249)	(7.0, 1.7509439224364907)	(8.0, 1.1722597014045446)	(9.0, 0.7642712050159579)	('>10', 3.456036489578149)	('>50', 0.32756291298873996)	('>100', 0.053386640784063105)	('>500', 0.0)	('>1k', 0.0)	('>5k', 0.0)	('>10k+', 0.0)
SRR27013268_2	(1.0, 49.985568180290045)	(2.0, 20.269753792365275)	(3.0, 10.80697593254811)	(4.0, 6.236768507994041)	(5.0, 3.676114708996888)	(6.0, 2.381812808493047)	(7.0, 1.566437768913887)	(8.0, 1.0951504854624043)	(9.0, 0.7139754055340173)	('>10', 2.9970255024565047)	('>50', 0.24489983749022762)	('>100', 0.02551706945554722)	('>500', 0.0)	('>1k', 0.0)	('>5k', 0.0)	('>10k+', 0.0)
SRR27013269_1	(1.0, 55.18070134785227)	(2.0, 20.689403976610205)	(3.0, 9.566820578058294)	(4.0, 5.0595848056598625)	(5.0, 2.764792260141501)	(6.0, 1.745727480704444)	(7.0, 1.0574356789513784)	(8.0, 0.6920240251219424)	(9.0, 0.4745921633042392)	('>10', 2.5379736763183813)	('>50', 0.1895370424099277)	('>100', 0.04140696486756701)	('>500', 0.0)	('>1k', 0.0)	('>5k', 0.0)	('>10k+', 0.0)
SRR27013269_2	(1.0, 59.167532975146656)	(2.0, 19.438175709574164)	(3.0, 8.88934977886706)	(4.0, 4.350565098230154)	(5.0, 2.4636267691178637)	(6.0, 1.4771910359390361)	(7.0, 0.8764134612657503)	(8.0, 0.5819205538772387)	(9.0, 0.38934607717847136)	('>10', 2.18492093558386)	('>50', 0.16730547819872377)	('>100', 0.01365212702101586)	('>500', 0.0)	('>1k', 0.0)	('>5k', 0.0)	('>10k+', 0.0)
SRR27013270_1	(1.0, 68.74615931786907)	(2.0, 18.99861888725999)	(3.0, 6.633670846014339)	(4.0, 2.624344644080749)	(5.0, 1.1957878177575136)	(6.0, 0.5509616879055087)	(7.0, 0.34894274684354903)	(8.0, 0.1657932271392775)	(9.0, 0.15146489154446507)	('>10', 0.58425593358551)	('>50', 0.0)	('>100', 0.0)	('>500', 0.0)	('>1k', 0.0)	('>5k', 0.0)	('>10k+', 0.0)
SRR27013270_2	(1.0, 73.57215374495665)	(2.0, 16.720485769278543)	(3.0, 5.477400550259082)	(4.0, 1.9880185173802523)	(5.0, 0.8780754076220226)	(6.0, 0.49307165755459864)	(7.0, 0.24608856132015858)	(8.0, 0.12595297619546414)	(9.0, 0.11460491690027587)	('>10', 0.38414789853294035)	('>50', 0.0)	('>100', 0.0)	('>500', 0.0)	('>1k', 0.0)	('>5k', 0.0)	('>10k+', 0.0)
SRR27013271_1	(1.0, 55.15878374186847)	(2.0, 20.706094154237515)	(3.0, 9.684544553959913)	(4.0, 4.965134031457734)	(5.0, 2.868055693068113)	(6.0, 1.6867253263313873)	(7.0, 1.0333076558038181)	(8.0, 0.7164573860633922)	(9.0, 0.5071724936456908)	('>10', 2.5064925110713383)	('>50', 0.16723245249263824)	('>100', 0.0)	('>500', 0.0)	('>1k', 0.0)	('>5k', 0.0)	('>10k+', 0.0)
SRR27013271_2	(1.0, 60.70579634984284)	(2.0, 18.940966814188783)	(3.0, 8.55545906673118)	(4.0, 4.288028784259284)	(5.0, 2.3225939303995573)	(6.0, 1.4022094324756702)	(7.0, 0.8008555678556925)	(8.0, 0.543153950102457)	(9.0, 0.3906323037031643)	('>10', 1.935853698314935)	('>50', 0.11445010212641941)	('>100', 0.0)	('>500', 0.0)	('>1k', 0.0)	('>5k', 0.0)	('>10k+', 0.0)
SRR27013272_1	(1.0, 59.11465136443205)	(2.0, 19.925513146844384)	(3.0, 8.548184555752588)	(4.0, 4.236933322019617)	(5.0, 2.385094506741962)	(6.0, 1.3153283100816326)	(7.0, 0.8372938719430574)	(8.0, 0.5481898271337181)	(9.0, 0.4113126063546322)	('>10', 2.487095253231918)	('>50', 0.19040323546446086)	('>100', 0.0)	('>500', 0.0)	('>1k', 0.0)	('>5k', 0.0)	('>10k+', 0.0)
SRR27013272_2	(1.0, 63.04320497096002)	(2.0, 18.34529514884987)	(3.0, 7.959535175325007)	(4.0, 3.810587163702635)	(5.0, 1.9592716532035326)	(6.0, 1.1525615783253884)	(7.0, 0.6837798050636194)	(8.0, 0.5171923118539729)	(9.0, 0.3174015229315472)	('>10', 2.069613184818428)	('>50', 0.14155748496603043)	('>100', 0.0)	('>500', 0.0)	('>1k', 0.0)	('>5k', 0.0)	('>10k+', 0.0)
SRR27013273_1	(1.0, 48.70182016734768)	(2.0, 20.332803452967486)	(3.0, 10.503109922857425)	(4.0, 5.813005823096265)	(5.0, 3.5377204512840694)	(6.0, 2.2052298943303112)	(7.0, 1.420973747448711)	(8.0, 1.0075198276863322)	(9.0, 0.7638777367731134)	('>10', 4.715020332847043)	('>50', 0.8655627345699792)	('>100', 0.13335590879158962)	('>500', 0.0)	('>1k', 0.0)	('>5k', 0.0)	('>10k+', 0.0)
SRR27013273_2	(1.0, 54.49986846457651)	(2.0, 18.64903834439848)	(3.0, 9.43952664213549)	(4.0, 5.233618158489006)	(5.0, 3.065861582837539)	(6.0, 1.8467282644554286)	(7.0, 1.223322337489821)	(8.0, 0.8519358080477385)	(9.0, 0.5427982970898672)	('>10', 3.87927063000607)	('>50', 0.6454417115981725)	('>100', 0.12258975887588593)	('>500', 0.0)	('>1k', 0.0)	('>5k', 0.0)	('>10k+', 0.0)
SRR27013274_1	(1.0, 50.90071541711768)	(2.0, 20.682199272559668)	(3.0, 10.606790512928002)	(4.0, 5.610997571324307)	(5.0, 3.409321154184893)	(6.0, 2.0059457794206654)	(7.0, 1.3396563503958732)	(8.0, 0.9622716465463058)	(9.0, 0.7032694563205797)	('>10', 3.292000881036985)	('>50', 0.4381487623485501)	('>100', 0.04868319581650557)	('>500', 0.0)	('>1k', 0.0)	('>5k', 0.0)	('>10k+', 0.0)
SRR27013274_2	(1.0, 57.08261661364149)	(2.0, 18.761945591455333)	(3.0, 9.061133869396516)	(4.0, 5.1233630439799285)	(5.0, 2.8440872911865256)	(6.0, 1.7828878379597162)	(7.0, 1.0228576087516823)	(8.0, 0.7349185450834854)	(9.0, 0.520156219601552)	('>10', 2.7478253964538597)	('>50', 0.29201439548985797)	('>100', 0.02619358700005431)	('>500', 0.0)	('>1k', 0.0)	('>5k', 0.0)	('>10k+', 0.0)
SRR27013275_1	(1.0, 49.23629902629782)	(2.0, 20.371386737410514)	(3.0, 10.639664859584116)	(4.0, 5.748646784753188)	(5.0, 3.561293903098349)	(6.0, 2.337503760756212)	(7.0, 1.5133115771532868)	(8.0, 1.020100914038925)	(9.0, 0.7314028287154752)	('>10', 4.033924227229051)	('>50', 0.6580619953032066)	('>100', 0.14840338565985464)	('>500', 0.0)	('>1k', 0.0)	('>5k', 0.0)	('>10k+', 0.0)
SRR27013275_2	(1.0, 52.73443428815868)	(2.0, 19.395595540619322)	(3.0, 9.940428435884147)	(4.0, 5.3370175573241525)	(5.0, 3.2271589958480438)	(6.0, 2.1612636563743624)	(7.0, 1.306054783316007)	(8.0, 0.9177312213331669)	(9.0, 0.7103151618969586)	('>10', 3.5298038433515053)	('>50', 0.5820022442731748)	('>100', 0.15819427162052233)	('>500', 0.0)	('>1k', 0.0)	('>5k', 0.0)	('>10k+', 0.0)
SRR27013276_1	(1.0, 57.0007907033842)	(2.0, 18.92857791973947)	(3.0, 8.708158431358115)	(4.0, 4.354215251638043)	(5.0, 2.422944144475805)	(6.0, 1.3981431846380883)	(7.0, 0.9733799926409856)	(8.0, 0.660715169794224)	(9.0, 0.48925618544927846)	('>10', 4.235863331307494)	('>50', 0.7387157918837834)	('>100', 0.0892398936904931)	('>500', 0.0)	('>1k', 0.0)	('>5k', 0.0)	('>10k+', 0.0)
SRR27013276_2	(1.0, 61.596227283966066)	(2.0, 17.265215798614847)	(3.0, 7.643072338742593)	(4.0, 3.7644309850392603)	(5.0, 2.020159032351537)	(6.0, 1.2442815580830184)	(7.0, 0.8544849045279637)	(8.0, 0.5753413141845554)	(9.0, 0.46030944930235396)	('>10', 3.8917830283379766)	('>50', 0.5623376742916157)	('>100', 0.12235663255823531)	('>500', 0.0)	('>1k', 0.0)	('>5k', 0.0)	('>10k+', 0.0)
SRR27013277_1	(1.0, 62.713225676094034)	(2.0, 19.97521979749272)	(3.0, 8.03615963519293)	(4.0, 3.66761806070497)	(5.0, 1.888729367313183)	(6.0, 0.9934835695330975)	(7.0, 0.5840842511814203)	(8.0, 0.3314648293199483)	(9.0, 0.2709589950825418)	('>10', 1.4945753122055982)	('>50', 0.04448050587955209)	('>100', 0.0)	('>500', 0.0)	('>1k', 0.0)	('>5k', 0.0)	('>10k+', 0.0)
SRR27013277_2	(1.0, 68.9151863963891)	(2.0, 17.531622643748044)	(3.0, 6.613413906392987)	(4.0, 2.81443319465218)	(5.0, 1.3560266538097276)	(6.0, 0.7523549008568627)	(7.0, 0.4156078629167309)	(8.0, 0.3160472099809093)	(9.0, 0.20892118321861422)	('>10', 1.0648590275470287)	('>50', 0.011527020487814205)	('>100', 0.0)	('>500', 0.0)	('>1k', 0.0)	('>5k', 0.0)	('>10k+', 0.0)
SRR27013278_1	(1.0, 56.31925258725013)	(2.0, 20.322162217597413)	(3.0, 9.211639014682623)	(4.0, 4.605010061905654)	(5.0, 2.5683491468269133)	(6.0, 1.6357918967587264)	(7.0, 1.0044057607709085)	(8.0, 0.7279578576618525)	(9.0, 0.4878248427357299)	('>10', 2.752195123711223)	('>50', 0.33308488452582347)	('>100', 0.03232660557302776)	('>500', 0.0)	('>1k', 0.0)	('>5k', 0.0)	('>10k+', 0.0)
SRR27013278_2	(1.0, 62.91592211379285)	(2.0, 18.028273029379108)	(3.0, 7.768499273546817)	(4.0, 3.885460379739266)	(5.0, 2.096475793877794)	(6.0, 1.1976751422904492)	(7.0, 0.7521489212645541)	(8.0, 0.5683304548770349)	(9.0, 0.38751599469466547)	('>10', 2.2124296583484706)	('>50', 0.18726923818900137)	('>100', 0.0)	('>500', 0.0)	('>1k', 0.0)	('>5k', 0.0)	('>10k+', 0.0)
SRR27013279_1	(1.0, 58.42438746032105)	(2.0, 20.114806940973853)	(3.0, 8.741970539042912)	(4.0, 4.318964139372416)	(5.0, 2.343474525120038)	(6.0, 1.4693750392155658)	(7.0, 0.9258044140361481)	(8.0, 0.6058995634640044)	(9.0, 0.43528738108872106)	('>10', 2.4045506771543135)	('>50', 0.21547932021095687)	('>100', 0.0)	('>500', 0.0)	('>1k', 0.0)	('>5k', 0.0)	('>10k+', 0.0)
SRR27013279_2	(1.0, 66.53274905590393)	(2.0, 17.23357161608905)	(3.0, 7.123732761466524)	(4.0, 3.280372841202878)	(5.0, 1.708841343170451)	(6.0, 1.017032264900653)	(7.0, 0.6044543384903998)	(8.0, 0.386537462216337)	(9.0, 0.2820713271771973)	('>10', 1.7630289165703548)	('>50', 0.06760807281228555)	('>100', 0.0)	('>500', 0.0)	('>1k', 0.0)	('>5k', 0.0)	('>10k+', 0.0)
SRR27013280_1	(1.0, 53.62229925378475)	(2.0, 20.25790187352027)	(3.0, 9.840730376951095)	(4.0, 5.053946285486691)	(5.0, 2.950523569921801)	(6.0, 1.9091958144968724)	(7.0, 1.2663358387509327)	(8.0, 0.8025201785543903)	(9.0, 0.5701863259882709)	('>10', 3.1986263467991978)	('>50', 0.4797710919586089)	('>100', 0.04796304378712566)	('>500', 0.0)	('>1k', 0.0)	('>5k', 0.0)	('>10k+', 0.0)
SRR27013280_2	(1.0, 59.91204726208944)	(2.0, 18.3775556732488)	(3.0, 8.349861986240041)	(4.0, 4.353078657633299)	(5.0, 2.451130373696917)	(6.0, 1.490582919411879)	(7.0, 0.9868271780272944)	(8.0, 0.6575583238070027)	(9.0, 0.4306441939608331)	('>10', 2.6492176890550883)	('>50', 0.3242030395078555)	('>100', 0.017292703321537827)	('>500', 0.0)	('>1k', 0.0)	('>5k', 0.0)	('>10k+', 0.0)
SRR27013281_1	(1.0, 66.9684088789142)	(2.0, 19.089124633864916)	(3.0, 6.992974511679523)	(4.0, 2.959228833339953)	(5.0, 1.3746003218330245)	(6.0, 0.7950429620172617)	(7.0, 0.4019475858512754)	(8.0, 0.2659336567871745)	(9.0, 0.17823032379027012)	('>10', 0.9617504566448452)	('>50', 0.012757835277555057)	('>100', 0.0)	('>500', 0.0)	('>1k', 0.0)	('>5k', 0.0)	('>10k+', 0.0)
SRR27013281_2	(1.0, 71.1492649413236)	(2.0, 17.49007173992734)	(3.0, 5.969747010502853)	(4.0, 2.4619460600871212)	(5.0, 1.013652997561245)	(6.0, 0.5032035112772213)	(7.0, 0.3354113867321053)	(8.0, 0.20413991954476512)	(9.0, 0.11911795970666128)	('>10', 0.7534444733371242)	('>50', 0.0)	('>100', 0.0)	('>500', 0.0)	('>1k', 0.0)	('>5k', 0.0)	('>10k+', 0.0)
SRR27013282_1	(1.0, 56.05371127289851)	(2.0, 20.27199153836394)	(3.0, 9.186829969044256)	(4.0, 4.834682495327968)	(5.0, 2.653395804781293)	(6.0, 1.6552056559121713)	(7.0, 1.0451579478157695)	(8.0, 0.6731295813566329)	(9.0, 0.42787016992946886)	('>10', 2.90237700539241)	('>50', 0.2626832251055059)	('>100', 0.0329653340720307)	('>500', 0.0)	('>1k', 0.0)	('>5k', 0.0)	('>10k+', 0.0)
SRR27013282_2	(1.0, 62.57313288381338)	(2.0, 18.1806985436386)	(3.0, 7.9771294699868625)	(4.0, 3.8458116946171463)	(5.0, 2.106341183291223)	(6.0, 1.2356465292571444)	(7.0, 0.7894997258864049)	(8.0, 0.5303389727094541)	(9.0, 0.35855280400044465)	('>10', 2.178153041213375)	('>50', 0.22469515158596254)	('>100', 0.0)	('>500', 0.0)	('>1k', 0.0)	('>5k', 0.0)	('>10k+', 0.0)
SRR27013283_1	(1.0, 48.79381463128934)	(2.0, 20.389465322107387)	(3.0, 10.658755816043815)	(4.0, 6.3250295452726535)	(5.0, 3.6936785448076384)	(6.0, 2.209023482545457)	(7.0, 1.5550084078470061)	(8.0, 1.089514222175754)	(9.0, 0.7021180036742564)	('>10', 3.923538244122745)	('>50', 0.5700279342049202)	('>100', 0.09002584590899103)	('>500', 0.0)	('>1k', 0.0)	('>5k', 0.0)	('>10k+', 0.0)
SRR27013283_2	(1.0, 52.60263435432363)	(2.0, 19.432427086361912)	(3.0, 9.938429492754002)	(4.0, 5.632350671899867)	(5.0, 3.3484966995894463)	(6.0, 2.086872313337047)	(7.0, 1.3984516721796558)	(8.0, 0.8870767850781878)	(9.0, 0.6180642835464268)	('>10', 3.4530017177446712)	('>50', 0.4826778308915147)	('>100', 0.11951709229365343)	('>500', 0.0)	('>1k', 0.0)	('>5k', 0.0)	('>10k+', 0.0)
SRR27013284_1	(1.0, 48.23413772576356)	(2.0, 20.412687654009815)	(3.0, 10.952814863944251)	(4.0, 6.335954966976562)	(5.0, 3.700139717883802)	(6.0, 2.4606393960737503)	(7.0, 1.6282341799570488)	(8.0, 1.1529660527076988)	(9.0, 0.7259589296981048)	('>10', 3.865521182306998)	('>50', 0.47049405912665293)	('>100', 0.060451271551752034)	('>500', 0.0)	('>1k', 0.0)	('>5k', 0.0)	('>10k+', 0.0)
SRR27013284_2	(1.0, 53.292395207922716)	(2.0, 19.373651500453242)	(3.0, 10.012674154879235)	(4.0, 5.545557587213274)	(5.0, 3.2228322573304755)	(6.0, 2.0149886496536396)	(7.0, 1.4265056952176738)	(8.0, 0.9545658789060822)	(9.0, 0.6262439275874276)	('>10', 3.1053059285166826)	('>50', 0.3998906203691304)	('>100', 0.025388591950417632)	('>500', 0.0)	('>1k', 0.0)	('>5k', 0.0)	('>10k+', 0.0)
SRR27013285_1	(1.0, 50.78814920035023)	(2.0, 20.290174278215563)	(3.0, 10.463008906861306)	(4.0, 5.687951560205011)	(5.0, 3.4250549035717395)	(6.0, 2.0428489075780467)	(7.0, 1.46981440919646)	(8.0, 0.9749411047271376)	(9.0, 0.6860560790367524)	('>10', 3.578446255616727)	('>50', 0.502897774697682)	('>100', 0.09065661994337075)	('>500', 0.0)	('>1k', 0.0)	('>5k', 0.0)	('>10k+', 0.0)
SRR27013285_2	(1.0, 56.30869942175354)	(2.0, 18.857026534779582)	(3.0, 9.30121636761029)	(4.0, 4.984658259129819)	(5.0, 2.905057887541319)	(6.0, 1.7140642583188506)	(7.0, 1.2005102916143924)	(8.0, 0.7998040609653565)	(9.0, 0.5377414840350592)	('>10', 2.950199417366115)	('>50', 0.3999469612261605)	('>100', 0.04107505565949335)	('>500', 0.0)	('>1k', 0.0)	('>5k', 0.0)	('>10k+', 0.0)
SRR27013286_1	(1.0, 51.508125024553244)	(2.0, 20.33003127329867)	(3.0, 10.18066825608109)	(4.0, 5.712625491534615)	(5.0, 3.332644636446177)	(6.0, 2.0942316469227533)	(7.0, 1.3122044181243937)	(8.0, 0.9017995082487306)	(9.0, 0.6610196196293114)	('>10', 3.4330780544305233)	('>50', 0.476140564411553)	('>100', 0.05743150631891829)	('>500', 0.0)	('>1k', 0.0)	('>5k', 0.0)	('>10k+', 0.0)
SRR27013286_2	(1.0, 57.75106950259035)	(2.0, 18.686332871308377)	(3.0, 9.002962122586686)	(4.0, 4.612645825641263)	(5.0, 2.8719057992865564)	(6.0, 1.6176381222201917)	(7.0, 1.1259877215726835)	(8.0, 0.7249168643551831)	(9.0, 0.5278736963483934)	('>10', 2.722762126924928)	('>50', 0.3137026775661529)	('>100', 0.04220266959925884)	('>500', 0.0)	('>1k', 0.0)	('>5k', 0.0)	('>10k+', 0.0)
SRR27013287_1	(1.0, 60.176599976412305)	(2.0, 20.215792814468223)	(3.0, 8.69860053259006)	(4.0, 4.062442161565829)	(5.0, 2.154329923961089)	(6.0, 1.1548320176370377)	(7.0, 0.688456439925974)	(8.0, 0.5109760269957686)	(9.0, 0.3399796663318271)	('>10', 1.8958895546956522)	('>50', 0.10210088541625567)	('>100', 0.0)	('>500', 0.0)	('>1k', 0.0)	('>5k', 0.0)	('>10k+', 0.0)
SRR27013287_2	(1.0, 65.79670757787763)	(2.0, 18.290433320545038)	(3.0, 7.427988765440223)	(4.0, 3.257003383095597)	(5.0, 1.6700597873970406)	(6.0, 0.9711440512547196)	(7.0, 0.5343158441070495)	(8.0, 0.38838713490160526)	(9.0, 0.23010692710088385)	('>10', 1.3890461621679946)	('>50', 0.04480704611222265)	('>100', 0.0)	('>500', 0.0)	('>1k', 0.0)	('>5k', 0.0)	('>10k+', 0.0)
SRR27013288_1	(1.0, 62.110729700879496)	(2.0, 19.895124712261126)	(3.0, 8.229015150412344)	(4.0, 3.7209663865790796)	(5.0, 1.8459778284893233)	(6.0, 1.0486923591374533)	(7.0, 0.603053559185239)	(8.0, 0.4356773793549101)	(9.0, 0.26874273325852804)	('>10', 1.7638737560492304)	('>50', 0.0781464343932708)	('>100', 0.0)	('>500', 0.0)	('>1k', 0.0)	('>5k', 0.0)	('>10k+', 0.0)
SRR27013288_2	(1.0, 68.1555165658183)	(2.0, 17.561667639776466)	(3.0, 6.7469815728962175)	(4.0, 2.9439935307913454)	(5.0, 1.462096225647272)	(6.0, 0.7808683787027654)	(7.0, 0.48596653580752186)	(8.0, 0.3173216480490555)	(9.0, 0.25028590920665805)	('>10', 1.2378388684176895)	('>50', 0.057463124886716836)	('>100', 0.0)	('>500', 0.0)	('>1k', 0.0)	('>5k', 0.0)	('>10k+', 0.0)
SRR27013289_1	(1.0, 54.757055203641315)	(2.0, 20.29447519166144)	(3.0, 9.513142379274171)	(4.0, 4.896918136708769)	(5.0, 2.8297561915753784)	(6.0, 1.80775001040461)	(7.0, 1.091595753229751)	(8.0, 0.7585774117674142)	(9.0, 0.5362380716529946)	('>10', 3.077349803510323)	('>50', 0.38963282354441753)	('>100', 0.04750902302938726)	('>500', 0.0)	('>1k', 0.0)	('>5k', 0.0)	('>10k+', 0.0)
SRR27013289_2	(1.0, 62.169632921824146)	(2.0, 18.09984853836767)	(3.0, 7.912817876720022)	(4.0, 4.076906180680121)	(5.0, 2.1460466039800377)	(6.0, 1.2655146426959913)	(7.0, 0.861907188297015)	(8.0, 0.543106383663995)	(9.0, 0.4421307571402172)	('>10', 2.2757322581633868)	('>50', 0.2063566484673783)	('>100', 0.0)	('>500', 0.0)	('>1k', 0.0)	('>5k', 0.0)	('>10k+', 0.0)
SRR27013290_1	(1.0, 52.90788112948791)	(2.0, 20.49282750569065)	(3.0, 10.075198393355755)	(4.0, 5.480134589772004)	(5.0, 3.08524289834877)	(6.0, 1.818953016282792)	(7.0, 1.2333212344291586)	(8.0, 0.8026220264110095)	(9.0, 0.6410219545914002)	('>10', 3.0993893385188334)	('>50', 0.30992941439599625)	('>100', 0.05347849871569154)	('>500', 0.0)	('>1k', 0.0)	('>5k', 0.0)	('>10k+', 0.0)
SRR27013290_2	(1.0, 58.229406470071766)	(2.0, 18.998769185303214)	(3.0, 8.931053714200022)	(4.0, 4.6945774838969205)	(5.0, 2.6086815592404404)	(6.0, 1.624782873830728)	(7.0, 1.0319343956794518)	(8.0, 0.7177627360287164)	(9.0, 0.4383438954995927)	('>10', 2.4705141950391503)	('>50', 0.23792608160229525)	('>100', 0.016247409607606296)	('>500', 0.0)	('>1k', 0.0)	('>5k', 0.0)	('>10k+', 0.0)
SRR27013291_1	(1.0, 50.95785642244282)	(2.0, 20.568077862030805)	(3.0, 10.141338168717699)	(4.0, 5.954996945035516)	(5.0, 3.3245450171566917)	(6.0, 2.1701272009479466)	(7.0, 1.3995881727159187)	(8.0, 0.9494821625188825)	(9.0, 0.6798041592253451)	('>10', 3.36512875035588)	('>50', 0.4294842559951992)	('>100', 0.0595708828572668)	('>500', 0.0)	('>1k', 0.0)	('>5k', 0.0)	('>10k+', 0.0)
SRR27013291_2	(1.0, 55.45253268566174)	(2.0, 19.361543635092204)	(3.0, 9.49272433786764)	(4.0, 5.135072595084402)	(5.0, 2.991893656167522)	(6.0, 1.8082654794472872)	(7.0, 1.1871894685994746)	(8.0, 0.8190228523560104)	(9.0, 0.5574646990293397)	('>10', 2.8562286873432425)	('>50', 0.3014609088135819)	('>100', 0.036600994537577744)	('>500', 0.0)	('>1k', 0.0)	('>5k', 0.0)	('>10k+', 0.0)
SRR27013292_1	(1.0, 64.75307013784362)	(2.0, 18.823461109992323)	(3.0, 7.129568300497908)	(4.0, 3.306760065682962)	(5.0, 1.713363357737992)	(6.0, 0.9608367424600185)	(7.0, 0.6569563926910805)	(8.0, 0.4141253252095918)	(9.0, 0.35095960746767285)	('>10', 1.8491865010782322)	('>50', 0.04171245933861006)	('>100', 0.0)	('>500', 0.0)	('>1k', 0.0)	('>5k', 0.0)	('>10k+', 0.0)
SRR27013292_2	(1.0, 70.6112892943435)	(2.0, 16.504798442954367)	(3.0, 6.010783606836927)	(4.0, 2.50592621441549)	(5.0, 1.320145408151743)	(6.0, 0.7191071229501269)	(7.0, 0.5023630107172984)	(8.0, 0.3230255836492104)	(9.0, 0.22796219647128993)	('>10', 1.2243706851046925)	('>50', 0.05022843440534271)	('>100', 0.0)	('>500', 0.0)	('>1k', 0.0)	('>5k', 0.0)	('>10k+', 0.0)
SRR27013293_1	(1.0, 49.60229046893373)	(2.0, 20.627995982405398)	(3.0, 10.763886220584158)	(4.0, 5.986717514797142)	(5.0, 3.5913291839920083)	(6.0, 2.278002389489292)	(7.0, 1.4795168384030082)	(8.0, 1.0242861730998594)	(9.0, 0.6881860435591781)	('>10', 3.4618936184000813)	('>50', 0.4301567745853345)	('>100', 0.06573879175079238)	('>500', 0.0)	('>1k', 0.0)	('>5k', 0.0)	('>10k+', 0.0)
SRR27013293_2	(1.0, 53.6786999495691)	(2.0, 19.627230885959367)	(3.0, 9.86878255666902)	(4.0, 5.589899500201299)	(5.0, 3.196897486966563)	(6.0, 1.9710201495570858)	(7.0, 1.2457185545421217)	(8.0, 0.863581035792044)	(9.0, 0.6339956725925041)	('>10', 2.9215456306673078)	('>50', 0.3641103516330914)	('>100', 0.0385182258505319)	('>500', 0.0)	('>1k', 0.0)	('>5k', 0.0)	('>10k+', 0.0)
SRR27013294_1	(1.0, 50.34311014567776)	(2.0, 20.545270172391536)	(3.0, 10.672194976584553)	(4.0, 5.830116702523463)	(5.0, 3.532443038343098)	(6.0, 2.2445156127614414)	(7.0, 1.4866331213936532)	(8.0, 1.0107390772456137)	(9.0, 0.676412092925686)	('>10', 3.2540678027417878)	('>50', 0.35984123190822376)	('>100', 0.04465602550317713)	('>500', 0.0)	('>1k', 0.0)	('>5k', 0.0)	('>10k+', 0.0)
SRR27013294_2	(1.0, 58.20565257341473)	(2.0, 18.700581938140765)	(3.0, 8.97667707637383)	(4.0, 4.811856089929427)	(5.0, 2.7690598954804546)	(6.0, 1.6471356432874027)	(7.0, 1.037158968566024)	(8.0, 0.7388163519182104)	(9.0, 0.46305906596324603)	('>10', 2.40748446397266)	('>50', 0.21946451135339992)	('>100', 0.023053421599824982)	('>500', 0.0)	('>1k', 0.0)	('>5k', 0.0)	('>10k+', 0.0)
SRR27013295_1	(1.0, 58.45636720152625)	(2.0, 19.974019798698244)	(3.0, 9.0108105574919)	(4.0, 4.340197564773173)	(5.0, 2.3300926625830236)	(6.0, 1.3630624360488448)	(7.0, 0.8835388169419667)	(8.0, 0.5391543479109174)	(9.0, 0.3695171292510322)	('>10', 2.4683718864938635)	('>50', 0.24774126528156823)	('>100', 0.01712633299920257)	('>500', 0.0)	('>1k', 0.0)	('>5k', 0.0)	('>10k+', 0.0)
SRR27013295_2	(1.0, 62.60535296754707)	(2.0, 18.6374552405865)	(3.0, 7.8796438334526835)	(4.0, 3.801591704273847)	(5.0, 2.0322020743125297)	(6.0, 1.1641998263678266)	(7.0, 0.7455453061864334)	(8.0, 0.4677385996883452)	(9.0, 0.35439190678293364)	('>10', 2.135182069148235)	('>50', 0.17669647165361274)	('>100', 0.0)	('>500', 0.0)	('>1k', 0.0)	('>5k', 0.0)	('>10k+', 0.0)
SRR27013296_1	(1.0, 62.01094125879016)	(2.0, 19.659361170077645)	(3.0, 7.924643375104903)	(4.0, 3.63834665470026)	(5.0, 2.0071751515766163)	(6.0, 1.11344784790029)	(7.0, 0.7072741299461046)	(8.0, 0.41587061162022276)	(9.0, 0.2864230835432674)	('>10', 2.1348548660481437)	('>50', 0.1016618506923973)	('>100', 0.0)	('>500', 0.0)	('>1k', 0.0)	('>5k', 0.0)	('>10k+', 0.0)
SRR27013296_2	(1.0, 66.7265650318594)	(2.0, 17.6208428785602)	(3.0, 7.027648774023447)	(4.0, 3.239695066101379)	(5.0, 1.4838108442359803)	(6.0, 0.8816563779189261)	(7.0, 0.5744956440290493)	(8.0, 0.3570694483608545)	(9.0, 0.24119980237509436)	('>10', 1.786350136828442)	('>50', 0.06066599570725994)	('>100', 0.0)	('>500', 0.0)	('>1k', 0.0)	('>5k', 0.0)	('>10k+', 0.0)
SRR27013297_1	(1.0, 55.8079921468352)	(2.0, 20.234111503279184)	(3.0, 9.527725019299458)	(4.0, 4.920128548611638)	(5.0, 2.7681846410377116)	(6.0, 1.5661679032499223)	(7.0, 1.0610122416401238)	(8.0, 0.6501060600201463)	(9.0, 0.47585749333338423)	('>10', 2.6220464511089445)	('>50', 0.3216236787108739)	('>100', 0.04504431287343685)	('>500', 0.0)	('>1k', 0.0)	('>5k', 0.0)	('>10k+', 0.0)
SRR27013297_2	(1.0, 61.262080053741805)	(2.0, 18.617534369179303)	(3.0, 8.246424192678624)	(4.0, 4.144507043696042)	(5.0, 2.2589901265711245)	(6.0, 1.3589243727042317)	(7.0, 0.8379562290217324)	(8.0, 0.4880298124167387)	(9.0, 0.36095278680343373)	('>10', 2.1948521243597305)	('>50', 0.21687031547151758)	('>100', 0.012878573355731573)	('>500', 0.0)	('>1k', 0.0)	('>5k', 0.0)	('>10k+', 0.0)
SRR27013298_1	(1.0, 59.98961336599731)	(2.0, 19.939399316492892)	(3.0, 8.870377696575622)	(4.0, 4.106168747266643)	(5.0, 2.189045685891111)	(6.0, 1.2745763648846489)	(7.0, 0.794281191225908)	(8.0, 0.4930837892568902)	(9.0, 0.32721712411115567)	('>10', 1.8658608692681342)	('>50', 0.1503758490297011)	('>100', 0.0)	('>500', 0.0)	('>1k', 0.0)	('>5k', 0.0)	('>10k+', 0.0)
SRR27013298_2	(1.0, 60.76966272608839)	(2.0, 18.7817982183278)	(3.0, 8.61108932057405)	(4.0, 4.357051021974829)	(5.0, 2.20916541108248)	(6.0, 1.3899556231213428)	(7.0, 0.8555745769704467)	(8.0, 0.5251203439526299)	(9.0, 0.3890057602165561)	('>10', 1.985837728694448)	('>50', 0.1122765406117118)	('>100', 0.013462728385339132)	('>500', 0.0)	('>1k', 0.0)	('>5k', 0.0)	('>10k+', 0.0)
SRR27013299_1	(1.0, 55.695267048202126)	(2.0, 20.36521522234195)	(3.0, 9.539453445571757)	(4.0, 4.862183708519197)	(5.0, 2.6347888435276126)	(6.0, 1.5736388099771121)	(7.0, 1.060764155151647)	(8.0, 0.6959443163335148)	(9.0, 0.48671708067907665)	('>10', 2.7006193018727824)	('>50', 0.3385124335699775)	('>100', 0.04689563425322328)	('>500', 0.0)	('>1k', 0.0)	('>5k', 0.0)	('>10k+', 0.0)
SRR27013299_2	(1.0, 61.613561434202666)	(2.0, 18.578350294919343)	(3.0, 7.950716415413436)	(4.0, 4.152644242757818)	(5.0, 2.1961696914104727)	(6.0, 1.3144258482464695)	(7.0, 0.7846103835453829)	(8.0, 0.5188858665085769)	(9.0, 0.3851854019547713)	('>10', 2.2460818194946692)	('>50', 0.24454753860086687)	('>100', 0.014821062945507082)	('>500', 0.0)	('>1k', 0.0)	('>5k', 0.0)	('>10k+', 0.0)
SRR27013300_1	(1.0, 61.65646762094013)	(2.0, 19.56465962983427)	(3.0, 8.30045030420701)	(4.0, 3.9191317758571147)	(5.0, 2.004397929335072)	(6.0, 1.1038110719350431)	(7.0, 0.7214125892345303)	(8.0, 0.4778347023135042)	(9.0, 0.2855552992909913)	('>10', 1.8361219226216068)	('>50', 0.13015715443074244)	('>100', 0.0)	('>500', 0.0)	('>1k', 0.0)	('>5k', 0.0)	('>10k+', 0.0)
SRR27013300_2	(1.0, 62.34147669926834)	(2.0, 18.598855869512494)	(3.0, 8.033873922376173)	(4.0, 3.9701001349831913)	(5.0, 2.0794661214635686)	(6.0, 1.2354083051121951)	(7.0, 0.7697415474687711)	(8.0, 0.5006891289780374)	(9.0, 0.3663852043218937)	('>10', 1.9728588920404906)	('>50', 0.13114417447488183)	('>100', 0.0)	('>500', 0.0)	('>1k', 0.0)	('>5k', 0.0)	('>10k+', 0.0)
SRR27013301_1	(1.0, 57.891950144858775)	(2.0, 20.31855471385851)	(3.0, 8.788239534363065)	(4.0, 4.427206387312456)	(5.0, 2.414758433785228)	(6.0, 1.3766887723724235)	(7.0, 0.9560430282132311)	(8.0, 0.6011450577849421)	(9.0, 0.4149172538482142)	('>10', 2.4598414822789207)	('>50', 0.333176213229103)	('>100', 0.01747897809515068)	('>500', 0.0)	('>1k', 0.0)	('>5k', 0.0)	('>10k+', 0.0)
SRR27013301_2	(1.0, 63.55941060797282)	(2.0, 18.157308822597066)	(3.0, 7.6548888635435)	(4.0, 3.7176817505733464)	(5.0, 1.9903171052216955)	(6.0, 1.204534439443308)	(7.0, 0.6630750233246516)	(8.0, 0.449367859311219)	(9.0, 0.32265622253647747)	('>10', 2.0792665011292333)	('>50', 0.18776383571385769)	('>100', 0.013728968632841206)	('>500', 0.0)	('>1k', 0.0)	('>5k', 0.0)	('>10k+', 0.0)
SRR27013302_1	(1.0, 57.166744692861414)	(2.0, 20.46832160744253)	(3.0, 9.309348214979877)	(4.0, 4.569135308282302)	(5.0, 2.4567840699806434)	(6.0, 1.4249453798727465)	(7.0, 0.894250996235919)	(8.0, 0.6387219369248618)	(9.0, 0.4270719202118479)	('>10', 2.3807246611608073)	('>50', 0.24555383811925507)	('>100', 0.01839737392776937)	('>500', 0.0)	('>1k', 0.0)	('>5k', 0.0)	('>10k+', 0.0)
SRR27013302_2	(1.0, 62.762033280777494)	(2.0, 18.38737811406732)	(3.0, 8.023791667687412)	(4.0, 3.8862225379973263)	(5.0, 2.0199967527334164)	(6.0, 1.1464536449424392)	(7.0, 0.7629528518912749)	(8.0, 0.4474019956124678)	(9.0, 0.33559836045776464)	('>10', 2.0283365963321995)	('>50', 0.19983419750086678)	('>100', 0.0)	('>500', 0.0)	('>1k', 0.0)	('>5k', 0.0)	('>10k+', 0.0)
SRR27013303_1	(1.0, 56.704305203441066)	(2.0, 20.370795814288453)	(3.0, 9.486096652987811)	(4.0, 4.668234530002968)	(5.0, 2.4647631261254)	(6.0, 1.5533807227594993)	(7.0, 0.934379504735478)	(8.0, 0.6238804234580513)	(9.0, 0.4305262753051712)	('>10', 2.4694613758858375)	('>50', 0.27737001500484704)	('>100', 0.016806356005460436)	('>500', 0.0)	('>1k', 0.0)	('>5k', 0.0)	('>10k+', 0.0)
SRR27013303_2	(1.0, 62.98586438639998)	(2.0, 18.18659201517278)	(3.0, 7.89809132464739)	(4.0, 3.9117355372293043)	(5.0, 2.060249977841024)	(6.0, 1.2272176160972197)	(7.0, 0.7090303048334764)	(8.0, 0.48693492562574636)	(9.0, 0.31317892904686406)	('>10', 2.038072804249893)	('>50', 0.15391935725506353)	('>100', 0.029112821601254595)	('>500', 0.0)	('>1k', 0.0)	('>5k', 0.0)	('>10k+', 0.0)
SRR27013304_1	(1.0, 51.708539853144345)	(2.0, 20.489090490263834)	(3.0, 10.245883342228398)	(4.0, 5.419512820680102)	(5.0, 3.289239973744461)	(6.0, 1.9844910321746778)	(7.0, 1.2765159357183946)	(8.0, 0.8445164895202237)	(9.0, 0.6270599967503608)	('>10', 3.495887663121662)	('>50', 0.43015123644209685)	('>100', 0.18911116621147317)	('>500', 0.0)	('>1k', 0.0)	('>5k', 0.0)	('>10k+', 0.0)
SRR27013304_2	(1.0, 57.36340036080241)	(2.0, 18.934406313978428)	(3.0, 9.091126566727405)	(4.0, 4.673696372395638)	(5.0, 2.696811763428485)	(6.0, 1.673928873169039)	(7.0, 0.9962872386686673)	(8.0, 0.7008029730769644)	(9.0, 0.45201536765685874)	('>10', 2.9562975730329373)	('>50', 0.36082143099126984)	('>100', 0.10040516607190847)	('>500', 0.0)	('>1k', 0.0)	('>5k', 0.0)	('>10k+', 0.0)
SRR27013305_1	(1.0, 66.03317461113869)	(2.0, 18.44629696236037)	(3.0, 7.0461409466802545)	(4.0, 3.2169500454545683)	(5.0, 1.5265122970865863)	(6.0, 0.891734736085684)	(7.0, 0.4792044730501489)	(8.0, 0.349265336209567)	(9.0, 0.260553205579369)	('>10', 1.685129045993868)	('>50', 0.06503834036087999)	('>100', 0.0)	('>500', 0.0)	('>1k', 0.0)	('>5k', 0.0)	('>10k+', 0.0)
SRR27013305_2	(1.0, 68.06371165987063)	(2.0, 17.175720713642963)	(3.0, 6.557546908512091)	(4.0, 3.0432103598561797)	(5.0, 1.4839493932875971)	(6.0, 0.8477549893898836)	(7.0, 0.5142770931830831)	(8.0, 0.3293396541067639)	(9.0, 0.257518097599029)	('>10', 1.60673485846699)	('>50', 0.12023627208478356)	('>100', 0.0)	('>500', 0.0)	('>1k', 0.0)	('>5k', 0.0)	('>10k+', 0.0)
SRR27013306_1	(1.0, 61.833173473864115)	(2.0, 19.57238448595802)	(3.0, 8.138828624888232)	(4.0, 3.8350067924428943)	(5.0, 2.012914405315475)	(6.0, 1.0612263271856042)	(7.0, 0.6474317224933551)	(8.0, 0.44710540705947416)	(9.0, 0.3184521953883955)	('>10', 1.9298307439275086)	('>50', 0.188012968834428)	('>100', 0.015632852642506266)	('>500', 0.0)	('>1k', 0.0)	('>5k', 0.0)	('>10k+', 0.0)
SRR27013306_2	(1.0, 61.84622932204115)	(2.0, 18.733696172096796)	(3.0, 8.242695246993998)	(4.0, 4.000861528325608)	(5.0, 2.1096209099371053)	(6.0, 1.1834530284776243)	(7.0, 0.7482169403629443)	(8.0, 0.45426003255913106)	(9.0, 0.347955406852489)	('>10', 2.1125021804067594)	('>50', 0.20637224787442943)	('>100', 0.014136984071989121)	('>500', 0.0)	('>1k', 0.0)	('>5k', 0.0)	('>10k+', 0.0)
SRR27013307_1	(1.0, 61.94599204120145)	(2.0, 19.97439475380055)	(3.0, 8.253851199132033)	(4.0, 3.6865063469428776)	(5.0, 1.8339809257876225)	(6.0, 1.0134631376416343)	(7.0, 0.5934397453678842)	(8.0, 0.38947312631215436)	(9.0, 0.26016275609373324)	('>10', 1.9594973113060639)	('>50', 0.08923865641399739)	('>100', 0.0)	('>500', 0.0)	('>1k', 0.0)	('>5k', 0.0)	('>10k+', 0.0)
SRR27013307_2	(1.0, 68.07283954059797)	(2.0, 17.373310373906143)	(3.0, 6.776905938378035)	(4.0, 3.0996317892735212)	(5.0, 1.4037743006674803)	(6.0, 0.7759707632246703)	(7.0, 0.44892138299698486)	(8.0, 0.3027453773961977)	(9.0, 0.23352269916381946)	('>10', 1.4712579518226008)	('>50', 0.0411198825726094)	('>100', 0.0)	('>500', 0.0)	('>1k', 0.0)	('>5k', 0.0)	('>10k+', 0.0)
SRR27013308_1	(1.0, 62.98551366126732)	(2.0, 19.502626540334173)	(3.0, 7.791304924948575)	(4.0, 3.5805005606123896)	(5.0, 1.9224274203929428)	(6.0, 0.9728573337727444)	(7.0, 0.6174959548603683)	(8.0, 0.40251951482734616)	(9.0, 0.2818237430600919)	('>10', 1.8160288049016617)	('>50', 0.12690154102244733)	('>100', 0.0)	('>500', 0.0)	('>1k', 0.0)	('>5k', 0.0)	('>10k+', 0.0)
SRR27013308_2	(1.0, 64.05175849966442)	(2.0, 18.64591745946443)	(3.0, 7.493298330249192)	(4.0, 3.5438452902603945)	(5.0, 1.8622820123125434)	(6.0, 1.061741831904681)	(7.0, 0.639013214227063)	(8.0, 0.409666554191351)	(9.0, 0.28274507507035124)	('>10', 1.8962411600482505)	('>50', 0.1134905726073266)	('>100', 0.0)	('>500', 0.0)	('>1k', 0.0)	('>5k', 0.0)	('>10k+', 0.0)
SRR27013309_1	(1.0, 61.748900592366894)	(2.0, 19.416229396655822)	(3.0, 8.155799995479862)	(4.0, 3.9916750205644993)	(5.0, 2.027520783511441)	(6.0, 1.2080993610484896)	(7.0, 0.7452586718531177)	(8.0, 0.4110871954792531)	(9.0, 0.3665891612331205)	('>10', 1.831596434226002)	('>50', 0.09724338758153125)	('>100', 0.0)	('>500', 0.0)	('>1k', 0.0)	('>5k', 0.0)	('>10k+', 0.0)
SRR27013309_2	(1.0, 63.913328826172865)	(2.0, 18.349279447097903)	(3.0, 7.6445647035493085)	(4.0, 3.605489660040521)	(5.0, 2.0053829339428604)	(6.0, 1.113672099614936)	(7.0, 0.680447049118918)	(8.0, 0.4477271103566722)	(9.0, 0.3225611287859768)	('>10', 1.8290087933188994)	('>50', 0.08853824800118128)	('>100', 0.0)	('>500', 0.0)	('>1k', 0.0)	('>5k', 0.0)	('>10k+', 0.0)
SRR27013310_1	(1.0, 64.03579940748241)	(2.0, 19.38201795638222)	(3.0, 7.530868731433314)	(4.0, 3.6031305006110417)	(5.0, 1.705342835770248)	(6.0, 1.0144888721396084)	(7.0, 0.5867618268323005)	(8.0, 0.3352353110384072)	(9.0, 0.27091314617624107)	('>10', 1.4724527762710278)	('>50', 0.06298863586319496)	('>100', 0.0)	('>500', 0.0)	('>1k', 0.0)	('>5k', 0.0)	('>10k+', 0.0)
SRR27013310_2	(1.0, 63.81281903558923)	(2.0, 18.80792524960544)	(3.0, 7.8134146496456935)	(4.0, 3.652542436026926)	(5.0, 1.8793449871669379)	(6.0, 1.0006438028607567)	(7.0, 0.6697888984651552)	(8.0, 0.3907546221053707)	(9.0, 0.30375856748297336)	('>10', 1.5964997038881021)	('>50', 0.07250804716344955)	('>100', 0.0)	('>500', 0.0)	('>1k', 0.0)	('>5k', 0.0)	('>10k+', 0.0)
SRR27013311_1	(1.0, 63.40387197340347)	(2.0, 19.33938946397019)	(3.0, 7.976789186473739)	(4.0, 3.648358262308054)	(5.0, 1.7518242150548413)	(6.0, 0.9749544467523735)	(7.0, 0.5590429301806882)	(8.0, 0.3983851910560909)	(9.0, 0.2964859776576668)	('>10', 1.582018810669764)	('>50', 0.06887954247313029)	('>100', 0.0)	('>500', 0.0)	('>1k', 0.0)	('>5k', 0.0)	('>10k+', 0.0)
SRR27013311_2	(1.0, 64.93840899523676)	(2.0, 18.27393315442555)	(3.0, 7.505218285130333)	(4.0, 3.4977136132662503)	(5.0, 1.8292600636706666)	(6.0, 0.9642537974963916)	(7.0, 0.6414070184586532)	(8.0, 0.39205980943126634)	(9.0, 0.27594276897843056)	('>10', 1.594861364866255)	('>50', 0.08694112903947189)	('>100', 0.0)	('>500', 0.0)	('>1k', 0.0)	('>5k', 0.0)	('>10k+', 0.0)
SRR27013312_1	(1.0, 64.1475836904321)	(2.0, 18.84945251633959)	(3.0, 7.408116687090893)	(4.0, 3.424307181663707)	(5.0, 1.803339835313136)	(6.0, 1.0334894266160572)	(7.0, 0.6004149623838045)	(8.0, 0.44831454906806506)	(9.0, 0.295579011749308)	('>10', 1.8860989694992454)	('>50', 0.1033031698440973)	('>100', 0.0)	('>500', 0.0)	('>1k', 0.0)	('>5k', 0.0)	('>10k+', 0.0)
SRR27013312_2	(1.0, 64.84376455817102)	(2.0, 18.67061770981927)	(3.0, 7.37753973615811)	(4.0, 3.382307208003282)	(5.0, 1.70661766086064)	(6.0, 1.0088564597081457)	(7.0, 0.5753701951577371)	(8.0, 0.3860756024497918)	(9.0, 0.2708429609679042)	('>10', 1.7226184578879342)	('>50', 0.05538945081616692)	('>100', 0.0)	('>500', 0.0)	('>1k', 0.0)	('>5k', 0.0)	('>10k+', 0.0)
SRR27013313_1	(1.0, 61.4930145452528)	(2.0, 18.99261490546925)	(3.0, 8.124453580845078)	(4.0, 4.0315388052490855)	(5.0, 2.0933518759044563)	(6.0, 1.204049212521457)	(7.0, 0.7548380923028978)	(8.0, 0.5681684406227028)	(9.0, 0.39522324525680064)	('>10', 2.1795260085332546)	('>50', 0.16322128804218844)	('>100', 0.0)	('>500', 0.0)	('>1k', 0.0)	('>5k', 0.0)	('>10k+', 0.0)
SRR27013313_2	(1.0, 62.4074196425738)	(2.0, 18.883357854009592)	(3.0, 8.126138490720185)	(4.0, 3.7761766435624113)	(5.0, 1.9188940175685634)	(6.0, 1.172214425508723)	(7.0, 0.6905297247905231)	(8.0, 0.486252358250076)	(9.0, 0.3460815085907205)	('>10', 2.0459958429414935)	('>50', 0.14693949148390759)	('>100', 0.0)	('>500', 0.0)	('>1k', 0.0)	('>5k', 0.0)	('>10k+', 0.0)
SRR27013314_1	(1.0, 58.87179337183203)	(2.0, 20.0325455701099)	(3.0, 8.99553957646412)	(4.0, 4.393432654210655)	(5.0, 2.3640816257281005)	(6.0, 1.3036387365424038)	(7.0, 0.8841284669816171)	(8.0, 0.5269774327723786)	(9.0, 0.4094117153502847)	('>10', 2.0356325217241373)	('>50', 0.16900209834653607)	('>100', 0.01381622993781901)	('>500', 0.0)	('>1k', 0.0)	('>5k', 0.0)	('>10k+', 0.0)
SRR27013314_2	(1.0, 59.81335380853453)	(2.0, 19.2173083105904)	(3.0, 8.742010765589999)	(4.0, 4.338605226494832)	(5.0, 2.386104257024196)	(6.0, 1.4007686043072147)	(7.0, 0.9039978503334928)	(8.0, 0.6070249077869283)	(9.0, 0.3557520765615963)	('>10', 2.0574196197291736)	('>50', 0.16271738634068927)	('>100', 0.014937186706970721)	('>500', 0.0)	('>1k', 0.0)	('>5k', 0.0)	('>10k+', 0.0)
SRR27013315_1	(1.0, 59.24051356025106)	(2.0, 19.232352786385302)	(3.0, 8.812044010535278)	(4.0, 4.594596768157118)	(5.0, 2.5121947376662974)	(6.0, 1.4951825971863528)	(7.0, 0.8710343011039701)	(8.0, 0.627642908411122)	(9.0, 0.41707586281873676)	('>10', 2.0365627967908377)	('>50', 0.16079967069388165)	('>100', 0.0)	('>500', 0.0)	('>1k', 0.0)	('>5k', 0.0)	('>10k+', 0.0)
SRR27013315_2	(1.0, 61.689676571896634)	(2.0, 18.722894940786297)	(3.0, 8.35327106404327)	(4.0, 4.258812809756527)	(5.0, 2.2552459686127864)	(6.0, 1.311234991775069)	(7.0, 0.7192213705673766)	(8.0, 0.5261251200556536)	(9.0, 0.3540973831509987)	('>10', 1.7385966692890904)	('>50', 0.07082311006627642)	('>100', 0.0)	('>500', 0.0)	('>1k', 0.0)	('>5k', 0.0)	('>10k+', 0.0)
SRR27013316_1	(1.0, 61.877139161067994)	(2.0, 18.927513415745626)	(3.0, 8.076174586718686)	(4.0, 4.068640308124772)	(5.0, 2.1574377219417706)	(6.0, 1.1887188154996822)	(7.0, 0.768769121137305)	(8.0, 0.4806404973285985)	(9.0, 0.32510833485304297)	('>10', 2.0147341649601875)	('>50', 0.1151238726223131)	('>100', 0.0)	('>500', 0.0)	('>1k', 0.0)	('>5k', 0.0)	('>10k+', 0.0)
SRR27013316_2	(1.0, 62.04162318687255)	(2.0, 19.10805288888607)	(3.0, 8.401215757683426)	(4.0, 3.896141699269493)	(5.0, 1.9791098821757094)	(6.0, 1.1658586393723518)	(7.0, 0.7236396737354334)	(8.0, 0.4557246003847922)	(9.0, 0.322216220993576)	('>10', 1.7868674158007507)	('>50', 0.11955003482588189)	('>100', 0.0)	('>500', 0.0)	('>1k', 0.0)	('>5k', 0.0)	('>10k+', 0.0)
SRR27013317_1	(1.0, 60.25168134782828)	(2.0, 19.216735816080853)	(3.0, 8.413041175476172)	(4.0, 4.2853381850245755)	(5.0, 2.222119431966085)	(6.0, 1.412211579871133)	(7.0, 0.8367193566619966)	(8.0, 0.560873014466966)	(9.0, 0.4076816261946773)	('>10', 2.2000230782933854)	('>50', 0.19357538813589967)	('>100', 0.0)	('>500', 0.0)	('>1k', 0.0)	('>5k', 0.0)	('>10k+', 0.0)
SRR27013317_2	(1.0, 63.154248807600524)	(2.0, 18.555041378417474)	(3.0, 7.8098811663358765)	(4.0, 3.7672885949020816)	(5.0, 2.0181200509858908)	(6.0, 1.1688033482113538)	(7.0, 0.7627698588383413)	(8.0, 0.4555622066158218)	(9.0, 0.3023104574701842)	('>10', 1.8980762450018716)	('>50', 0.10789788562052083)	('>100', 0.0)	('>500', 0.0)	('>1k', 0.0)	('>5k', 0.0)	('>10k+', 0.0)
SRR27013318_1	(1.0, 65.65291061495896)	(2.0, 18.75122977818256)	(3.0, 6.949292295251765)	(4.0, 3.0523789937551444)	(5.0, 1.5536033423019584)	(6.0, 0.7606624592523353)	(7.0, 0.6093632379758787)	(8.0, 0.3769727840672295)	(9.0, 0.26211906344132696)	('>10', 1.9637062306663025)	('>50', 0.06776120014651646)	('>100', 0.0)	('>500', 0.0)	('>1k', 0.0)	('>5k', 0.0)	('>10k+', 0.0)
SRR27013318_2	(1.0, 71.41186839307942)	(2.0, 16.311191329199378)	(3.0, 5.770393202157292)	(4.0, 2.377889218556172)	(5.0, 1.1738273466725833)	(6.0, 0.6400591090535676)	(7.0, 0.3407160917784641)	(8.0, 0.2616218020857632)	(9.0, 0.22438989467007242)	('>10', 1.4316591392794737)	('>50', 0.05638447346784731)	('>100', 0.0)	('>500', 0.0)	('>1k', 0.0)	('>5k', 0.0)	('>10k+', 0.0)
SRR27013319_1	(1.0, 67.58559478002165)	(2.0, 18.088397678560337)	(3.0, 6.765841418121163)	(4.0, 2.7353893417880424)	(5.0, 1.3602517091108466)	(6.0, 0.7814695659020945)	(7.0, 0.5354615690643337)	(8.0, 0.34260378565250443)	(9.0, 0.2396008357237305)	('>10', 1.5266664404327097)	('>50', 0.038722875622568036)	('>100', 0.0)	('>500', 0.0)	('>1k', 0.0)	('>5k', 0.0)	('>10k+', 0.0)
SRR27013319_2	(1.0, 68.63279422045815)	(2.0, 17.15733366013537)	(3.0, 6.388634747314578)	(4.0, 2.802721782598085)	(5.0, 1.5221374516366937)	(6.0, 0.7749902068578816)	(7.0, 0.5027277736650537)	(8.0, 0.3542358585823131)	(9.0, 0.22126322536776566)	('>10', 1.58202933583177)	('>50', 0.0611317375523349)	('>100', 0.0)	('>500', 0.0)	('>1k', 0.0)	('>5k', 0.0)	('>10k+', 0.0)
SRR27013320_1	(1.0, 60.33156371878049)	(2.0, 19.431648308336168)	(3.0, 8.763196084190298)	(4.0, 4.373997916392735)	(5.0, 2.262190002473251)	(6.0, 1.3895502795552617)	(7.0, 0.7463432308009607)	(8.0, 0.5316712833669922)	(9.0, 0.336377988899145)	('>10', 1.7892934257183655)	('>50', 0.04416776148633414)	('>100', 0.0)	('>500', 0.0)	('>1k', 0.0)	('>5k', 0.0)	('>10k+', 0.0)
SRR27013320_2	(1.0, 62.376695565599995)	(2.0, 18.997217485312532)	(3.0, 8.235671667432175)	(4.0, 4.155352313714025)	(5.0, 2.0574374797807415)	(6.0, 1.2090471980281083)	(7.0, 0.6509635419028926)	(8.0, 0.4932773826069557)	(9.0, 0.28386221209147194)	('>10', 1.476697275530911)	('>50', 0.06377787800019101)	('>100', 0.0)	('>500', 0.0)	('>1k', 0.0)	('>5k', 0.0)	('>10k+', 0.0)
SRR27013321_1	(1.0, 59.71564068601178)	(2.0, 19.19295884295226)	(3.0, 8.764404813593304)	(4.0, 4.351158102223072)	(5.0, 2.435777685061101)	(6.0, 1.425425054174712)	(7.0, 0.9199314137904384)	(8.0, 0.5776327847179037)	(9.0, 0.3903525615147533)	('>10', 2.1080267860770645)	('>50', 0.11869126988362036)	('>100', 0.0)	('>500', 0.0)	('>1k', 0.0)	('>5k', 0.0)	('>10k+', 0.0)
SRR27013321_2	(1.0, 59.63054228029294)	(2.0, 19.75871724751262)	(3.0, 8.65460171459141)	(4.0, 4.3862431136325775)	(5.0, 2.343129875434968)	(6.0, 1.4008685416393334)	(7.0, 0.8553997141758526)	(8.0, 0.5602011235896429)	(9.0, 0.3453702397231365)	('>10', 1.9595730384114385)	('>50', 0.10535311099605348)	('>100', 0.0)	('>500', 0.0)	('>1k', 0.0)	('>5k', 0.0)	('>10k+', 0.0)
SRR27013322_1	(1.0, 57.45506703617599)	(2.0, 19.10280784051527)	(3.0, 9.178125040774656)	(4.0, 4.756689635816642)	(5.0, 2.692094166185159)	(6.0, 1.6275055504109257)	(7.0, 1.085725804434605)	(8.0, 0.7103212015947258)	(9.0, 0.5435075117514783)	('>10', 2.608066093791781)	('>50', 0.24009011854881118)	('>100', 0.0)	('>500', 0.0)	('>1k', 0.0)	('>5k', 0.0)	('>10k+', 0.0)
SRR27013322_2	(1.0, 58.904165589125746)	(2.0, 19.228885513803405)	(3.0, 8.904363389991879)	(4.0, 4.480967487091901)	(5.0, 2.5257371002323015)	(6.0, 1.4203050579920713)	(7.0, 0.9938951255374153)	(8.0, 0.6447605558653549)	(9.0, 0.4280064570652192)	('>10', 2.3215020407896514)	('>50', 0.1474116825050331)	('>100', 0.0)	('>500', 0.0)	('>1k', 0.0)	('>5k', 0.0)	('>10k+', 0.0)
SRR27013323_1	(1.0, 64.46203774343986)	(2.0, 19.109040661453804)	(3.0, 7.537247741635185)	(4.0, 3.3293524210470675)	(5.0, 1.6423069821026846)	(6.0, 0.9557971337809736)	(7.0, 0.5736953131126028)	(8.0, 0.3586643422432871)	(9.0, 0.24464357079317045)	('>10', 1.682498576158045)	('>50', 0.10471551423334204)	('>100', 0.0)	('>500', 0.0)	('>1k', 0.0)	('>5k', 0.0)	('>10k+', 0.0)
SRR27013323_2	(1.0, 67.29891313668743)	(2.0, 17.247574719564295)	(3.0, 6.951625298279105)	(4.0, 3.1848020470933944)	(5.0, 1.5612664486687216)	(6.0, 0.8670964933119875)	(7.0, 0.5417131420359326)	(8.0, 0.341775992765726)	(9.0, 0.280689917397031)	('>10', 1.6185069273302437)	('>50', 0.10603587686612666)	('>100', 0.0)	('>500', 0.0)	('>1k', 0.0)	('>5k', 0.0)	('>10k+', 0.0)
SRR27013324_1	(1.0, 61.15797984522487)	(2.0, 18.981868068212155)	(3.0, 8.156572377930505)	(4.0, 4.246959384488222)	(5.0, 2.183270325418601)	(6.0, 1.3211427056844065)	(7.0, 0.8528770351776287)	(8.0, 0.5158398691864022)	(9.0, 0.3650893032172552)	('>10', 2.1233176603701653)	('>50', 0.09508342508982723)	('>100', 0.0)	('>500', 0.0)	('>1k', 0.0)	('>5k', 0.0)	('>10k+', 0.0)
SRR27013324_2	(1.0, 62.28744359211319)	(2.0, 18.738549591802837)	(3.0, 8.022408320595488)	(4.0, 4.044510578604647)	(5.0, 2.088498858211082)	(6.0, 1.1893744500076788)	(7.0, 0.7650041864849236)	(8.0, 0.55865021027483)	(9.0, 0.2988045318132391)	('>10', 1.9169828808606773)	('>50', 0.08977279923138587)	('>100', 0.0)	('>500', 0.0)	('>1k', 0.0)	('>5k', 0.0)	('>10k+', 0.0)
SRR27013325_1	(1.0, 57.86518701764008)	(2.0, 19.013438902506312)	(3.0, 9.1072601583464)	(4.0, 4.609536817601996)	(5.0, 2.6393884848886056)	(6.0, 1.6472405272485149)	(7.0, 1.02536894023338)	(8.0, 0.6810566738479965)	(9.0, 0.4943725201707281)	('>10', 2.606875057215296)	('>50', 0.310274900300654)	('>100', 0.0)	('>500', 0.0)	('>1k', 0.0)	('>5k', 0.0)	('>10k+', 0.0)
SRR27013325_2	(1.0, 59.53156042869166)	(2.0, 18.93579450050489)	(3.0, 8.670328918663843)	(4.0, 4.495806206331402)	(5.0, 2.4379802365720735)	(6.0, 1.4035979357096389)	(7.0, 0.9791797731242039)	(8.0, 0.5614557698252182)	(9.0, 0.4284084408622219)	('>10', 2.366634195152543)	('>50', 0.18925359456225896)	('>100', 0.0)	('>500', 0.0)	('>1k', 0.0)	('>5k', 0.0)	('>10k+', 0.0)
SRR27013326_1	(1.0, 62.04181713783)	(2.0, 19.267824291153286)	(3.0, 8.332766747576649)	(4.0, 4.026321939444019)	(5.0, 2.038585890833785)	(6.0, 1.2123655413849757)	(7.0, 0.7153442264310481)	(8.0, 0.46184769760827415)	(9.0, 0.2858569199323344)	('>10', 1.5873892371535252)	('>50', 0.029880370652084952)	('>100', 0.0)	('>500', 0.0)	('>1k', 0.0)	('>5k', 0.0)	('>10k+', 0.0)
SRR27013326_2	(1.0, 63.43509846833564)	(2.0, 18.78518450590824)	(3.0, 8.179858611837645)	(4.0, 3.8710419199247026)	(5.0, 1.996702044822398)	(6.0, 1.1038748647610457)	(7.0, 0.56250580572294)	(8.0, 0.40738310407595296)	(9.0, 0.2952557158775568)	('>10', 1.3294115569464933)	('>50', 0.03368340178735543)	('>100', 0.0)	('>500', 0.0)	('>1k', 0.0)	('>5k', 0.0)	('>10k+', 0.0)
SRR27013327_1	(1.0, 61.60247362609049)	(2.0, 18.842815289190852)	(3.0, 8.400599002543334)	(4.0, 3.9207234026661624)	(5.0, 2.1449766637436465)	(6.0, 1.1408198816083772)	(7.0, 0.7986684814882461)	(8.0, 0.5129363624990828)	(9.0, 0.35528772446009826)	('>10', 2.111723856503826)	('>50', 0.16897570920585891)	('>100', 0.0)	('>500', 0.0)	('>1k', 0.0)	('>5k', 0.0)	('>10k+', 0.0)
SRR27013327_2	(1.0, 65.6086865705684)	(2.0, 17.847593342967873)	(3.0, 7.403453547635043)	(4.0, 3.3518193573693997)	(5.0, 1.7251529711715576)	(6.0, 0.9983854198887646)	(7.0, 0.6093474623901575)	(8.0, 0.3881838690210984)	(9.0, 0.28115761768952513)	('>10', 1.694865086133597)	('>50', 0.09135475516456348)	('>100', 0.0)	('>500', 0.0)	('>1k', 0.0)	('>5k', 0.0)	('>10k+', 0.0)
SRR27013328_1	(1.0, 60.31280985767869)	(2.0, 18.981917761557618)	(3.0, 8.257228607915732)	(4.0, 4.201244270974397)	(5.0, 2.3344986165353028)	(6.0, 1.376878133757927)	(7.0, 0.8353733124576258)	(8.0, 0.5670371942475951)	(9.0, 0.42081430600747666)	('>10', 2.455478612723947)	('>50', 0.2567193261437003)	('>100', 0.0)	('>500', 0.0)	('>1k', 0.0)	('>5k', 0.0)	('>10k+', 0.0)
SRR27013328_2	(1.0, 62.99390073585941)	(2.0, 18.240850823338775)	(3.0, 7.9367349771054405)	(4.0, 3.7677628371877234)	(5.0, 2.0415586049497794)	(6.0, 1.1700766115566859)	(7.0, 0.7694837692208751)	(8.0, 0.49202204447291886)	(9.0, 0.335420303855432)	('>10', 2.080536127659413)	('>50', 0.17165316479355702)	('>100', 0.0)	('>500', 0.0)	('>1k', 0.0)	('>5k', 0.0)	('>10k+', 0.0)
SRR27013329_1	(1.0, 55.27811714225225)	(2.0, 20.825231359549857)	(3.0, 9.805772793425112)	(4.0, 5.231803892337682)	(5.0, 2.842019334960067)	(6.0, 1.651811349266745)	(7.0, 1.0767621969715142)	(8.0, 0.6472548131128323)	(9.0, 0.44657395720828696)	('>10', 2.0802236207632956)	('>50', 0.1144295401523726)	('>100', 0.0)	('>500', 0.0)	('>1k', 0.0)	('>5k', 0.0)	('>10k+', 0.0)
SRR27013329_2	(1.0, 60.055971488519525)	(2.0, 18.93367405874297)	(3.0, 9.008033055849204)	(4.0, 4.378941222968901)	(5.0, 2.5529780676817873)	(6.0, 1.3637115875683992)	(7.0, 0.8804564298767773)	(8.0, 0.5675150076318991)	(9.0, 0.4303054486538619)	('>10', 1.7605151773244387)	('>50', 0.06789845518226245)	('>100', 0.0)	('>500', 0.0)	('>1k', 0.0)	('>5k', 0.0)	('>10k+', 0.0)
SRR27013330_1	(1.0, 53.0499188730753)	(2.0, 20.90012101824204)	(3.0, 10.008479743061487)	(4.0, 5.408515752485281)	(5.0, 3.0078942788117686)	(6.0, 1.8202724010904165)	(7.0, 1.2175005501278493)	(8.0, 0.8077512254222166)	(9.0, 0.6198335499976324)	('>10', 2.862067848645447)	('>50', 0.2737488397787576)	('>100', 0.023895919261817094)	('>500', 0.0)	('>1k', 0.0)	('>5k', 0.0)	('>10k+', 0.0)
SRR27013330_2	(1.0, 59.7113125499128)	(2.0, 18.561501123566824)	(3.0, 8.688085213658914)	(4.0, 4.634214861381919)	(5.0, 2.382146998855116)	(6.0, 1.4480751757391015)	(7.0, 0.9829367570496939)	(8.0, 0.6003961258121793)	(9.0, 0.44373692593064884)	('>10', 2.3475963647318507)	('>50', 0.18476666291750604)	('>100', 0.01523124044342155)	('>500', 0.0)	('>1k', 0.0)	('>5k', 0.0)	('>10k+', 0.0)
SRR27013331_1	(1.0, 53.624618498265264)	(2.0, 20.615729653137084)	(3.0, 9.953576493914577)	(4.0, 5.465405464425914)	(5.0, 3.117007323307036)	(6.0, 1.8315904392778262)	(7.0, 1.2643527152469063)	(8.0, 0.7527755854773505)	(9.0, 0.504546699578581)	('>10', 2.5461591113512836)	('>50', 0.27458906981540543)	('>100', 0.04964894620278549)	('>500', 0.0)	('>1k', 0.0)	('>5k', 0.0)	('>10k+', 0.0)
SRR27013331_2	(1.0, 60.939386928630746)	(2.0, 18.168970696690874)	(3.0, 8.612424711612283)	(4.0, 4.445999813775885)	(5.0, 2.5322266018278956)	(6.0, 1.4310114063700872)	(7.0, 0.8662333028309188)	(8.0, 0.5367063535326717)	(9.0, 0.36011288803585956)	('>10', 1.9524823734541872)	('>50', 0.1544449232385855)	('>100', 0.0)	('>500', 0.0)	('>1k', 0.0)	('>5k', 0.0)	('>10k+', 0.0)
SRR27013332_1	(1.0, 55.01610655839695)	(2.0, 20.372738106088008)	(3.0, 9.870592157606845)	(4.0, 5.030680175920333)	(5.0, 2.886043560551319)	(6.0, 1.6409525525527004)	(7.0, 1.1135115775044198)	(8.0, 0.7103045237046473)	(9.0, 0.47563251840496623)	('>10', 2.5568297061933274)	('>50', 0.29468806806006914)	('>100', 0.03192049501639135)	('>500', 0.0)	('>1k', 0.0)	('>5k', 0.0)	('>10k+', 0.0)
SRR27013332_2	(1.0, 62.55151318916242)	(2.0, 17.96704951121765)	(3.0, 8.052227835080652)	(4.0, 3.9379351315570195)	(5.0, 2.31404327519985)	(6.0, 1.2878227551536912)	(7.0, 0.7927707315154007)	(8.0, 0.5470237463478955)	(9.0, 0.39378418018144734)	('>10', 1.9961527652518771)	('>50', 0.1332057312755073)	('>100', 0.02647114805657301)	('>500', 0.0)	('>1k', 0.0)	('>5k', 0.0)	('>10k+', 0.0)
SRR27013333_1	(1.0, 51.594618711409026)	(2.0, 20.311015770851927)	(3.0, 10.295144466056314)	(4.0, 5.555206338561063)	(5.0, 3.396885669386544)	(6.0, 2.2318046899978197)	(7.0, 1.328564159856052)	(8.0, 0.9714897271986896)	(9.0, 0.6194915712371911)	('>10', 3.278739703561769)	('>50', 0.34254006788624874)	('>100', 0.07449912399736684)	('>500', 0.0)	('>1k', 0.0)	('>5k', 0.0)	('>10k+', 0.0)
SRR27013333_2	(1.0, 59.55081149092663)	(2.0, 17.962634197942474)	(3.0, 8.656778549359057)	(4.0, 4.628955755927622)	(5.0, 2.6150803026154223)	(6.0, 1.648462558192039)	(7.0, 0.997183204763037)	(8.0, 0.7253891173515487)	(9.0, 0.49118575529323116)	('>10', 2.4437892309959452)	('>50', 0.22560650312474115)	('>100', 0.05412333350825071)	('>500', 0.0)	('>1k', 0.0)	('>5k', 0.0)	('>10k+', 0.0)
SRR27013334_1	(1.0, 48.98754081731168)	(2.0, 20.538323779692252)	(3.0, 10.755828782924333)	(4.0, 6.129843895753137)	(5.0, 3.7001922994837697)	(6.0, 2.3702250469901642)	(7.0, 1.540061543227209)	(8.0, 1.128736702148757)	(9.0, 0.7413757233578828)	('>10', 3.6031294143257924)	('>50', 0.4121273031733698)	('>100', 0.09261469161165913)	('>500', 0.0)	('>1k', 0.0)	('>5k', 0.0)	('>10k+', 0.0)
SRR27013334_2	(1.0, 55.639612270995606)	(2.0, 18.957125869658377)	(3.0, 9.297235325679262)	(4.0, 5.245560427641211)	(5.0, 3.07455693558391)	(6.0, 1.9200814411388296)	(7.0, 1.1794345483222741)	(8.0, 0.8102403227165619)	(9.0, 0.6695695680111429)	('>10', 2.806772022833828)	('>50', 0.3329815947746989)	('>100', 0.06682967264424601)	('>500', 0.0)	('>1k', 0.0)	('>5k', 0.0)	('>10k+', 0.0)
SRR27013335_1	(1.0, 54.678286538370294)	(2.0, 20.696268107126894)	(3.0, 9.774311645172594)	(4.0, 5.122357963012348)	(5.0, 2.8492169481956453)	(6.0, 1.7515648355034368)	(7.0, 1.102543759542819)	(8.0, 0.7548783940016869)	(9.0, 0.5255070583619781)	('>10', 2.502253633086832)	('>50', 0.21234023426202706)	('>100', 0.030470883363431008)	('>500', 0.0)	('>1k', 0.0)	('>5k', 0.0)	('>10k+', 0.0)
SRR27013335_2	(1.0, 61.04144755261588)	(2.0, 18.316081314282616)	(3.0, 8.521310656595087)	(4.0, 4.394933399979405)	(5.0, 2.331066436476314)	(6.0, 1.4041085958731108)	(7.0, 0.8413842241397386)	(8.0, 0.5497097231624597)	(9.0, 0.4359614575312417)	('>10', 2.034353299872404)	('>50', 0.11735882800387426)	('>100', 0.012284511467885211)	('>500', 0.0)	('>1k', 0.0)	('>5k', 0.0)	('>10k+', 0.0)
SRR27013336_1	(1.0, 54.16995679126158)	(2.0, 20.684283790150186)	(3.0, 9.815294345114193)	(4.0, 5.145237454793357)	(5.0, 2.9458014191426405)	(6.0, 1.7587613996123395)	(7.0, 1.2309323915919885)	(8.0, 0.7721785218826333)	(9.0, 0.517329567425314)	('>10', 2.6254493344892684)	('>50', 0.3046828510950347)	('>100', 0.030092133441484904)	('>500', 0.0)	('>1k', 0.0)	('>5k', 0.0)	('>10k+', 0.0)
SRR27013336_2	(1.0, 61.607036653508764)	(2.0, 18.06366581075174)	(3.0, 8.300956039221978)	(4.0, 4.231690132723127)	(5.0, 2.3125017068370823)	(6.0, 1.3988443575260945)	(7.0, 0.8193740246840738)	(8.0, 0.5912020429774092)	(9.0, 0.3971647123371256)	('>10', 2.120055265831584)	('>50', 0.15750925360100157)	('>100', 0.0)	('>500', 0.0)	('>1k', 0.0)	('>5k', 0.0)	('>10k+', 0.0)
SRR27013337_1	(1.0, 56.28884485136272)	(2.0, 16.98904587226298)	(3.0, 7.418800673215084)	(4.0, 3.7422874874157013)	(5.0, 2.08914783931269)	(6.0, 1.371540561937882)	(7.0, 0.895361581910997)	(8.0, 0.6387200238655961)	(9.0, 0.5086675107638328)	('>10', 6.2437391441998376)	('>50', 1.7567672840116277)	('>100', 2.0570771697410373)	('>500', 0.0)	('>1k', 0.0)	('>5k', 0.0)	('>10k+', 0.0)
SRR27013337_2	(1.0, 64.45680581535488)	(2.0, 14.318699519953915)	(3.0, 5.964640940706586)	(4.0, 2.782920594548961)	(5.0, 1.5744365566088974)	(6.0, 0.9969676098276955)	(7.0, 0.5931238110904751)	(8.0, 0.49370555380580294)	(9.0, 0.4689318757288942)	('>10', 5.227505723798735)	('>50', 1.5674060669877543)	('>100', 1.5548559315874086)	('>500', 0.0)	('>1k', 0.0)	('>5k', 0.0)	('>10k+', 0.0)
SRR27013338_1	(1.0, 54.67140637448203)	(2.0, 19.36977718261797)	(3.0, 8.283421642123004)	(4.0, 3.987533452940726)	(5.0, 2.067821369158671)	(6.0, 1.2531219365177322)	(7.0, 0.7802935098660803)	(8.0, 0.5229655065549599)	(9.0, 0.457623691762349)	('>10', 5.085461993072101)	('>50', 1.7069634118924475)	('>100', 1.813609929011952)	('>500', 0.0)	('>1k', 0.0)	('>5k', 0.0)	('>10k+', 0.0)
SRR27013338_2	(1.0, 59.07488130513939)	(2.0, 17.890946910564693)	(3.0, 7.481504845709306)	(4.0, 3.418158165996262)	(5.0, 1.7256370889927473)	(6.0, 1.0021621090399415)	(7.0, 0.7154791262511075)	(8.0, 0.46881615865554643)	(9.0, 0.3508249854218291)	('>10', 4.780596773086017)	('>50', 1.6278741691117866)	('>100', 1.46311836203135)	('>500', 0.0)	('>1k', 0.0)	('>5k', 0.0)	('>10k+', 0.0)
SRR27013339_1	(1.0, 57.17629316363031)	(2.0, 20.262956785308475)	(3.0, 9.363500179515855)	(4.0, 4.816420481540383)	(5.0, 2.4396511923831943)	(6.0, 1.5372148662441787)	(7.0, 0.9072920590178012)	(8.0, 0.6117925994312368)	(9.0, 0.44030497673067553)	('>10', 2.303529883915337)	('>50', 0.1410438122825547)	('>100', 0.0)	('>500', 0.0)	('>1k', 0.0)	('>5k', 0.0)	('>10k+', 0.0)
SRR27013339_2	(1.0, 64.99853683460836)	(2.0, 17.860570279913414)	(3.0, 7.555674056361748)	(4.0, 3.5846857405642383)	(5.0, 1.886965214252482)	(6.0, 1.0180630902688588)	(7.0, 0.6495354975226411)	(8.0, 0.4128551088009995)	(9.0, 0.29207349470623606)	('>10', 1.660256217506776)	('>50', 0.08078446549427848)	('>100', 0.0)	('>500', 0.0)	('>1k', 0.0)	('>5k', 0.0)	('>10k+', 0.0)
SRR27013340_1	(1.0, 59.38532738723234)	(2.0, 20.999262996994986)	(3.0, 8.89711230748266)	(4.0, 4.295776183463962)	(5.0, 2.2331888256749366)	(6.0, 1.2555484895742244)	(7.0, 0.7230923695360767)	(8.0, 0.5163332379696421)	(9.0, 0.30815243663860936)	('>10', 1.3479565113495677)	('>50', 0.03824925408293872)	('>100', 0.0)	('>500', 0.0)	('>1k', 0.0)	('>5k', 0.0)	('>10k+', 0.0)
SRR27013340_2	(1.0, 64.49675915366964)	(2.0, 18.933942217954716)	(3.0, 7.931633971288365)	(4.0, 3.660406601421439)	(5.0, 1.8234154176299695)	(6.0, 0.9539083431115097)	(7.0, 0.5701496489525573)	(8.0, 0.3374968967799561)	(9.0, 0.24836554114652415)	('>10', 1.0249359618868332)	('>50', 0.018986246158485296)	('>100', 0.0)	('>500', 0.0)	('>1k', 0.0)	('>5k', 0.0)	('>10k+', 0.0)
SRR27013341_1	(1.0, 46.9729250273192)	(2.0, 20.612527280425073)	(3.0, 11.117480006941978)	(4.0, 6.416138868089874)	(5.0, 4.027060173540513)	(6.0, 2.504045421423366)	(7.0, 1.7146203865975416)	(8.0, 1.245583409009107)	(9.0, 0.844759853438409)	('>10', 3.978751806357845)	('>50', 0.4364426748720041)	('>100', 0.12966509198504456)	('>500', 0.0)	('>1k', 0.0)	('>5k', 0.0)	('>10k+', 0.0)
SRR27013341_2	(1.0, 51.103108481571965)	(2.0, 19.429565842920724)	(3.0, 10.49698056069217)	(4.0, 5.8949458861337956)	(5.0, 3.5850377511600398)	(6.0, 2.2367061441993776)	(7.0, 1.5479313217288297)	(8.0, 1.0487383426582442)	(9.0, 0.7402474485288958)	('>10', 3.447102916555723)	('>50', 0.4115412573477483)	('>100', 0.05809404650252397)	('>500', 0.0)	('>1k', 0.0)	('>5k', 0.0)	('>10k+', 0.0)
SRR27013342_1	(1.0, 51.9762662654623)	(2.0, 20.80419578838386)	(3.0, 10.132995249842642)	(4.0, 5.703297601394971)	(5.0, 3.23404940581506)	(6.0, 1.993232268670731)	(7.0, 1.287803676240736)	(8.0, 0.8276441711321284)	(9.0, 0.6498257039308927)	('>10', 3.0552723615593647)	('>50', 0.2964851182961363)	('>100', 0.038932389271209816)	('>500', 0.0)	('>1k', 0.0)	('>5k', 0.0)	('>10k+', 0.0)
SRR27013342_2	(1.0, 56.721614231505434)	(2.0, 19.409586068033697)	(3.0, 9.509426315495904)	(4.0, 4.929707246156262)	(5.0, 2.815310692025549)	(6.0, 1.6259480681273246)	(7.0, 1.0626643756912537)	(8.0, 0.7406333873757106)	(9.0, 0.4752392809420414)	('>10', 2.4941873841057602)	('>50', 0.19134653205754998)	('>100', 0.02433641848350997)	('>500', 0.0)	('>1k', 0.0)	('>5k', 0.0)	('>10k+', 0.0)
SRR27013343_1	(1.0, 45.04725303186167)	(2.0, 17.453526692436718)	(3.0, 8.625147301653271)	(4.0, 4.8072666678727565)	(5.0, 2.882682606643813)	(6.0, 1.7105311995791121)	(7.0, 1.2078338491703393)	(8.0, 0.9039728170890844)	(9.0, 0.6513789448712854)	('>10', 7.149193433797163)	('>50', 3.447377985105524)	('>100', 5.490619316164329)	('>500', 0.6232161537549433)	('>1k', 0.0)	('>5k', 0.0)	('>10k+', 0.0)
SRR27013343_2	(1.0, 49.42929793447416)	(2.0, 16.377341556054876)	(3.0, 8.075312101228832)	(4.0, 4.235458734029685)	(5.0, 2.5509071828046177)	(6.0, 1.535797727841998)	(7.0, 1.0688604827215744)	(8.0, 0.6836888061424946)	(9.0, 0.5699180679377941)	('>10', 6.699299960630109)	('>50', 3.262854809860876)	('>100', 4.936520139439699)	('>500', 0.5747424968333298)	('>1k', 0.0)	('>5k', 0.0)	('>10k+', 0.0)
