Sample	0	1	2	3	4	5	6	7	8	9	10	11	12	13	14	15	16	17	18	19	20	21
SRR27013147_1	(30.0, 945855.0)																					
SRR27013147_2	(30.0, 945855.0)																					
SRR27013147_Genome_Sequencing_of_Listeria_monocytogenes_SA_outbreak_2017_1	(30.0, 945855.0)																					
SRR27013147_Genome_Sequencing_of_Listeria_monocytogenes_SA_outbreak_2017_2	(30.0, 945855.0)																					
SRR27013245_1	(30.0, 628695.0)																					
SRR27013245_2	(30.0, 628695.0)																					
SRR27013245_Genome_Sequencing_of_Listeria_monocytogenes_SA_outbreak_2017_1	(30.0, 628695.0)																					
SRR27013245_Genome_Sequencing_of_Listeria_monocytogenes_SA_outbreak_2017_2	(30.0, 628695.0)																					
SRR27013246_1	(30.0, 491294.0)																					
SRR27013246_2	(30.0, 491294.0)																					
SRR27013246_Genome_Sequencing_of_Listeria_monocytogenes_SA_outbreak_2017_1	(30.0, 491294.0)																					
SRR27013246_Genome_Sequencing_of_Listeria_monocytogenes_SA_outbreak_2017_2	(30.0, 491294.0)																					
SRR27013247_1	(30.0, 418245.0)																					
SRR27013247_2	(30.0, 418245.0)																					
SRR27013247_Genome_Sequencing_of_Listeria_monocytogenes_SA_outbreak_2017_1	(30.0, 418245.0)																					
SRR27013247_Genome_Sequencing_of_Listeria_monocytogenes_SA_outbreak_2017_2	(30.0, 418245.0)																					
SRR27013248_1	(30.0, 604965.0)																					
SRR27013248_2	(30.0, 604965.0)																					
SRR27013249_1	(30.0, 540271.0)																					
SRR27013249_2	(30.0, 540271.0)																					
SRR27013249_Genome_Sequencing_of_Listeria_monocytogenes_SA_outbreak_2017_1	(30.0, 540271.0)																					
SRR27013249_Genome_Sequencing_of_Listeria_monocytogenes_SA_outbreak_2017_2	(30.0, 540271.0)																					
SRR27013250_1	(30.0, 694326.0)																					
SRR27013250_2	(30.0, 694326.0)																					
SRR27013250_Genome_Sequencing_of_Listeria_monocytogenes_SA_outbreak_2017_1	(30.0, 694326.0)																					
SRR27013250_Genome_Sequencing_of_Listeria_monocytogenes_SA_outbreak_2017_2	(30.0, 694326.0)																					
SRR27013251_1	(30.0, 497479.0)																					
SRR27013251_2	(30.0, 497479.0)																					
SRR27013251_Genome_Sequencing_of_Listeria_monocytogenes_SA_outbreak_2017_1	(30.0, 497479.0)																					
SRR27013251_Genome_Sequencing_of_Listeria_monocytogenes_SA_outbreak_2017_2	(30.0, 497479.0)																					
SRR27013252_1	(30.0, 561627.0)																					
SRR27013252_2	(30.0, 561627.0)																					
SRR27013252_Genome_Sequencing_of_Listeria_monocytogenes_SA_outbreak_2017_1	(30.0, 561627.0)																					
SRR27013252_Genome_Sequencing_of_Listeria_monocytogenes_SA_outbreak_2017_2	(30.0, 561627.0)																					
SRR27013253_1	(30.0, 505237.0)																					
SRR27013253_2	(30.0, 505237.0)																					
SRR27013254_1	(30.0, 597439.0)																					
SRR27013254_2	(30.0, 597439.0)																					
SRR27013254_Genome_Sequencing_of_Listeria_monocytogenes_SA_outbreak_2017_1	(30.0, 597439.0)																					
SRR27013254_Genome_Sequencing_of_Listeria_monocytogenes_SA_outbreak_2017_2	(30.0, 597439.0)																					
SRR27013255_1	(30.0, 567956.0)																					
SRR27013255_2	(30.0, 567956.0)																					
SRR27013255_Genome_Sequencing_of_Listeria_monocytogenes_SA_outbreak_2017_1	(30.0, 567956.0)																					
SRR27013255_Genome_Sequencing_of_Listeria_monocytogenes_SA_outbreak_2017_2	(30.0, 567956.0)																					
SRR27013256_1	(30.0, 591901.0)																					
SRR27013256_2	(30.0, 591901.0)																					
SRR27013256_Genome_Sequencing_of_Listeria_monocytogenes_SA_outbreak_2017_1	(30.0, 91632.0)																					
SRR27013256_Genome_Sequencing_of_Listeria_monocytogenes_SA_outbreak_2017_2	(30.0, 91632.0)																					
SRR27013257_1	(30.0, 508471.0)																					
SRR27013257_2	(30.0, 508471.0)																					
SRR27013258_1	(30.0, 516793.0)																					
SRR27013258_2	(30.0, 516793.0)																					
SRR27013259_1	(30.0, 509749.0)																					
SRR27013259_2	(30.0, 509749.0)																					
SRR27013260_1	(30.0, 623414.0)																					
SRR27013260_2	(30.0, 623414.0)																					
SRR27013261_1	(30.0, 636493.0)																					
SRR27013261_2	(30.0, 636493.0)																					
SRR27013262_1	(30.0, 644036.0)																					
SRR27013262_2	(30.0, 644036.0)																					
SRR27013263_1	(30.0, 675566.0)																					
SRR27013263_2	(30.0, 675566.0)																					
SRR27013264_1	(30.0, 715367.0)																					
SRR27013264_2	(30.0, 715367.0)																					
SRR27013265_1	(30.0, 1077573.0)																					
SRR27013265_2	(30.0, 1077573.0)																					
SRR27013266_1	(30.0, 891736.0)																					
SRR27013266_2	(30.0, 891736.0)																					
SRR27013267_1	(30.0, 832056.0)																					
SRR27013267_2	(30.0, 832056.0)																					
SRR27013268_1	(19.0, 3.0)	(20.0, 39.0)	(21.0, 344.0)	(22.0, 658.0)	(23.0, 1030.0)	(24.0, 1611.0)	(25.0, 2465.0)	(26.0, 4020.0)	(27.0, 6357.0)	(28.0, 9975.0)	(29.0, 14866.0)	(30.0, 21312.0)	(31.0, 30361.0)	(32.0, 41698.0)	(33.0, 56731.0)	(34.0, 78901.0)	(35.0, 117590.0)	(36.0, 212697.0)	(37.0, 701602.0)			
SRR27013268_2	(16.0, 1.0)	(17.0, 5.0)	(18.0, 13.0)	(19.0, 62.0)	(20.0, 1581.0)	(21.0, 5845.0)	(22.0, 8347.0)	(23.0, 10319.0)	(24.0, 12825.0)	(25.0, 15371.0)	(26.0, 19342.0)	(27.0, 23682.0)	(28.0, 28916.0)	(29.0, 35399.0)	(30.0, 44222.0)	(31.0, 55262.0)	(32.0, 70681.0)	(33.0, 91392.0)	(34.0, 121272.0)	(35.0, 163676.0)	(36.0, 226409.0)	(37.0, 367638.0)
SRR27013269_1	(20.0, 24.0)	(21.0, 189.0)	(22.0, 390.0)	(23.0, 667.0)	(24.0, 1176.0)	(25.0, 1906.0)	(26.0, 3159.0)	(27.0, 5049.0)	(28.0, 7685.0)	(29.0, 11386.0)	(30.0, 15832.0)	(31.0, 21970.0)	(32.0, 29398.0)	(33.0, 39670.0)	(34.0, 54895.0)	(35.0, 80895.0)	(36.0, 141507.0)	(37.0, 332342.0)				
SRR27013269_2	(16.0, 1.0)	(17.0, 3.0)	(18.0, 10.0)	(19.0, 43.0)	(20.0, 1422.0)	(21.0, 5183.0)	(22.0, 7205.0)	(23.0, 8773.0)	(24.0, 10638.0)	(25.0, 12636.0)	(26.0, 15409.0)	(27.0, 18354.0)	(28.0, 22116.0)	(29.0, 26815.0)	(30.0, 32560.0)	(31.0, 39827.0)	(32.0, 49431.0)	(33.0, 62981.0)	(34.0, 79316.0)	(35.0, 99239.0)	(36.0, 117521.0)	(37.0, 138657.0)
SRR27013270_1	(30.0, 414930.0)																					
SRR27013270_2	(30.0, 414930.0)																					
SRR27013271_1	(30.0, 766488.0)																					
SRR27013271_2	(30.0, 766488.0)																					
SRR27013272_1	(30.0, 663994.0)																					
SRR27013272_2	(30.0, 663994.0)																					
SRR27013273_1	(30.0, 917324.0)																					
SRR27013273_2	(30.0, 917324.0)																					
SRR27013274_1	(30.0, 970245.0)																					
SRR27013274_2	(30.0, 970245.0)																					
SRR27013275_1	(30.0, 1051245.0)																					
SRR27013275_2	(30.0, 1051245.0)																					
SRR27013276_1	(30.0, 715620.0)																					
SRR27013276_2	(30.0, 715620.0)																					
SRR27013277_1	(30.0, 502249.0)																					
SRR27013277_2	(30.0, 502249.0)																					
SRR27013278_1	(30.0, 662667.0)																					
SRR27013278_2	(30.0, 662667.0)																					
SRR27013279_1	(30.0, 569516.0)																					
SRR27013279_2	(30.0, 569516.0)																					
SRR27013280_1	(30.0, 711439.0)																					
SRR27013280_2	(30.0, 711439.0)																					
SRR27013281_1	(30.0, 447184.0)																					
SRR27013281_2	(30.0, 447184.0)																					
SRR27013282_1	(30.0, 673885.0)																					
SRR27013282_2	(30.0, 673885.0)																					
SRR27013283_1	(30.0, 1021183.0)																					
SRR27013283_2	(30.0, 1021183.0)																					
SRR27013284_1	(30.0, 1036957.0)																					
SRR27013284_2	(30.0, 1036957.0)																					
SRR27013285_1	(30.0, 934260.0)																					
SRR27013285_2	(30.0, 934260.0)																					
SRR27013286_1	(30.0, 870619.0)																					
SRR27013286_2	(30.0, 870619.0)																					
SRR27013287_1	(30.0, 585572.0)																					
SRR27013287_2	(30.0, 585572.0)																					
SRR27013288_1	(30.0, 518905.0)																					
SRR27013288_2	(30.0, 518905.0)																					
SRR27013289_1	(30.0, 680344.0)																					
SRR27013289_2	(30.0, 680344.0)																					
SRR27013290_1	(30.0, 812398.0)																					
SRR27013290_2	(30.0, 812398.0)																					
SRR27013291_1	(30.0, 1005688.0)																					
SRR27013291_2	(30.0, 1005688.0)																					
SRR27013292_1	(30.0, 439029.0)																					
SRR27013292_2	(30.0, 439029.0)																					
SRR27013293_1	(30.0, 995709.0)																					
SRR27013293_2	(30.0, 995709.0)																					
SRR27013294_1	(30.0, 985738.0)																					
SRR27013294_2	(30.0, 985738.0)																					
SRR27013295_1	(30.0, 677519.0)																					
SRR27013295_2	(30.0, 677519.0)																					
SRR27013296_1	(30.0, 541338.0)																					
SRR27013296_2	(30.0, 541338.0)																					
SRR27013297_1	(30.0, 823995.0)																					
SRR27013297_2	(30.0, 823995.0)																					
SRR27013298_1	(30.0, 765258.0)																					
SRR27013298_2	(30.0, 765258.0)																					
SRR27013299_1	(30.0, 810971.0)																					
SRR27013299_2	(30.0, 810971.0)																					
SRR27013300_1	(30.0, 683908.0)																					
SRR27013300_2	(30.0, 683908.0)																					
SRR27013301_1	(30.0, 743367.0)																					
SRR27013301_2	(30.0, 743367.0)																					
SRR27013302_1	(30.0, 782326.0)																					
SRR27013302_2	(30.0, 782326.0)																					
SRR27013303_1	(30.0, 767602.0)																					
SRR27013303_2	(30.0, 767602.0)																					
SRR27013304_1	(30.0, 976911.0)																					
SRR27013304_2	(30.0, 976911.0)																					
SRR27013305_1	(30.0, 496761.0)																					
SRR27013305_2	(30.0, 496761.0)																					
SRR27013306_1	(30.0, 722530.0)																					
SRR27013306_2	(30.0, 722530.0)																					
SRR27013307_1	(30.0, 557962.0)																					
SRR27013307_2	(30.0, 557962.0)																					
SRR27013308_1	(30.0, 633881.0)																					
SRR27013308_2	(30.0, 633881.0)																					
SRR27013309_1	(30.0, 621733.0)																					
SRR27013309_2	(30.0, 621733.0)																					
SRR27013310_1	(19.0, 1.0)	(20.0, 40.0)	(21.0, 389.0)	(22.0, 836.0)	(23.0, 1446.0)	(24.0, 2342.0)	(25.0, 3797.0)	(26.0, 5750.0)	(27.0, 8813.0)	(28.0, 12615.0)	(29.0, 17217.0)	(30.0, 23020.0)	(31.0, 30462.0)	(32.0, 39402.0)	(33.0, 50047.0)	(34.0, 64419.0)	(35.0, 82674.0)	(36.0, 107244.0)	(37.0, 143602.0)			
SRR27013310_2	(19.0, 22.0)	(20.0, 1574.0)	(21.0, 7593.0)	(22.0, 11168.0)	(23.0, 13956.0)	(24.0, 17072.0)	(25.0, 20400.0)	(26.0, 24143.0)	(27.0, 28364.0)	(28.0, 33753.0)	(29.0, 38858.0)	(30.0, 43598.0)	(31.0, 47124.0)	(32.0, 48714.0)	(33.0, 47643.0)	(34.0, 45964.0)	(35.0, 47836.0)	(36.0, 55399.0)	(37.0, 60935.0)			
SRR27013311_1	(30.0, 633195.0)																					
SRR27013311_2	(30.0, 633195.0)																					
SRR27013312_1	(19.0, 5.0)	(20.0, 45.0)	(21.0, 304.0)	(22.0, 624.0)	(23.0, 1140.0)	(24.0, 1862.0)	(25.0, 2961.0)	(26.0, 4604.0)	(27.0, 6928.0)	(28.0, 9787.0)	(29.0, 13249.0)	(30.0, 17442.0)	(31.0, 22736.0)	(32.0, 29431.0)	(33.0, 37981.0)	(34.0, 50842.0)	(35.0, 70188.0)	(36.0, 101551.0)	(37.0, 153867.0)			
SRR27013312_2	(19.0, 26.0)	(20.0, 1135.0)	(21.0, 4169.0)	(22.0, 5577.0)	(23.0, 6768.0)	(24.0, 8025.0)	(25.0, 9939.0)	(26.0, 12013.0)	(27.0, 14718.0)	(28.0, 17672.0)	(29.0, 21486.0)	(30.0, 26309.0)	(31.0, 32400.0)	(32.0, 39807.0)	(33.0, 48536.0)	(34.0, 58480.0)	(35.0, 63827.0)	(36.0, 66381.0)	(37.0, 88279.0)			
SRR27013313_1	(18.0, 2.0)	(19.0, 4.0)	(20.0, 54.0)	(21.0, 286.0)	(22.0, 654.0)	(23.0, 1157.0)	(24.0, 1927.0)	(25.0, 3115.0)	(26.0, 4901.0)	(27.0, 7328.0)	(28.0, 10420.0)	(29.0, 14016.0)	(30.0, 18845.0)	(31.0, 24788.0)	(32.0, 32236.0)	(33.0, 41843.0)	(34.0, 56152.0)	(35.0, 79715.0)	(36.0, 118704.0)	(37.0, 185020.0)		
SRR27013313_2	(19.0, 36.0)	(20.0, 1312.0)	(21.0, 5016.0)	(22.0, 6765.0)	(23.0, 8233.0)	(24.0, 9945.0)	(25.0, 11928.0)	(26.0, 14277.0)	(27.0, 17458.0)	(28.0, 20601.0)	(29.0, 25429.0)	(30.0, 30352.0)	(31.0, 37126.0)	(32.0, 45679.0)	(33.0, 55248.0)	(34.0, 65764.0)	(35.0, 73115.0)	(36.0, 76139.0)	(37.0, 96744.0)			
SRR27013314_1	(30.0, 817716.0)																					
SRR27013314_2	(30.0, 817716.0)																					
SRR27013315_1	(30.0, 692170.0)																					
SRR27013315_2	(30.0, 692170.0)																					
SRR27013316_1	(30.0, 652071.0)																					
SRR27013316_2	(30.0, 652071.0)																					
SRR27013317_1	(30.0, 679402.0)																					
SRR27013317_2	(30.0, 679402.0)																					
SRR27013318_1	(30.0, 454517.0)																					
SRR27013318_2	(30.0, 454517.0)																					
SRR27013319_1	(30.0, 474898.0)																					
SRR27013319_2	(30.0, 474898.0)																					
SRR27013320_1	(30.0, 672252.0)																					
SRR27013320_2	(30.0, 672252.0)																					
SRR27013321_1	(19.0, 7.0)	(20.0, 54.0)	(21.0, 357.0)	(22.0, 749.0)	(23.0, 1378.0)	(24.0, 2134.0)	(25.0, 3360.0)	(26.0, 5218.0)	(27.0, 7702.0)	(28.0, 10922.0)	(29.0, 15086.0)	(30.0, 20374.0)	(31.0, 26687.0)	(32.0, 35097.0)	(33.0, 46131.0)	(34.0, 62458.0)	(35.0, 89583.0)	(36.0, 139115.0)	(37.0, 257064.0)			
SRR27013321_2	(19.0, 30.0)	(20.0, 1331.0)	(21.0, 4921.0)	(22.0, 6741.0)	(23.0, 8336.0)	(24.0, 10331.0)	(25.0, 12695.0)	(26.0, 15316.0)	(27.0, 18845.0)	(28.0, 22540.0)	(29.0, 27284.0)	(30.0, 33306.0)	(31.0, 41237.0)	(32.0, 51466.0)	(33.0, 62797.0)	(34.0, 76231.0)	(35.0, 88413.0)	(36.0, 100742.0)	(37.0, 140914.0)			
SRR27013322_1	(30.0, 750952.0)																					
SRR27013322_2	(30.0, 750952.0)																					
SRR27013323_1	(30.0, 575545.0)																					
SRR27013323_2	(30.0, 575545.0)																					
SRR27013324_1	(30.0, 656198.0)																					
SRR27013324_2	(30.0, 656198.0)																					
SRR27013325_1	(30.0, 746323.0)																					
SRR27013325_2	(30.0, 746323.0)																					
SRR27013326_1	(30.0, 667639.0)																					
SRR27013326_2	(30.0, 667639.0)																					
SRR27013327_1	(30.0, 640960.0)																					
SRR27013327_2	(30.0, 640960.0)																					
SRR27013328_1	(30.0, 624379.0)																					
SRR27013328_2	(30.0, 624379.0)																					
SRR27013329_1	(19.0, 6.0)	(20.0, 84.0)	(21.0, 493.0)	(22.0, 1050.0)	(23.0, 1820.0)	(24.0, 2890.0)	(25.0, 4715.0)	(26.0, 7362.0)	(27.0, 10932.0)	(28.0, 15133.0)	(29.0, 20797.0)	(30.0, 27526.0)	(31.0, 35542.0)	(32.0, 45948.0)	(33.0, 58990.0)	(34.0, 78034.0)	(35.0, 106851.0)	(36.0, 155508.0)	(37.0, 235509.0)			
SRR27013329_2	(19.0, 56.0)	(20.0, 1999.0)	(21.0, 6905.0)	(22.0, 9777.0)	(23.0, 12031.0)	(24.0, 14635.0)	(25.0, 17849.0)	(26.0, 21163.0)	(27.0, 25618.0)	(28.0, 30900.0)	(29.0, 36822.0)	(30.0, 44190.0)	(31.0, 53004.0)	(32.0, 63985.0)	(33.0, 75659.0)	(34.0, 87362.0)	(35.0, 95659.0)	(36.0, 102580.0)	(37.0, 108996.0)			
SRR27013330_1	(19.0, 4.0)	(20.0, 60.0)	(21.0, 397.0)	(22.0, 846.0)	(23.0, 1457.0)	(24.0, 2473.0)	(25.0, 4108.0)	(26.0, 6545.0)	(27.0, 10220.0)	(28.0, 14724.0)	(29.0, 20661.0)	(30.0, 28016.0)	(31.0, 36387.0)	(32.0, 47712.0)	(33.0, 61482.0)	(34.0, 80743.0)	(35.0, 112068.0)	(36.0, 168676.0)	(37.0, 257437.0)			
SRR27013330_2	(18.0, 2.0)	(19.0, 106.0)	(20.0, 3267.0)	(21.0, 11201.0)	(22.0, 14498.0)	(23.0, 17247.0)	(24.0, 20437.0)	(25.0, 24145.0)	(26.0, 28077.0)	(27.0, 32482.0)	(28.0, 37516.0)	(29.0, 44232.0)	(30.0, 51094.0)	(31.0, 60310.0)	(32.0, 69495.0)	(33.0, 79900.0)	(34.0, 88293.0)	(35.0, 90495.0)	(36.0, 90523.0)	(37.0, 90696.0)		
SRR27013331_1	(30.0, 887572.0)																					
SRR27013331_2	(30.0, 887572.0)																					
SRR27013332_1	(30.0, 823906.0)																					
SRR27013332_2	(30.0, 823906.0)																					
SRR27013333_1	(30.0, 898356.0)																					
SRR27013333_2	(30.0, 898356.0)																					
SRR27013334_1	(30.0, 1069597.0)																					
SRR27013334_2	(30.0, 1069597.0)																					
SRR27013335_1	(30.0, 837038.0)																					
SRR27013335_2	(30.0, 837038.0)																					
SRR27013336_1	(19.0, 5.0)	(20.0, 54.0)	(21.0, 274.0)	(22.0, 593.0)	(23.0, 1021.0)	(24.0, 1853.0)	(25.0, 3125.0)	(26.0, 5157.0)	(27.0, 8142.0)	(28.0, 12123.0)	(29.0, 17032.0)	(30.0, 23663.0)	(31.0, 31488.0)	(32.0, 41352.0)	(33.0, 53589.0)	(34.0, 71772.0)	(35.0, 100554.0)	(36.0, 157568.0)	(37.0, 267671.0)			
SRR27013336_2	(18.0, 1.0)	(19.0, 98.0)	(20.0, 3419.0)	(21.0, 11381.0)	(22.0, 14802.0)	(23.0, 17663.0)	(24.0, 20195.0)	(25.0, 23387.0)	(26.0, 26993.0)	(27.0, 30627.0)	(28.0, 35581.0)	(29.0, 41111.0)	(30.0, 47340.0)	(31.0, 55041.0)	(32.0, 63404.0)	(33.0, 72566.0)	(34.0, 80299.0)	(35.0, 83793.0)	(36.0, 83883.0)	(37.0, 85452.0)		
SRR27013337_1	(30.0, 659598.0)																					
SRR27013337_2	(30.0, 659598.0)																					
SRR27013338_1	(18.0, 1.0)	(19.0, 0.0)	(20.0, 25.0)	(21.0, 177.0)	(22.0, 446.0)	(23.0, 796.0)	(24.0, 1388.0)	(25.0, 2167.0)	(26.0, 3673.0)	(27.0, 5762.0)	(28.0, 8107.0)	(29.0, 11791.0)	(30.0, 16315.0)	(31.0, 21789.0)	(32.0, 29129.0)	(33.0, 38266.0)	(34.0, 52370.0)	(35.0, 77332.0)	(36.0, 130337.0)	(37.0, 246851.0)		
SRR27013338_2	(19.0, 20.0)	(20.0, 1392.0)	(21.0, 5750.0)	(22.0, 7900.0)	(23.0, 9821.0)	(24.0, 11783.0)	(25.0, 13895.0)	(26.0, 16792.0)	(27.0, 19983.0)	(28.0, 24042.0)	(29.0, 28743.0)	(30.0, 34779.0)	(31.0, 42578.0)	(32.0, 53518.0)	(33.0, 65561.0)	(34.0, 78371.0)	(35.0, 83365.0)	(36.0, 75090.0)	(37.0, 73339.0)			
SRR27013339_1	(30.0, 706394.0)																					
SRR27013339_2	(30.0, 706394.0)																					
SRR27013340_1	(30.0, 601689.0)																					
SRR27013340_2	(30.0, 601689.0)																					
SRR27013341_1	(30.0, 1096876.0)																					
SRR27013341_2	(30.0, 1096876.0)																					
SRR27013342_1	(30.0, 868986.0)																					
SRR27013342_2	(30.0, 868986.0)																					
SRR27013343_1	(30.0, 1037098.0)																					
SRR27013343_2	(30.0, 1037098.0)																					
