Sample	0	1	2	3	4	5	6	7	8	9	10	11	12	13	14	15	16	17	18	19	20	21	22	23	24	25	26	27
SRR27013147_1	(30, 4231.0)	(40, 11341.0)	(50, 12450.0)	(60, 13119.0)	(70, 13098.0)	(80, 13086.0)	(90, 12884.0)	(100, 13134.0)	(110, 13294.0)	(120, 13358.0)	(130, 13734.0)	(140, 13976.0)	(150, 14877.0)	(160, 15669.0)	(170, 16186.0)	(180, 17386.0)	(190, 18324.0)	(200, 19788.0)	(210, 21517.0)	(220, 22959.0)	(230, 24343.0)	(240, 25585.0)	(250, 26856.0)	(260, 27203.0)	(270, 27653.0)	(280, 27864.0)	(290, 59697.0)	(300, 432243.0)
SRR27013147_2	(30, 4239.0)	(40, 11377.0)	(50, 12486.0)	(60, 13157.0)	(70, 13141.0)	(80, 13120.0)	(90, 12919.0)	(100, 13157.0)	(110, 13313.0)	(120, 13396.0)	(130, 13786.0)	(140, 14025.0)	(150, 14920.0)	(160, 15718.0)	(170, 16220.0)	(180, 17437.0)	(190, 18345.0)	(200, 19830.0)	(210, 21562.0)	(220, 22986.0)	(230, 24369.0)	(240, 25618.0)	(250, 27112.0)	(260, 27806.0)	(270, 28024.0)	(280, 28073.0)	(290, 53086.0)	(300, 436633.0)
SRR27013147_Genome_Sequencing_of_Listeria_monocytogenes_SA_outbreak_2017_1	(30, 4231.0)	(40, 11341.0)	(50, 12450.0)	(60, 13119.0)	(70, 13098.0)	(80, 13086.0)	(90, 12884.0)	(100, 13134.0)	(110, 13294.0)	(120, 13358.0)	(130, 13734.0)	(140, 13976.0)	(150, 14877.0)	(160, 15669.0)	(170, 16186.0)	(180, 17386.0)	(190, 18324.0)	(200, 19788.0)	(210, 21517.0)	(220, 22959.0)	(230, 24343.0)	(240, 25585.0)	(250, 26856.0)	(260, 27203.0)	(270, 27653.0)	(280, 27864.0)	(290, 59697.0)	(300, 432243.0)
SRR27013147_Genome_Sequencing_of_Listeria_monocytogenes_SA_outbreak_2017_2	(30, 4239.0)	(40, 11377.0)	(50, 12486.0)	(60, 13157.0)	(70, 13141.0)	(80, 13120.0)	(90, 12919.0)	(100, 13157.0)	(110, 13313.0)	(120, 13396.0)	(130, 13786.0)	(140, 14025.0)	(150, 14920.0)	(160, 15718.0)	(170, 16220.0)	(180, 17437.0)	(190, 18345.0)	(200, 19830.0)	(210, 21562.0)	(220, 22986.0)	(230, 24369.0)	(240, 25618.0)	(250, 27112.0)	(260, 27806.0)	(270, 28024.0)	(280, 28073.0)	(290, 53086.0)	(300, 436633.0)
SRR27013245_1	(30, 674.0)	(40, 1682.0)	(50, 1923.0)	(60, 2088.0)	(70, 2250.0)	(80, 2380.0)	(90, 2477.0)	(100, 2689.0)	(110, 2925.0)	(120, 3176.0)	(130, 3430.0)	(140, 3802.0)	(150, 4216.0)	(160, 4853.0)	(170, 5291.0)	(180, 6036.0)	(190, 6876.0)	(200, 7510.0)	(210, 8480.0)	(220, 9531.0)	(230, 10461.0)	(240, 11481.0)	(250, 12363.0)	(260, 13614.0)	(270, 14634.0)	(280, 15693.0)	(290, 47722.0)	(300, 420438.0)
SRR27013245_2	(30, 673.0)	(40, 1680.0)	(50, 1923.0)	(60, 2089.0)	(70, 2255.0)	(80, 2382.0)	(90, 2485.0)	(100, 2701.0)	(110, 2929.0)	(120, 3182.0)	(130, 3434.0)	(140, 3815.0)	(150, 4215.0)	(160, 4850.0)	(170, 5292.0)	(180, 6052.0)	(190, 6869.0)	(200, 7508.0)	(210, 8492.0)	(220, 9530.0)	(230, 10456.0)	(240, 11498.0)	(250, 12349.0)	(260, 13594.0)	(270, 14533.0)	(280, 15593.0)	(290, 42576.0)	(300, 425740.0)
SRR27013245_Genome_Sequencing_of_Listeria_monocytogenes_SA_outbreak_2017_1	(30, 674.0)	(40, 1682.0)	(50, 1923.0)	(60, 2088.0)	(70, 2250.0)	(80, 2380.0)	(90, 2477.0)	(100, 2689.0)	(110, 2925.0)	(120, 3176.0)	(130, 3430.0)	(140, 3802.0)	(150, 4216.0)	(160, 4853.0)	(170, 5291.0)	(180, 6036.0)	(190, 6876.0)	(200, 7510.0)	(210, 8480.0)	(220, 9531.0)	(230, 10461.0)	(240, 11481.0)	(250, 12363.0)	(260, 13614.0)	(270, 14634.0)	(280, 15693.0)	(290, 47722.0)	(300, 420438.0)
SRR27013245_Genome_Sequencing_of_Listeria_monocytogenes_SA_outbreak_2017_2	(30, 673.0)	(40, 1680.0)	(50, 1923.0)	(60, 2089.0)	(70, 2255.0)	(80, 2382.0)	(90, 2485.0)	(100, 2701.0)	(110, 2929.0)	(120, 3182.0)	(130, 3434.0)	(140, 3815.0)	(150, 4215.0)	(160, 4850.0)	(170, 5292.0)	(180, 6052.0)	(190, 6869.0)	(200, 7508.0)	(210, 8492.0)	(220, 9530.0)	(230, 10456.0)	(240, 11498.0)	(250, 12349.0)	(260, 13594.0)	(270, 14533.0)	(280, 15593.0)	(290, 42576.0)	(300, 425740.0)
SRR27013246_1	(30, 377.0)	(40, 875.0)	(50, 946.0)	(60, 1092.0)	(70, 1211.0)	(80, 1444.0)	(90, 1641.0)	(100, 1761.0)	(110, 2003.0)	(120, 2330.0)	(130, 2593.0)	(140, 2890.0)	(150, 3390.0)	(160, 3969.0)	(170, 4511.0)	(180, 5110.0)	(190, 5716.0)	(200, 6454.0)	(210, 7089.0)	(220, 7783.0)	(230, 8402.0)	(240, 9055.0)	(250, 9803.0)	(260, 10130.0)	(270, 10924.0)	(280, 11214.0)	(290, 36328.0)	(300, 332253.0)
SRR27013246_2	(30, 373.0)	(40, 876.0)	(50, 952.0)	(60, 1087.0)	(70, 1207.0)	(80, 1448.0)	(90, 1644.0)	(100, 1765.0)	(110, 2003.0)	(120, 2329.0)	(130, 2597.0)	(140, 2897.0)	(150, 3401.0)	(160, 3970.0)	(170, 4517.0)	(180, 5123.0)	(190, 5730.0)	(200, 6448.0)	(210, 7090.0)	(220, 7790.0)	(230, 8398.0)	(240, 9058.0)	(250, 9807.0)	(260, 10139.0)	(270, 10918.0)	(280, 11220.0)	(290, 34097.0)	(300, 334410.0)
SRR27013246_Genome_Sequencing_of_Listeria_monocytogenes_SA_outbreak_2017_1	(30, 377.0)	(40, 875.0)	(50, 946.0)	(60, 1092.0)	(70, 1211.0)	(80, 1444.0)	(90, 1641.0)	(100, 1761.0)	(110, 2003.0)	(120, 2330.0)	(130, 2593.0)	(140, 2890.0)	(150, 3390.0)	(160, 3969.0)	(170, 4511.0)	(180, 5110.0)	(190, 5716.0)	(200, 6454.0)	(210, 7089.0)	(220, 7783.0)	(230, 8402.0)	(240, 9055.0)	(250, 9803.0)	(260, 10130.0)	(270, 10924.0)	(280, 11214.0)	(290, 36328.0)	(300, 332253.0)
SRR27013246_Genome_Sequencing_of_Listeria_monocytogenes_SA_outbreak_2017_2	(30, 373.0)	(40, 876.0)	(50, 952.0)	(60, 1087.0)	(70, 1207.0)	(80, 1448.0)	(90, 1644.0)	(100, 1765.0)	(110, 2003.0)	(120, 2329.0)	(130, 2597.0)	(140, 2897.0)	(150, 3401.0)	(160, 3970.0)	(170, 4517.0)	(180, 5123.0)	(190, 5730.0)	(200, 6448.0)	(210, 7090.0)	(220, 7790.0)	(230, 8398.0)	(240, 9058.0)	(250, 9807.0)	(260, 10139.0)	(270, 10918.0)	(280, 11220.0)	(290, 34097.0)	(300, 334410.0)
SRR27013247_1	(30, 131.0)	(40, 312.0)	(50, 374.0)	(60, 456.0)	(70, 493.0)	(80, 573.0)	(90, 648.0)	(100, 723.0)	(110, 884.0)	(120, 1044.0)	(130, 1211.0)	(140, 1460.0)	(150, 1696.0)	(160, 1952.0)	(170, 2449.0)	(180, 2715.0)	(190, 3285.0)	(200, 3717.0)	(210, 4255.0)	(220, 4893.0)	(230, 5400.0)	(240, 5914.0)	(250, 6566.0)	(260, 7160.0)	(270, 7681.0)	(280, 8380.0)	(290, 31712.0)	(300, 312161.0)
SRR27013247_2	(30, 129.0)	(40, 304.0)	(50, 368.0)	(60, 453.0)	(70, 491.0)	(80, 577.0)	(90, 644.0)	(100, 724.0)	(110, 890.0)	(120, 1049.0)	(130, 1212.0)	(140, 1465.0)	(150, 1701.0)	(160, 1958.0)	(170, 2451.0)	(180, 2724.0)	(190, 3284.0)	(200, 3724.0)	(210, 4266.0)	(220, 4902.0)	(230, 5411.0)	(240, 5916.0)	(250, 6573.0)	(260, 7140.0)	(270, 7667.0)	(280, 8370.0)	(290, 29736.0)	(300, 314116.0)
SRR27013247_Genome_Sequencing_of_Listeria_monocytogenes_SA_outbreak_2017_1	(30, 131.0)	(40, 312.0)	(50, 374.0)	(60, 456.0)	(70, 493.0)	(80, 573.0)	(90, 648.0)	(100, 723.0)	(110, 884.0)	(120, 1044.0)	(130, 1211.0)	(140, 1460.0)	(150, 1696.0)	(160, 1952.0)	(170, 2449.0)	(180, 2715.0)	(190, 3285.0)	(200, 3717.0)	(210, 4255.0)	(220, 4893.0)	(230, 5400.0)	(240, 5914.0)	(250, 6566.0)	(260, 7160.0)	(270, 7681.0)	(280, 8380.0)	(290, 31712.0)	(300, 312161.0)
SRR27013247_Genome_Sequencing_of_Listeria_monocytogenes_SA_outbreak_2017_2	(30, 129.0)	(40, 304.0)	(50, 368.0)	(60, 453.0)	(70, 491.0)	(80, 577.0)	(90, 644.0)	(100, 724.0)	(110, 890.0)	(120, 1049.0)	(130, 1212.0)	(140, 1465.0)	(150, 1701.0)	(160, 1958.0)	(170, 2451.0)	(180, 2724.0)	(190, 3284.0)	(200, 3724.0)	(210, 4266.0)	(220, 4902.0)	(230, 5411.0)	(240, 5916.0)	(250, 6573.0)	(260, 7140.0)	(270, 7667.0)	(280, 8370.0)	(290, 29736.0)	(300, 314116.0)
SRR27013248_1	(30, 635.0)	(40, 1590.0)	(50, 1848.0)	(60, 2025.0)	(70, 2261.0)	(80, 2465.0)	(90, 2778.0)	(100, 3195.0)	(110, 3643.0)	(120, 4026.0)	(130, 4413.0)	(140, 5161.0)	(150, 5793.0)	(160, 6650.0)	(170, 7595.0)	(180, 8619.0)	(190, 9890.0)	(200, 11039.0)	(210, 12366.0)	(220, 13643.0)	(230, 14875.0)	(240, 15943.0)	(250, 17190.0)	(260, 18163.0)	(270, 18845.0)	(280, 19682.0)	(290, 45416.0)	(300, 345216.0)
SRR27013248_2	(30, 636.0)	(40, 1588.0)	(50, 1852.0)	(60, 2028.0)	(70, 2262.0)	(80, 2474.0)	(90, 2776.0)	(100, 3204.0)	(110, 3646.0)	(120, 4036.0)	(130, 4415.0)	(140, 5169.0)	(150, 5807.0)	(160, 6673.0)	(170, 7602.0)	(180, 8645.0)	(190, 9911.0)	(200, 11038.0)	(210, 12368.0)	(220, 13648.0)	(230, 14893.0)	(240, 15955.0)	(250, 17205.0)	(260, 18189.0)	(270, 18845.0)	(280, 19661.0)	(290, 42858.0)	(300, 347581.0)
SRR27013249_1	(30, 595.0)	(40, 1526.0)	(50, 1714.0)	(60, 1984.0)	(70, 2052.0)	(80, 2385.0)	(90, 2583.0)	(100, 2718.0)	(110, 3096.0)	(120, 3375.0)	(130, 3896.0)	(140, 4303.0)	(150, 4806.0)	(160, 5272.0)	(170, 6104.0)	(180, 6790.0)	(190, 7551.0)	(200, 8437.0)	(210, 9405.0)	(220, 10278.0)	(230, 11051.0)	(240, 11831.0)	(250, 12849.0)	(260, 13357.0)	(270, 14088.0)	(280, 14760.0)	(290, 39185.0)	(300, 334280.0)
SRR27013249_2	(30, 595.0)	(40, 1522.0)	(50, 1717.0)	(60, 1987.0)	(70, 2050.0)	(80, 2389.0)	(90, 2584.0)	(100, 2719.0)	(110, 3104.0)	(120, 3376.0)	(130, 3904.0)	(140, 4306.0)	(150, 4809.0)	(160, 5281.0)	(170, 6110.0)	(180, 6793.0)	(190, 7564.0)	(200, 8438.0)	(210, 9412.0)	(220, 10272.0)	(230, 11056.0)	(240, 11838.0)	(250, 12863.0)	(260, 13344.0)	(270, 14071.0)	(280, 14738.0)	(290, 37202.0)	(300, 336227.0)
SRR27013249_Genome_Sequencing_of_Listeria_monocytogenes_SA_outbreak_2017_1	(30, 595.0)	(40, 1526.0)	(50, 1714.0)	(60, 1984.0)	(70, 2052.0)	(80, 2385.0)	(90, 2583.0)	(100, 2718.0)	(110, 3096.0)	(120, 3375.0)	(130, 3896.0)	(140, 4303.0)	(150, 4806.0)	(160, 5272.0)	(170, 6104.0)	(180, 6790.0)	(190, 7551.0)	(200, 8437.0)	(210, 9405.0)	(220, 10278.0)	(230, 11051.0)	(240, 11831.0)	(250, 12849.0)	(260, 13357.0)	(270, 14088.0)	(280, 14760.0)	(290, 39185.0)	(300, 334280.0)
SRR27013249_Genome_Sequencing_of_Listeria_monocytogenes_SA_outbreak_2017_2	(30, 595.0)	(40, 1522.0)	(50, 1717.0)	(60, 1987.0)	(70, 2050.0)	(80, 2389.0)	(90, 2584.0)	(100, 2719.0)	(110, 3104.0)	(120, 3376.0)	(130, 3904.0)	(140, 4306.0)	(150, 4809.0)	(160, 5281.0)	(170, 6110.0)	(180, 6793.0)	(190, 7564.0)	(200, 8438.0)	(210, 9412.0)	(220, 10272.0)	(230, 11056.0)	(240, 11838.0)	(250, 12863.0)	(260, 13344.0)	(270, 14071.0)	(280, 14738.0)	(290, 37202.0)	(300, 336227.0)
SRR27013250_1	(30, 492.0)	(40, 1516.0)	(50, 1764.0)	(60, 1930.0)	(70, 2199.0)	(80, 2476.0)	(90, 2770.0)	(100, 3131.0)	(110, 3511.0)	(120, 4028.0)	(130, 4573.0)	(140, 5134.0)	(150, 5844.0)	(160, 6826.0)	(170, 7706.0)	(180, 8863.0)	(190, 10005.0)	(200, 11265.0)	(210, 12620.0)	(220, 13857.0)	(230, 15413.0)	(240, 16623.0)	(250, 17636.0)	(260, 18883.0)	(270, 19810.0)	(280, 20325.0)	(290, 51260.0)	(300, 423866.0)
SRR27013250_2	(30, 490.0)	(40, 1514.0)	(50, 1768.0)	(60, 1933.0)	(70, 2199.0)	(80, 2486.0)	(90, 2772.0)	(100, 3132.0)	(110, 3515.0)	(120, 4028.0)	(130, 4576.0)	(140, 5143.0)	(150, 5861.0)	(160, 6840.0)	(170, 7724.0)	(180, 8883.0)	(190, 10012.0)	(200, 11272.0)	(210, 12637.0)	(220, 13854.0)	(230, 15453.0)	(240, 16653.0)	(250, 17678.0)	(260, 18909.0)	(270, 19810.0)	(280, 20339.0)	(290, 49093.0)	(300, 425752.0)
SRR27013250_Genome_Sequencing_of_Listeria_monocytogenes_SA_outbreak_2017_1	(30, 492.0)	(40, 1516.0)	(50, 1764.0)	(60, 1930.0)	(70, 2199.0)	(80, 2476.0)	(90, 2770.0)	(100, 3131.0)	(110, 3511.0)	(120, 4028.0)	(130, 4573.0)	(140, 5134.0)	(150, 5844.0)	(160, 6826.0)	(170, 7706.0)	(180, 8863.0)	(190, 10005.0)	(200, 11265.0)	(210, 12620.0)	(220, 13857.0)	(230, 15413.0)	(240, 16623.0)	(250, 17636.0)	(260, 18883.0)	(270, 19810.0)	(280, 20325.0)	(290, 51260.0)	(300, 423866.0)
SRR27013250_Genome_Sequencing_of_Listeria_monocytogenes_SA_outbreak_2017_2	(30, 490.0)	(40, 1514.0)	(50, 1768.0)	(60, 1933.0)	(70, 2199.0)	(80, 2486.0)	(90, 2772.0)	(100, 3132.0)	(110, 3515.0)	(120, 4028.0)	(130, 4576.0)	(140, 5143.0)	(150, 5861.0)	(160, 6840.0)	(170, 7724.0)	(180, 8883.0)	(190, 10012.0)	(200, 11272.0)	(210, 12637.0)	(220, 13854.0)	(230, 15453.0)	(240, 16653.0)	(250, 17678.0)	(260, 18909.0)	(270, 19810.0)	(280, 20339.0)	(290, 49093.0)	(300, 425752.0)
SRR27013251_1	(30, 161.0)	(40, 462.0)	(50, 538.0)	(60, 622.0)	(70, 652.0)	(80, 767.0)	(90, 886.0)	(100, 1048.0)	(110, 1165.0)	(120, 1346.0)	(130, 1575.0)	(140, 1844.0)	(150, 2111.0)	(160, 2590.0)	(170, 3045.0)	(180, 3741.0)	(190, 4176.0)	(200, 4799.0)	(210, 5457.0)	(220, 6255.0)	(230, 6841.0)	(240, 7673.0)	(250, 8540.0)	(260, 9271.0)	(270, 9817.0)	(280, 10572.0)	(290, 36070.0)	(300, 365455.0)
SRR27013251_2	(30, 160.0)	(40, 460.0)	(50, 537.0)	(60, 622.0)	(70, 655.0)	(80, 763.0)	(90, 884.0)	(100, 1048.0)	(110, 1165.0)	(120, 1342.0)	(130, 1577.0)	(140, 1846.0)	(150, 2107.0)	(160, 2598.0)	(170, 3054.0)	(180, 3746.0)	(190, 4177.0)	(200, 4805.0)	(210, 5464.0)	(220, 6255.0)	(230, 6824.0)	(240, 7658.0)	(250, 8527.0)	(260, 9242.0)	(270, 9745.0)	(280, 10491.0)	(290, 33532.0)	(300, 368195.0)
SRR27013251_Genome_Sequencing_of_Listeria_monocytogenes_SA_outbreak_2017_1	(30, 161.0)	(40, 462.0)	(50, 538.0)	(60, 622.0)	(70, 652.0)	(80, 767.0)	(90, 886.0)	(100, 1048.0)	(110, 1165.0)	(120, 1346.0)	(130, 1575.0)	(140, 1844.0)	(150, 2111.0)	(160, 2590.0)	(170, 3045.0)	(180, 3741.0)	(190, 4176.0)	(200, 4799.0)	(210, 5457.0)	(220, 6255.0)	(230, 6841.0)	(240, 7673.0)	(250, 8540.0)	(260, 9271.0)	(270, 9817.0)	(280, 10572.0)	(290, 36070.0)	(300, 365455.0)
SRR27013251_Genome_Sequencing_of_Listeria_monocytogenes_SA_outbreak_2017_2	(30, 160.0)	(40, 460.0)	(50, 537.0)	(60, 622.0)	(70, 655.0)	(80, 763.0)	(90, 884.0)	(100, 1048.0)	(110, 1165.0)	(120, 1342.0)	(130, 1577.0)	(140, 1846.0)	(150, 2107.0)	(160, 2598.0)	(170, 3054.0)	(180, 3746.0)	(190, 4177.0)	(200, 4805.0)	(210, 5464.0)	(220, 6255.0)	(230, 6824.0)	(240, 7658.0)	(250, 8527.0)	(260, 9242.0)	(270, 9745.0)	(280, 10491.0)	(290, 33532.0)	(300, 368195.0)
SRR27013252_1	(30, 535.0)	(40, 1356.0)	(50, 1538.0)	(60, 1771.0)	(70, 1962.0)	(80, 2212.0)	(90, 2501.0)	(100, 2662.0)	(110, 3185.0)	(120, 3446.0)	(130, 3928.0)	(140, 4582.0)	(150, 5284.0)	(160, 5875.0)	(170, 6630.0)	(180, 7346.0)	(190, 8341.0)	(200, 9163.0)	(210, 9853.0)	(220, 10692.0)	(230, 11423.0)	(240, 12119.0)	(250, 12887.0)	(260, 13431.0)	(270, 13800.0)	(280, 14295.0)	(290, 40338.0)	(300, 350472.0)
SRR27013252_2	(30, 537.0)	(40, 1353.0)	(50, 1539.0)	(60, 1769.0)	(70, 1962.0)	(80, 2216.0)	(90, 2503.0)	(100, 2664.0)	(110, 3188.0)	(120, 3450.0)	(130, 3938.0)	(140, 4587.0)	(150, 5296.0)	(160, 5887.0)	(170, 6649.0)	(180, 7353.0)	(190, 8352.0)	(200, 9178.0)	(210, 9873.0)	(220, 10713.0)	(230, 11429.0)	(240, 12150.0)	(250, 12904.0)	(260, 13444.0)	(270, 13819.0)	(280, 14311.0)	(290, 37880.0)	(300, 352683.0)
SRR27013252_Genome_Sequencing_of_Listeria_monocytogenes_SA_outbreak_2017_1	(30, 535.0)	(40, 1356.0)	(50, 1538.0)	(60, 1771.0)	(70, 1962.0)	(80, 2212.0)	(90, 2501.0)	(100, 2662.0)	(110, 3185.0)	(120, 3446.0)	(130, 3928.0)	(140, 4582.0)	(150, 5284.0)	(160, 5875.0)	(170, 6630.0)	(180, 7346.0)	(190, 8341.0)	(200, 9163.0)	(210, 9853.0)	(220, 10692.0)	(230, 11423.0)	(240, 12119.0)	(250, 12887.0)	(260, 13431.0)	(270, 13800.0)	(280, 14295.0)	(290, 40338.0)	(300, 350472.0)
SRR27013252_Genome_Sequencing_of_Listeria_monocytogenes_SA_outbreak_2017_2	(30, 537.0)	(40, 1353.0)	(50, 1539.0)	(60, 1769.0)	(70, 1962.0)	(80, 2216.0)	(90, 2503.0)	(100, 2664.0)	(110, 3188.0)	(120, 3450.0)	(130, 3938.0)	(140, 4587.0)	(150, 5296.0)	(160, 5887.0)	(170, 6649.0)	(180, 7353.0)	(190, 8352.0)	(200, 9178.0)	(210, 9873.0)	(220, 10713.0)	(230, 11429.0)	(240, 12150.0)	(250, 12904.0)	(260, 13444.0)	(270, 13819.0)	(280, 14311.0)	(290, 37880.0)	(300, 352683.0)
SRR27013253_1	(30, 219.0)	(40, 537.0)	(50, 548.0)	(60, 618.0)	(70, 718.0)	(80, 803.0)	(90, 923.0)	(100, 1006.0)	(110, 1139.0)	(120, 1265.0)	(130, 1531.0)	(140, 1738.0)	(150, 2060.0)	(160, 2486.0)	(170, 2859.0)	(180, 3372.0)	(190, 4026.0)	(200, 4423.0)	(210, 5251.0)	(220, 5947.0)	(230, 6724.0)	(240, 7504.0)	(250, 8133.0)	(260, 9029.0)	(270, 9794.0)	(280, 10349.0)	(290, 38254.0)	(300, 373981.0)
SRR27013253_2	(30, 219.0)	(40, 539.0)	(50, 549.0)	(60, 611.0)	(70, 715.0)	(80, 806.0)	(90, 926.0)	(100, 1007.0)	(110, 1141.0)	(120, 1264.0)	(130, 1532.0)	(140, 1741.0)	(150, 2061.0)	(160, 2480.0)	(170, 2867.0)	(180, 3378.0)	(190, 4025.0)	(200, 4420.0)	(210, 5246.0)	(220, 5959.0)	(230, 6719.0)	(240, 7503.0)	(250, 8127.0)	(260, 9020.0)	(270, 9803.0)	(280, 10338.0)	(290, 36290.0)	(300, 375951.0)
SRR27013254_1	(30, 663.0)	(40, 1576.0)	(50, 1963.0)	(60, 2128.0)	(70, 2242.0)	(80, 2476.0)	(90, 2654.0)	(100, 2965.0)	(110, 3270.0)	(120, 3593.0)	(130, 4118.0)	(140, 4585.0)	(150, 5171.0)	(160, 6024.0)	(170, 6860.0)	(180, 7748.0)	(190, 8629.0)	(200, 9998.0)	(210, 10899.0)	(220, 12090.0)	(230, 13224.0)	(240, 14416.0)	(250, 15403.0)	(260, 16584.0)	(270, 17366.0)	(280, 18090.0)	(290, 44678.0)	(300, 358026.0)
SRR27013254_2	(30, 661.0)	(40, 1586.0)	(50, 1972.0)	(60, 2141.0)	(70, 2246.0)	(80, 2493.0)	(90, 2663.0)	(100, 2978.0)	(110, 3271.0)	(120, 3590.0)	(130, 4120.0)	(140, 4587.0)	(150, 5177.0)	(160, 6026.0)	(170, 6861.0)	(180, 7757.0)	(190, 8643.0)	(200, 9993.0)	(210, 10912.0)	(220, 12084.0)	(230, 13242.0)	(240, 14398.0)	(250, 15359.0)	(260, 16575.0)	(270, 17304.0)	(280, 18010.0)	(290, 41356.0)	(300, 361434.0)
SRR27013254_Genome_Sequencing_of_Listeria_monocytogenes_SA_outbreak_2017_1	(30, 663.0)	(40, 1576.0)	(50, 1963.0)	(60, 2128.0)	(70, 2242.0)	(80, 2476.0)	(90, 2654.0)	(100, 2965.0)	(110, 3270.0)	(120, 3593.0)	(130, 4118.0)	(140, 4585.0)	(150, 5171.0)	(160, 6024.0)	(170, 6860.0)	(180, 7748.0)	(190, 8629.0)	(200, 9998.0)	(210, 10899.0)	(220, 12090.0)	(230, 13224.0)	(240, 14416.0)	(250, 15403.0)	(260, 16584.0)	(270, 17366.0)	(280, 18090.0)	(290, 44678.0)	(300, 358026.0)
SRR27013254_Genome_Sequencing_of_Listeria_monocytogenes_SA_outbreak_2017_2	(30, 661.0)	(40, 1586.0)	(50, 1972.0)	(60, 2141.0)	(70, 2246.0)	(80, 2493.0)	(90, 2663.0)	(100, 2978.0)	(110, 3271.0)	(120, 3590.0)	(130, 4120.0)	(140, 4587.0)	(150, 5177.0)	(160, 6026.0)	(170, 6861.0)	(180, 7757.0)	(190, 8643.0)	(200, 9993.0)	(210, 10912.0)	(220, 12084.0)	(230, 13242.0)	(240, 14398.0)	(250, 15359.0)	(260, 16575.0)	(270, 17304.0)	(280, 18010.0)	(290, 41356.0)	(300, 361434.0)
SRR27013255_1	(30, 2537.0)	(40, 6983.0)	(50, 7883.0)	(60, 8348.0)	(70, 8536.0)	(80, 8671.0)	(90, 8639.0)	(100, 8580.0)	(110, 8621.0)	(120, 8629.0)	(130, 8432.0)	(140, 8417.0)	(150, 8814.0)	(160, 8699.0)	(170, 9056.0)	(180, 9477.0)	(190, 10079.0)	(200, 10691.0)	(210, 10967.0)	(220, 11971.0)	(230, 12614.0)	(240, 13273.0)	(250, 13945.0)	(260, 14482.0)	(270, 14941.0)	(280, 14937.0)	(290, 37325.0)	(300, 272409.0)
SRR27013255_2	(30, 2552.0)	(40, 6999.0)	(50, 7901.0)	(60, 8342.0)	(70, 8540.0)	(80, 8677.0)	(90, 8651.0)	(100, 8575.0)	(110, 8627.0)	(120, 8640.0)	(130, 8448.0)	(140, 8419.0)	(150, 8812.0)	(160, 8678.0)	(170, 9053.0)	(180, 9496.0)	(190, 10027.0)	(200, 10653.0)	(210, 10927.0)	(220, 11933.0)	(230, 12630.0)	(240, 13180.0)	(250, 13760.0)	(260, 14119.0)	(270, 14223.0)	(280, 14119.0)	(290, 23856.0)	(300, 288119.0)
SRR27013255_Genome_Sequencing_of_Listeria_monocytogenes_SA_outbreak_2017_1	(30, 2537.0)	(40, 6983.0)	(50, 7883.0)	(60, 8348.0)	(70, 8536.0)	(80, 8671.0)	(90, 8639.0)	(100, 8580.0)	(110, 8621.0)	(120, 8629.0)	(130, 8432.0)	(140, 8417.0)	(150, 8814.0)	(160, 8699.0)	(170, 9056.0)	(180, 9477.0)	(190, 10079.0)	(200, 10691.0)	(210, 10967.0)	(220, 11971.0)	(230, 12614.0)	(240, 13273.0)	(250, 13945.0)	(260, 14482.0)	(270, 14941.0)	(280, 14937.0)	(290, 37325.0)	(300, 272409.0)
SRR27013255_Genome_Sequencing_of_Listeria_monocytogenes_SA_outbreak_2017_2	(30, 2552.0)	(40, 6999.0)	(50, 7901.0)	(60, 8342.0)	(70, 8540.0)	(80, 8677.0)	(90, 8651.0)	(100, 8575.0)	(110, 8627.0)	(120, 8640.0)	(130, 8448.0)	(140, 8419.0)	(150, 8812.0)	(160, 8678.0)	(170, 9053.0)	(180, 9496.0)	(190, 10027.0)	(200, 10653.0)	(210, 10927.0)	(220, 11933.0)	(230, 12630.0)	(240, 13180.0)	(250, 13760.0)	(260, 14119.0)	(270, 14223.0)	(280, 14119.0)	(290, 23856.0)	(300, 288119.0)
SRR27013256_1	(30, 663.0)	(40, 1841.0)	(50, 2267.0)	(60, 2406.0)	(70, 2552.0)	(80, 2917.0)	(90, 3043.0)	(100, 3381.0)	(110, 3785.0)	(120, 4043.0)	(130, 4650.0)	(140, 5199.0)	(150, 5918.0)	(160, 6469.0)	(170, 7437.0)	(180, 8440.0)	(190, 9480.0)	(200, 10735.0)	(210, 11679.0)	(220, 12693.0)	(230, 13766.0)	(240, 14844.0)	(250, 15881.0)	(260, 16732.0)	(270, 17329.0)	(280, 17662.0)	(290, 43325.0)	(300, 342764.0)
SRR27013256_2	(30, 667.0)	(40, 1843.0)	(50, 2270.0)	(60, 2406.0)	(70, 2554.0)	(80, 2927.0)	(90, 3050.0)	(100, 3388.0)	(110, 3791.0)	(120, 4043.0)	(130, 4648.0)	(140, 5198.0)	(150, 5909.0)	(160, 6477.0)	(170, 7437.0)	(180, 8442.0)	(190, 9451.0)	(200, 10737.0)	(210, 11666.0)	(220, 12669.0)	(230, 13739.0)	(240, 14809.0)	(250, 15795.0)	(260, 16629.0)	(270, 17208.0)	(280, 17534.0)	(290, 40497.0)	(300, 346117.0)
SRR27013256_Genome_Sequencing_of_Listeria_monocytogenes_SA_outbreak_2017_1	(30, 121.0)	(40, 300.0)	(50, 369.0)	(60, 421.0)	(70, 434.0)	(80, 462.0)	(90, 444.0)	(100, 481.0)	(110, 620.0)	(120, 633.0)	(130, 717.0)	(140, 758.0)	(150, 936.0)	(160, 967.0)	(170, 1152.0)	(180, 1357.0)	(190, 1490.0)	(200, 1730.0)	(210, 1809.0)	(220, 2007.0)	(230, 2108.0)	(240, 2361.0)	(250, 2537.0)	(260, 2615.0)	(270, 2752.0)	(280, 2778.0)	(290, 6666.0)	(300, 52607.0)
SRR27013256_Genome_Sequencing_of_Listeria_monocytogenes_SA_outbreak_2017_2	(30, 122.0)	(40, 297.0)	(50, 369.0)	(60, 420.0)	(70, 433.0)	(80, 464.0)	(90, 447.0)	(100, 482.0)	(110, 623.0)	(120, 631.0)	(130, 719.0)	(140, 758.0)	(150, 934.0)	(160, 973.0)	(170, 1150.0)	(180, 1354.0)	(190, 1483.0)	(200, 1732.0)	(210, 1812.0)	(220, 2006.0)	(230, 2113.0)	(240, 2349.0)	(250, 2528.0)	(260, 2610.0)	(270, 2744.0)	(280, 2772.0)	(290, 6038.0)	(300, 53269.0)
SRR27013257_1	(30, 222.0)	(40, 576.0)	(50, 612.0)	(60, 691.0)	(70, 826.0)	(80, 886.0)	(90, 1005.0)	(100, 1181.0)	(110, 1363.0)	(120, 1443.0)	(130, 1841.0)	(140, 2111.0)	(150, 2622.0)	(160, 2984.0)	(170, 3706.0)	(180, 4386.0)	(190, 5255.0)	(200, 6103.0)	(210, 7191.0)	(220, 8117.0)	(230, 9041.0)	(240, 10364.0)	(250, 11359.0)	(260, 12478.0)	(270, 13227.0)	(280, 14056.0)	(290, 39479.0)	(300, 345346.0)
SRR27013257_2	(30, 227.0)	(40, 576.0)	(50, 612.0)	(60, 693.0)	(70, 833.0)	(80, 897.0)	(90, 1020.0)	(100, 1185.0)	(110, 1374.0)	(120, 1456.0)	(130, 1866.0)	(140, 2133.0)	(150, 2629.0)	(160, 3006.0)	(170, 3738.0)	(180, 4411.0)	(190, 5300.0)	(200, 6134.0)	(210, 7220.0)	(220, 8157.0)	(230, 9076.0)	(240, 10387.0)	(250, 11394.0)	(260, 12527.0)	(270, 13221.0)	(280, 14069.0)	(290, 39244.0)	(300, 345086.0)
SRR27013258_1	(30, 377.0)	(40, 874.0)	(50, 1065.0)	(60, 1137.0)	(70, 1326.0)	(80, 1436.0)	(90, 1604.0)	(100, 1783.0)	(110, 2095.0)	(120, 2312.0)	(130, 2610.0)	(140, 3010.0)	(150, 3519.0)	(160, 4095.0)	(170, 4880.0)	(180, 5532.0)	(190, 6341.0)	(200, 7430.0)	(210, 8283.0)	(220, 9553.0)	(230, 10511.0)	(240, 11396.0)	(250, 12219.0)	(260, 13385.0)	(270, 13937.0)	(280, 14863.0)	(290, 39195.0)	(300, 332025.0)
SRR27013258_2	(30, 378.0)	(40, 883.0)	(50, 1075.0)	(60, 1144.0)	(70, 1337.0)	(80, 1443.0)	(90, 1615.0)	(100, 1793.0)	(110, 2114.0)	(120, 2332.0)	(130, 2639.0)	(140, 3043.0)	(150, 3547.0)	(160, 4144.0)	(170, 4921.0)	(180, 5590.0)	(190, 6420.0)	(200, 7523.0)	(210, 8353.0)	(220, 9631.0)	(230, 10577.0)	(240, 11500.0)	(250, 12332.0)	(260, 13518.0)	(270, 14083.0)	(280, 14993.0)	(290, 38935.0)	(300, 330930.0)
SRR27013259_1	(30, 210.0)	(40, 475.0)	(50, 601.0)	(60, 657.0)	(70, 677.0)	(80, 842.0)	(90, 959.0)	(100, 1019.0)	(110, 1189.0)	(120, 1374.0)	(130, 1646.0)	(140, 2069.0)	(150, 2507.0)	(160, 3008.0)	(170, 3588.0)	(180, 4425.0)	(190, 5197.0)	(200, 6193.0)	(210, 7163.0)	(220, 8586.0)	(230, 9541.0)	(240, 10436.0)	(250, 11758.0)	(260, 12698.0)	(270, 13727.0)	(280, 14346.0)	(290, 39675.0)	(300, 345183.0)
SRR27013259_2	(30, 210.0)	(40, 469.0)	(50, 602.0)	(60, 664.0)	(70, 683.0)	(80, 848.0)	(90, 957.0)	(100, 1023.0)	(110, 1183.0)	(120, 1375.0)	(130, 1646.0)	(140, 2078.0)	(150, 2510.0)	(160, 3019.0)	(170, 3598.0)	(180, 4441.0)	(190, 5196.0)	(200, 6187.0)	(210, 7156.0)	(220, 8577.0)	(230, 9551.0)	(240, 10392.0)	(250, 11724.0)	(260, 12601.0)	(270, 13646.0)	(280, 14269.0)	(290, 39573.0)	(300, 345571.0)
SRR27013260_1	(30, 523.0)	(40, 1350.0)	(50, 1476.0)	(60, 1711.0)	(70, 1827.0)	(80, 1924.0)	(90, 2154.0)	(100, 2428.0)	(110, 2739.0)	(120, 2928.0)	(130, 3406.0)	(140, 3970.0)	(150, 4457.0)	(160, 5181.0)	(170, 6119.0)	(180, 6952.0)	(190, 8008.0)	(200, 9237.0)	(210, 10416.0)	(220, 11657.0)	(230, 12918.0)	(240, 14067.0)	(250, 15090.0)	(260, 16208.0)	(270, 17061.0)	(280, 17690.0)	(290, 46484.0)	(300, 395433.0)
SRR27013260_2	(30, 523.0)	(40, 1361.0)	(50, 1489.0)	(60, 1721.0)	(70, 1832.0)	(80, 1936.0)	(90, 2171.0)	(100, 2443.0)	(110, 2760.0)	(120, 2953.0)	(130, 3448.0)	(140, 4008.0)	(150, 4498.0)	(160, 5214.0)	(170, 6158.0)	(180, 7011.0)	(190, 8080.0)	(200, 9294.0)	(210, 10475.0)	(220, 11710.0)	(230, 12976.0)	(240, 14120.0)	(250, 15158.0)	(260, 16271.0)	(270, 17130.0)	(280, 17805.0)	(290, 46088.0)	(300, 394781.0)
SRR27013261_1	(30, 2770.0)	(40, 7598.0)	(50, 8474.0)	(60, 8810.0)	(70, 8690.0)	(80, 8742.0)	(90, 8732.0)	(100, 8935.0)	(110, 8844.0)	(120, 8873.0)	(130, 9085.0)	(140, 9225.0)	(150, 9725.0)	(160, 10039.0)	(170, 10601.0)	(180, 11061.0)	(190, 11871.0)	(200, 12823.0)	(210, 13512.0)	(220, 14593.0)	(230, 15281.0)	(240, 16178.0)	(250, 16973.0)	(260, 17536.0)	(270, 18245.0)	(280, 18583.0)	(290, 40528.0)	(300, 300166.0)
SRR27013261_2	(30, 2773.0)	(40, 7624.0)	(50, 8502.0)	(60, 8851.0)	(70, 8737.0)	(80, 8777.0)	(90, 8755.0)	(100, 8960.0)	(110, 8846.0)	(120, 8904.0)	(130, 9085.0)	(140, 9228.0)	(150, 9741.0)	(160, 10066.0)	(170, 10611.0)	(180, 11070.0)	(190, 11863.0)	(200, 12829.0)	(210, 13544.0)	(220, 14604.0)	(230, 15225.0)	(240, 16151.0)	(250, 16922.0)	(260, 17444.0)	(270, 18097.0)	(280, 18423.0)	(290, 31086.0)	(300, 309775.0)
SRR27013262_1	(30, 384.0)	(40, 1149.0)	(50, 1361.0)	(60, 1529.0)	(70, 1725.0)	(80, 1933.0)	(90, 2129.0)	(100, 2355.0)	(110, 2760.0)	(120, 3189.0)	(130, 3669.0)	(140, 4174.0)	(150, 5002.0)	(160, 5713.0)	(170, 6633.0)	(180, 7773.0)	(190, 8669.0)	(200, 10065.0)	(210, 11466.0)	(220, 12607.0)	(230, 13982.0)	(240, 15378.0)	(250, 16372.0)	(260, 17755.0)	(270, 18280.0)	(280, 19425.0)	(290, 48877.0)	(300, 399682.0)
SRR27013262_2	(30, 386.0)	(40, 1161.0)	(50, 1368.0)	(60, 1547.0)	(70, 1738.0)	(80, 1956.0)	(90, 2147.0)	(100, 2395.0)	(110, 2777.0)	(120, 3224.0)	(130, 3711.0)	(140, 4226.0)	(150, 5075.0)	(160, 5764.0)	(170, 6719.0)	(180, 7852.0)	(190, 8793.0)	(200, 10210.0)	(210, 11581.0)	(220, 12722.0)	(230, 14105.0)	(240, 15513.0)	(250, 16541.0)	(260, 17868.0)	(270, 18517.0)	(280, 19595.0)	(290, 48422.0)	(300, 398123.0)
SRR27013263_1	(30, 2517.0)	(40, 6755.0)	(50, 7520.0)	(60, 7826.0)	(70, 7906.0)	(80, 7960.0)	(90, 7952.0)	(100, 7988.0)	(110, 8055.0)	(120, 8364.0)	(130, 8538.0)	(140, 8750.0)	(150, 9408.0)	(160, 10028.0)	(170, 10461.0)	(180, 11345.0)	(190, 12489.0)	(200, 13539.0)	(210, 14443.0)	(220, 15831.0)	(230, 16778.0)	(240, 17833.0)	(250, 18969.0)	(260, 19905.0)	(270, 20571.0)	(280, 20759.0)	(290, 45558.0)	(300, 327518.0)
SRR27013263_2	(30, 2516.0)	(40, 6783.0)	(50, 7551.0)	(60, 7875.0)	(70, 7940.0)	(80, 7984.0)	(90, 8000.0)	(100, 8024.0)	(110, 8076.0)	(120, 8398.0)	(130, 8559.0)	(140, 8759.0)	(150, 9422.0)	(160, 10056.0)	(170, 10469.0)	(180, 11351.0)	(190, 12500.0)	(200, 13526.0)	(210, 14463.0)	(220, 15838.0)	(230, 16772.0)	(240, 17815.0)	(250, 18899.0)	(260, 19849.0)	(270, 20441.0)	(280, 20552.0)	(290, 34856.0)	(300, 338292.0)
SRR27013264_1	(30, 2388.0)	(40, 6864.0)	(50, 7852.0)	(60, 8322.0)	(70, 8584.0)	(80, 8668.0)	(90, 8560.0)	(100, 8732.0)	(110, 8697.0)	(120, 8982.0)	(130, 9048.0)	(140, 9408.0)	(150, 9777.0)	(160, 10175.0)	(170, 10864.0)	(180, 11819.0)	(190, 12458.0)	(200, 13555.0)	(210, 14549.0)	(220, 15397.0)	(230, 16755.0)	(240, 18014.0)	(250, 18843.0)	(260, 19713.0)	(270, 19937.0)	(280, 20502.0)	(290, 46984.0)	(300, 359920.0)
SRR27013264_2	(30, 2391.0)	(40, 6898.0)	(50, 7898.0)	(60, 8373.0)	(70, 8635.0)	(80, 8732.0)	(90, 8616.0)	(100, 8775.0)	(110, 8758.0)	(120, 9030.0)	(130, 9092.0)	(140, 9457.0)	(150, 9818.0)	(160, 10252.0)	(170, 10919.0)	(180, 11849.0)	(190, 12550.0)	(200, 13623.0)	(210, 14596.0)	(220, 15382.0)	(230, 16762.0)	(240, 18013.0)	(250, 18737.0)	(260, 19632.0)	(270, 19811.0)	(280, 20316.0)	(290, 46671.0)	(300, 359781.0)
SRR27013265_1	(30, 4495.0)	(40, 12333.0)	(50, 13831.0)	(60, 14570.0)	(70, 15310.0)	(80, 15422.0)	(90, 16227.0)	(100, 16671.0)	(110, 17723.0)	(120, 18396.0)	(130, 19568.0)	(140, 20509.0)	(150, 21958.0)	(160, 23577.0)	(170, 24090.0)	(180, 24934.0)	(190, 26376.0)	(200, 27287.0)	(210, 28115.0)	(220, 29332.0)	(230, 29632.0)	(240, 29852.0)	(250, 30000.0)	(260, 29831.0)	(270, 29782.0)	(280, 29697.0)	(290, 61882.0)	(300, 446173.0)
SRR27013265_2	(30, 4502.0)	(40, 12333.0)	(50, 13840.0)	(60, 14589.0)	(70, 15321.0)	(80, 15418.0)	(90, 16243.0)	(100, 16688.0)	(110, 17745.0)	(120, 18410.0)	(130, 19606.0)	(140, 20549.0)	(150, 21946.0)	(160, 23636.0)	(170, 24139.0)	(180, 24973.0)	(190, 26391.0)	(200, 27283.0)	(210, 28057.0)	(220, 29289.0)	(230, 29528.0)	(240, 29779.0)	(250, 30145.0)	(260, 30309.0)	(270, 30028.0)	(280, 29663.0)	(290, 55037.0)	(300, 452126.0)
SRR27013266_1	(30, 3412.0)	(40, 8916.0)	(50, 9865.0)	(60, 10459.0)	(70, 10689.0)	(80, 10830.0)	(90, 10916.0)	(100, 10940.0)	(110, 11068.0)	(120, 11035.0)	(130, 11616.0)	(140, 12133.0)	(150, 12755.0)	(160, 13289.0)	(170, 14325.0)	(180, 14680.0)	(190, 15867.0)	(200, 17131.0)	(210, 18344.0)	(220, 19222.0)	(230, 20390.0)	(240, 21881.0)	(250, 22737.0)	(260, 23107.0)	(270, 24019.0)	(280, 24337.0)	(290, 57130.0)	(300, 450643.0)
SRR27013266_2	(30, 3405.0)	(40, 8909.0)	(50, 9884.0)	(60, 10498.0)	(70, 10713.0)	(80, 10844.0)	(90, 10918.0)	(100, 10944.0)	(110, 11097.0)	(120, 11036.0)	(130, 11645.0)	(140, 12140.0)	(150, 12763.0)	(160, 13313.0)	(170, 14313.0)	(180, 14694.0)	(190, 15859.0)	(200, 17146.0)	(210, 18336.0)	(220, 19191.0)	(230, 20323.0)	(240, 21847.0)	(250, 22859.0)	(260, 23441.0)	(270, 24164.0)	(280, 24282.0)	(290, 50450.0)	(300, 456722.0)
SRR27013267_1	(30, 2665.0)	(40, 7020.0)	(50, 8034.0)	(60, 8907.0)	(70, 9144.0)	(80, 9508.0)	(90, 10042.0)	(100, 10386.0)	(110, 11087.0)	(120, 11893.0)	(130, 12841.0)	(140, 13792.0)	(150, 15099.0)	(160, 16242.0)	(170, 17939.0)	(180, 18725.0)	(190, 20288.0)	(200, 21783.0)	(210, 23121.0)	(220, 23791.0)	(230, 25204.0)	(240, 25807.0)	(250, 26732.0)	(260, 26801.0)	(270, 26931.0)	(280, 26669.0)	(290, 51682.0)	(300, 349923.0)
SRR27013267_2	(30, 2683.0)	(40, 7076.0)	(50, 8119.0)	(60, 8964.0)	(70, 9234.0)	(80, 9575.0)	(90, 10137.0)	(100, 10482.0)	(110, 11200.0)	(120, 12010.0)	(130, 12972.0)	(140, 13940.0)	(150, 15278.0)	(160, 16459.0)	(170, 18160.0)	(180, 18950.0)	(190, 20582.0)	(200, 22105.0)	(210, 23455.0)	(220, 24148.0)	(230, 25544.0)	(240, 26150.0)	(250, 27010.0)	(260, 26981.0)	(270, 27136.0)	(280, 26805.0)	(290, 46680.0)	(300, 350221.0)
SRR27013268_1	(30, 9137.0)	(40, 25640.0)	(50, 29357.0)	(60, 30469.0)	(70, 31117.0)	(80, 31372.0)	(90, 31217.0)	(100, 31506.0)	(110, 31409.0)	(120, 31502.0)	(130, 31657.0)	(140, 31904.0)	(150, 32357.0)	(160, 33146.0)	(170, 33528.0)	(180, 33670.0)	(190, 34769.0)	(200, 35440.0)	(210, 36613.0)	(220, 37262.0)	(230, 37523.0)	(240, 37976.0)	(250, 37847.0)	(260, 36689.0)	(270, 36229.0)	(280, 35444.0)	(290, 62524.0)	(300, 394956.0)
SRR27013268_2	(30, 9149.0)	(40, 25709.0)	(50, 29443.0)	(60, 30574.0)	(70, 31241.0)	(80, 31519.0)	(90, 31350.0)	(100, 31659.0)	(110, 31567.0)	(120, 31637.0)	(130, 31837.0)	(140, 32079.0)	(150, 32542.0)	(160, 33348.0)	(170, 33724.0)	(180, 33881.0)	(190, 34975.0)	(200, 35620.0)	(210, 36748.0)	(220, 37375.0)	(230, 37634.0)	(240, 38069.0)	(250, 38266.0)	(260, 37470.0)	(270, 36705.0)	(280, 35526.0)	(290, 56208.0)	(300, 396405.0)
SRR27013269_1	(30, 2840.0)	(40, 7760.0)	(50, 9130.0)	(60, 9276.0)	(70, 9723.0)	(80, 9951.0)	(90, 9691.0)	(100, 9804.0)	(110, 9907.0)	(120, 10181.0)	(130, 10244.0)	(140, 10628.0)	(150, 10991.0)	(160, 11603.0)	(170, 12425.0)	(180, 12996.0)	(190, 14179.0)	(200, 15162.0)	(210, 16009.0)	(220, 17348.0)	(230, 18588.0)	(240, 19770.0)	(250, 20244.0)	(260, 21092.0)	(270, 21912.0)	(280, 22423.0)	(290, 48539.0)	(300, 355724.0)
SRR27013269_2	(30, 2846.0)	(40, 7776.0)	(50, 9152.0)	(60, 9303.0)	(70, 9758.0)	(80, 9991.0)	(90, 9740.0)	(100, 9850.0)	(110, 9948.0)	(120, 10238.0)	(130, 10295.0)	(140, 10689.0)	(150, 11044.0)	(160, 11696.0)	(170, 12489.0)	(180, 13073.0)	(190, 14258.0)	(200, 15263.0)	(210, 16096.0)	(220, 17415.0)	(230, 18640.0)	(240, 19856.0)	(250, 20506.0)	(260, 21614.0)	(270, 22241.0)	(280, 22542.0)	(290, 43186.0)	(300, 358635.0)
SRR27013270_1	(30, 219.0)	(40, 525.0)	(50, 576.0)	(60, 703.0)	(70, 807.0)	(80, 888.0)	(90, 1034.0)	(100, 1161.0)	(110, 1297.0)	(120, 1515.0)	(130, 1755.0)	(140, 2072.0)	(150, 2367.0)	(160, 2893.0)	(170, 3353.0)	(180, 3877.0)	(190, 4576.0)	(200, 5282.0)	(210, 5974.0)	(220, 6713.0)	(230, 7463.0)	(240, 8261.0)	(250, 8758.0)	(260, 9446.0)	(270, 9988.0)	(280, 10519.0)	(290, 31038.0)	(300, 281870.0)
SRR27013270_2	(30, 216.0)	(40, 522.0)	(50, 575.0)	(60, 703.0)	(70, 814.0)	(80, 889.0)	(90, 1033.0)	(100, 1162.0)	(110, 1306.0)	(120, 1524.0)	(130, 1766.0)	(140, 2081.0)	(150, 2377.0)	(160, 2898.0)	(170, 3364.0)	(180, 3882.0)	(190, 4594.0)	(200, 5289.0)	(210, 5944.0)	(220, 6708.0)	(230, 7381.0)	(240, 8175.0)	(250, 8565.0)	(260, 9166.0)	(270, 9572.0)	(280, 9898.0)	(290, 23550.0)	(300, 290976.0)
SRR27013271_1	(30, 3138.0)	(40, 9068.0)	(50, 10489.0)	(60, 10915.0)	(70, 11119.0)	(80, 11284.0)	(90, 11313.0)	(100, 11289.0)	(110, 11560.0)	(120, 11849.0)	(130, 12014.0)	(140, 12530.0)	(150, 13096.0)	(160, 13972.0)	(170, 14363.0)	(180, 14968.0)	(190, 16147.0)	(200, 17153.0)	(210, 18136.0)	(220, 19307.0)	(230, 20254.0)	(240, 21304.0)	(250, 22174.0)	(260, 22291.0)	(270, 22568.0)	(280, 23256.0)	(290, 46799.0)	(300, 334132.0)
SRR27013271_2	(30, 3145.0)	(40, 9089.0)	(50, 10516.0)	(60, 10932.0)	(70, 11134.0)	(80, 11314.0)	(90, 11338.0)	(100, 11292.0)	(110, 11574.0)	(120, 11864.0)	(130, 12028.0)	(140, 12533.0)	(150, 13091.0)	(160, 13970.0)	(170, 14371.0)	(180, 14952.0)	(190, 16119.0)	(200, 17105.0)	(210, 18080.0)	(220, 19222.0)	(230, 20170.0)	(240, 21181.0)	(250, 22198.0)	(260, 22498.0)	(270, 22562.0)	(280, 22982.0)	(290, 41806.0)	(300, 339422.0)
SRR27013272_1	(30, 3519.0)	(40, 9322.0)	(50, 10111.0)	(60, 10442.0)	(70, 10452.0)	(80, 9987.0)	(90, 9808.0)	(100, 9668.0)	(110, 9718.0)	(120, 9601.0)	(130, 9725.0)	(140, 10040.0)	(150, 10547.0)	(160, 10735.0)	(170, 11437.0)	(180, 12241.0)	(190, 12923.0)	(200, 14035.0)	(210, 15219.0)	(220, 16363.0)	(230, 17294.0)	(240, 18104.0)	(250, 18749.0)	(260, 19323.0)	(270, 19751.0)	(280, 19632.0)	(290, 40843.0)	(300, 294405.0)
SRR27013272_2	(30, 3543.0)	(40, 9395.0)	(50, 10183.0)	(60, 10504.0)	(70, 10525.0)	(80, 10073.0)	(90, 9886.0)	(100, 9723.0)	(110, 9776.0)	(120, 9675.0)	(130, 9788.0)	(140, 10111.0)	(150, 10611.0)	(160, 10804.0)	(170, 11511.0)	(180, 12335.0)	(190, 13037.0)	(200, 14132.0)	(210, 15297.0)	(220, 16450.0)	(230, 17385.0)	(240, 18194.0)	(250, 18781.0)	(260, 19380.0)	(270, 19798.0)	(280, 19673.0)	(290, 34406.0)	(300, 299018.0)
SRR27013273_1	(30, 2105.0)	(40, 5886.0)	(50, 6764.0)	(60, 7020.0)	(70, 7441.0)	(80, 7822.0)	(90, 8243.0)	(100, 8547.0)	(110, 8841.0)	(120, 9475.0)	(130, 10244.0)	(140, 10825.0)	(150, 11804.0)	(160, 12977.0)	(170, 14015.0)	(180, 14681.0)	(190, 16071.0)	(200, 17687.0)	(210, 19371.0)	(220, 21034.0)	(230, 22172.0)	(240, 23650.0)	(250, 24723.0)	(260, 25796.0)	(270, 26590.0)	(280, 27305.0)	(290, 62249.0)	(300, 483986.0)
SRR27013273_2	(30, 2096.0)	(40, 5881.0)	(50, 6773.0)	(60, 7009.0)	(70, 7438.0)	(80, 7800.0)	(90, 8235.0)	(100, 8555.0)	(110, 8849.0)	(120, 9483.0)	(130, 10251.0)	(140, 10838.0)	(150, 11806.0)	(160, 12981.0)	(170, 14043.0)	(180, 14705.0)	(190, 16082.0)	(200, 17691.0)	(210, 19349.0)	(220, 20984.0)	(230, 22128.0)	(240, 23611.0)	(250, 24920.0)	(260, 26239.0)	(270, 26805.0)	(280, 27390.0)	(290, 55313.0)	(300, 490069.0)
SRR27013274_1	(30, 5189.0)	(40, 14345.0)	(50, 16472.0)	(60, 16981.0)	(70, 17158.0)	(80, 17015.0)	(90, 17519.0)	(100, 17113.0)	(110, 17211.0)	(120, 17385.0)	(130, 17829.0)	(140, 18043.0)	(150, 18590.0)	(160, 19488.0)	(170, 20405.0)	(180, 21015.0)	(190, 22077.0)	(200, 23525.0)	(210, 24755.0)	(220, 26153.0)	(230, 27255.0)	(240, 28621.0)	(250, 29270.0)	(260, 30156.0)	(270, 30137.0)	(280, 29796.0)	(290, 56248.0)	(300, 370494.0)
SRR27013274_2	(30, 5206.0)	(40, 14389.0)	(50, 16544.0)	(60, 17072.0)	(70, 17206.0)	(80, 17077.0)	(90, 17585.0)	(100, 17160.0)	(110, 17245.0)	(120, 17442.0)	(130, 17899.0)	(140, 18074.0)	(150, 18630.0)	(160, 19507.0)	(170, 20438.0)	(180, 21020.0)	(190, 22129.0)	(200, 23503.0)	(210, 24740.0)	(220, 26061.0)	(230, 27146.0)	(240, 28457.0)	(250, 29011.0)	(260, 29822.0)	(270, 29605.0)	(280, 29094.0)	(290, 43405.0)	(300, 384778.0)
SRR27013275_1	(30, 5586.0)	(40, 15828.0)	(50, 18317.0)	(60, 18834.0)	(70, 19382.0)	(80, 19491.0)	(90, 19248.0)	(100, 19539.0)	(110, 19555.0)	(120, 19659.0)	(130, 19691.0)	(140, 20168.0)	(150, 20980.0)	(160, 21535.0)	(170, 21971.0)	(180, 22773.0)	(190, 24307.0)	(200, 25094.0)	(210, 26523.0)	(220, 27702.0)	(230, 29208.0)	(240, 30215.0)	(250, 30903.0)	(260, 31444.0)	(270, 31822.0)	(280, 31546.0)	(290, 60828.0)	(300, 399096.0)
SRR27013275_2	(30, 5607.0)	(40, 15860.0)	(50, 18389.0)	(60, 18932.0)	(70, 19457.0)	(80, 19594.0)	(90, 19357.0)	(100, 19622.0)	(110, 19655.0)	(120, 19769.0)	(130, 19801.0)	(140, 20277.0)	(150, 21019.0)	(160, 21617.0)	(170, 22066.0)	(180, 22866.0)	(190, 24432.0)	(200, 25281.0)	(210, 26647.0)	(220, 27833.0)	(230, 29329.0)	(240, 30369.0)	(250, 31137.0)	(260, 31564.0)	(270, 31937.0)	(280, 31566.0)	(290, 46951.0)	(300, 410311.0)
SRR27013276_1	(30, 2879.0)	(40, 8248.0)	(50, 9424.0)	(60, 10280.0)	(70, 10450.0)	(80, 10532.0)	(90, 10796.0)	(100, 10682.0)	(110, 11125.0)	(120, 10877.0)	(130, 11188.0)	(140, 11475.0)	(150, 11820.0)	(160, 12169.0)	(170, 13051.0)	(180, 13343.0)	(190, 14469.0)	(200, 15100.0)	(210, 16259.0)	(220, 17074.0)	(230, 17608.0)	(240, 18464.0)	(250, 19295.0)	(260, 20122.0)	(270, 20269.0)	(280, 20673.0)	(290, 44065.0)	(300, 323883.0)
SRR27013276_2	(30, 2901.0)	(40, 8279.0)	(50, 9485.0)	(60, 10362.0)	(70, 10537.0)	(80, 10619.0)	(90, 10872.0)	(100, 10781.0)	(110, 11204.0)	(120, 10959.0)	(130, 11322.0)	(140, 11565.0)	(150, 11904.0)	(160, 12270.0)	(170, 13160.0)	(180, 13478.0)	(190, 14561.0)	(200, 15227.0)	(210, 16442.0)	(220, 17265.0)	(230, 17785.0)	(240, 18612.0)	(250, 19505.0)	(260, 20392.0)	(270, 20498.0)	(280, 20713.0)	(290, 33421.0)	(300, 331501.0)
SRR27013277_1	(30, 287.0)	(40, 763.0)	(50, 919.0)	(60, 1064.0)	(70, 1158.0)	(80, 1445.0)	(90, 1483.0)	(100, 1737.0)	(110, 1932.0)	(120, 2171.0)	(130, 2545.0)	(140, 2868.0)	(150, 3359.0)	(160, 3903.0)	(170, 4494.0)	(180, 5302.0)	(190, 5970.0)	(200, 6750.0)	(210, 7836.0)	(220, 8782.0)	(230, 9655.0)	(240, 10635.0)	(250, 11451.0)	(260, 12419.0)	(270, 12988.0)	(280, 13637.0)	(290, 37821.0)	(300, 328875.0)
SRR27013277_2	(30, 287.0)	(40, 766.0)	(50, 922.0)	(60, 1067.0)	(70, 1154.0)	(80, 1449.0)	(90, 1491.0)	(100, 1736.0)	(110, 1931.0)	(120, 2171.0)	(130, 2556.0)	(140, 2883.0)	(150, 3371.0)	(160, 3908.0)	(170, 4512.0)	(180, 5328.0)	(190, 5981.0)	(200, 6789.0)	(210, 7874.0)	(220, 8812.0)	(230, 9676.0)	(240, 10663.0)	(250, 11449.0)	(260, 12428.0)	(270, 12984.0)	(280, 13541.0)	(290, 27463.0)	(300, 339057.0)
SRR27013278_1	(30, 1190.0)	(40, 3362.0)	(50, 3989.0)	(60, 4152.0)	(70, 4641.0)	(80, 4691.0)	(90, 4947.0)	(100, 5330.0)	(110, 5464.0)	(120, 5990.0)	(130, 6552.0)	(140, 7061.0)	(150, 7605.0)	(160, 8576.0)	(170, 9316.0)	(180, 10274.0)	(190, 11276.0)	(200, 12411.0)	(210, 13412.0)	(220, 14600.0)	(230, 15623.0)	(240, 16852.0)	(250, 17767.0)	(260, 18633.0)	(270, 19087.0)	(280, 19266.0)	(290, 46139.0)	(300, 364461.0)
SRR27013278_2	(30, 1191.0)	(40, 3370.0)	(50, 3994.0)	(60, 4167.0)	(70, 4655.0)	(80, 4701.0)	(90, 4960.0)	(100, 5344.0)	(110, 5486.0)	(120, 6002.0)	(130, 6570.0)	(140, 7088.0)	(150, 7598.0)	(160, 8591.0)	(170, 9345.0)	(180, 10290.0)	(190, 11299.0)	(200, 12413.0)	(210, 13454.0)	(220, 14592.0)	(230, 15622.0)	(240, 16781.0)	(250, 17719.0)	(260, 18552.0)	(270, 18907.0)	(280, 19014.0)	(290, 34060.0)	(300, 376902.0)
SRR27013279_1	(30, 372.0)	(40, 894.0)	(50, 1186.0)	(60, 1423.0)	(70, 1564.0)	(80, 1711.0)	(90, 1959.0)	(100, 2200.0)	(110, 2353.0)	(120, 2768.0)	(130, 3058.0)	(140, 3528.0)	(150, 4203.0)	(160, 4833.0)	(170, 5429.0)	(180, 6239.0)	(190, 7254.0)	(200, 8221.0)	(210, 9246.0)	(220, 10049.0)	(230, 11355.0)	(240, 12257.0)	(250, 13301.0)	(260, 14071.0)	(270, 14834.0)	(280, 15394.0)	(290, 42786.0)	(300, 367028.0)
SRR27013279_2	(30, 369.0)	(40, 896.0)	(50, 1182.0)	(60, 1424.0)	(70, 1567.0)	(80, 1716.0)	(90, 1958.0)	(100, 2214.0)	(110, 2364.0)	(120, 2788.0)	(130, 3066.0)	(140, 3543.0)	(150, 4220.0)	(160, 4838.0)	(170, 5452.0)	(180, 6236.0)	(190, 7272.0)	(200, 8237.0)	(210, 9255.0)	(220, 10048.0)	(230, 11356.0)	(240, 12219.0)	(250, 13245.0)	(260, 13992.0)	(270, 14671.0)	(280, 15135.0)	(290, 30277.0)	(300, 379976.0)
SRR27013280_1	(30, 1027.0)	(40, 2698.0)	(50, 3275.0)	(60, 3689.0)	(70, 3896.0)	(80, 4336.0)	(90, 4673.0)	(100, 4935.0)	(110, 5463.0)	(120, 5879.0)	(130, 6388.0)	(140, 7208.0)	(150, 7964.0)	(160, 8956.0)	(170, 10074.0)	(180, 11078.0)	(190, 12119.0)	(200, 13426.0)	(210, 14623.0)	(220, 15904.0)	(230, 16944.0)	(240, 18213.0)	(250, 19357.0)	(260, 20262.0)	(270, 21014.0)	(280, 21474.0)	(290, 50550.0)	(300, 396014.0)
SRR27013280_2	(30, 1027.0)	(40, 2704.0)	(50, 3288.0)	(60, 3698.0)	(70, 3908.0)	(80, 4355.0)	(90, 4694.0)	(100, 4956.0)	(110, 5475.0)	(120, 5898.0)	(130, 6400.0)	(140, 7218.0)	(150, 7994.0)	(160, 8977.0)	(170, 10119.0)	(180, 11092.0)	(190, 12172.0)	(200, 13469.0)	(210, 14653.0)	(220, 15955.0)	(230, 16967.0)	(240, 18214.0)	(250, 19341.0)	(260, 20216.0)	(270, 20893.0)	(280, 21289.0)	(290, 37696.0)	(300, 408771.0)
SRR27013281_1	(30, 259.0)	(40, 584.0)	(50, 653.0)	(60, 788.0)	(70, 843.0)	(80, 945.0)	(90, 1039.0)	(100, 1131.0)	(110, 1268.0)	(120, 1440.0)	(130, 1696.0)	(140, 1922.0)	(150, 2242.0)	(160, 2569.0)	(170, 2938.0)	(180, 3615.0)	(190, 4062.0)	(200, 4759.0)	(210, 5416.0)	(220, 6182.0)	(230, 6975.0)	(240, 7578.0)	(250, 8265.0)	(260, 9083.0)	(270, 9665.0)	(280, 10177.0)	(290, 33582.0)	(300, 317508.0)
SRR27013281_2	(30, 258.0)	(40, 581.0)	(50, 658.0)	(60, 789.0)	(70, 846.0)	(80, 951.0)	(90, 1045.0)	(100, 1136.0)	(110, 1279.0)	(120, 1445.0)	(130, 1707.0)	(140, 1929.0)	(150, 2258.0)	(160, 2587.0)	(170, 2956.0)	(180, 3621.0)	(190, 4079.0)	(200, 4789.0)	(210, 5433.0)	(220, 6175.0)	(230, 6979.0)	(240, 7540.0)	(250, 8199.0)	(260, 8954.0)	(270, 9423.0)	(280, 9825.0)	(290, 25046.0)	(300, 326696.0)
SRR27013282_1	(30, 960.0)	(40, 2653.0)	(50, 3183.0)	(60, 3454.0)	(70, 3918.0)	(80, 4175.0)	(90, 4420.0)	(100, 4930.0)	(110, 5376.0)	(120, 5910.0)	(130, 6278.0)	(140, 7037.0)	(150, 7667.0)	(160, 8552.0)	(170, 9570.0)	(180, 10444.0)	(190, 11483.0)	(200, 12711.0)	(210, 13570.0)	(220, 14738.0)	(230, 16148.0)	(240, 17036.0)	(250, 17879.0)	(260, 18769.0)	(270, 19538.0)	(280, 19777.0)	(290, 48012.0)	(300, 375697.0)
SRR27013282_2	(30, 956.0)	(40, 2665.0)	(50, 3183.0)	(60, 3466.0)	(70, 3944.0)	(80, 4185.0)	(90, 4429.0)	(100, 4947.0)	(110, 5386.0)	(120, 5916.0)	(130, 6285.0)	(140, 7044.0)	(150, 7680.0)	(160, 8557.0)	(170, 9579.0)	(180, 10457.0)	(190, 11491.0)	(200, 12722.0)	(210, 13596.0)	(220, 14727.0)	(230, 16132.0)	(240, 16996.0)	(250, 17830.0)	(260, 18690.0)	(270, 19349.0)	(280, 19474.0)	(290, 35029.0)	(300, 389170.0)
SRR27013283_1	(30, 5722.0)	(40, 14831.0)	(50, 16449.0)	(60, 16565.0)	(70, 16680.0)	(80, 16343.0)	(90, 16403.0)	(100, 16248.0)	(110, 16089.0)	(120, 16316.0)	(130, 16699.0)	(140, 17000.0)	(150, 18126.0)	(160, 18682.0)	(170, 20000.0)	(180, 20904.0)	(190, 22342.0)	(200, 24192.0)	(210, 25640.0)	(220, 27364.0)	(230, 29121.0)	(240, 30605.0)	(250, 31676.0)	(260, 32354.0)	(270, 32833.0)	(280, 32858.0)	(290, 61826.0)	(300, 407315.0)
SRR27013283_2	(30, 5734.0)	(40, 14876.0)	(50, 16505.0)	(60, 16629.0)	(70, 16746.0)	(80, 16403.0)	(90, 16473.0)	(100, 16328.0)	(110, 16156.0)	(120, 16423.0)	(130, 16763.0)	(140, 17088.0)	(150, 18187.0)	(160, 18773.0)	(170, 20070.0)	(180, 21015.0)	(190, 22444.0)	(200, 24282.0)	(210, 25763.0)	(220, 27450.0)	(230, 29268.0)	(240, 30678.0)	(250, 31750.0)	(260, 32493.0)	(270, 32797.0)	(280, 32675.0)	(290, 48080.0)	(300, 419334.0)
SRR27013284_1	(30, 4699.0)	(40, 13144.0)	(50, 14986.0)	(60, 15664.0)	(70, 15543.0)	(80, 15735.0)	(90, 15603.0)	(100, 15637.0)	(110, 15860.0)	(120, 15865.0)	(130, 16349.0)	(140, 16807.0)	(150, 17797.0)	(160, 18773.0)	(170, 19917.0)	(180, 21284.0)	(190, 22952.0)	(200, 24537.0)	(210, 26552.0)	(220, 27693.0)	(230, 29855.0)	(240, 31568.0)	(250, 32707.0)	(260, 33652.0)	(270, 33897.0)	(280, 33784.0)	(290, 63754.0)	(300, 422343.0)
SRR27013284_2	(30, 4726.0)	(40, 13200.0)	(50, 15022.0)	(60, 15746.0)	(70, 15616.0)	(80, 15788.0)	(90, 15679.0)	(100, 15695.0)	(110, 15904.0)	(120, 15922.0)	(130, 16399.0)	(140, 16878.0)	(150, 17826.0)	(160, 18807.0)	(170, 19989.0)	(180, 21331.0)	(190, 22991.0)	(200, 24572.0)	(210, 26548.0)	(220, 27713.0)	(230, 29795.0)	(240, 31438.0)	(250, 32597.0)	(260, 33420.0)	(270, 33562.0)	(280, 33300.0)	(290, 49505.0)	(300, 436988.0)
SRR27013285_1	(30, 4950.0)	(40, 13417.0)	(50, 15271.0)	(60, 15538.0)	(70, 15345.0)	(80, 15049.0)	(90, 14966.0)	(100, 15212.0)	(110, 14797.0)	(120, 14872.0)	(130, 15216.0)	(140, 15436.0)	(150, 16216.0)	(160, 16924.0)	(170, 17902.0)	(180, 18960.0)	(190, 20091.0)	(200, 21300.0)	(210, 23113.0)	(220, 25071.0)	(230, 25921.0)	(240, 27369.0)	(250, 28487.0)	(260, 29152.0)	(270, 29306.0)	(280, 29345.0)	(290, 56454.0)	(300, 378580.0)
SRR27013285_2	(30, 4968.0)	(40, 13454.0)	(50, 15305.0)	(60, 15565.0)	(70, 15404.0)	(80, 15115.0)	(90, 15014.0)	(100, 15231.0)	(110, 14805.0)	(120, 14892.0)	(130, 15256.0)	(140, 15443.0)	(150, 16225.0)	(160, 16933.0)	(170, 17907.0)	(180, 18991.0)	(190, 20056.0)	(200, 21288.0)	(210, 23050.0)	(220, 25037.0)	(230, 25852.0)	(240, 27252.0)	(250, 28243.0)	(260, 28872.0)	(270, 28804.0)	(280, 28685.0)	(290, 43539.0)	(300, 393074.0)
SRR27013286_1	(30, 3499.0)	(40, 9190.0)	(50, 10475.0)	(60, 10904.0)	(70, 10711.0)	(80, 10690.0)	(90, 10883.0)	(100, 10862.0)	(110, 10890.0)	(120, 11082.0)	(130, 11372.0)	(140, 11735.0)	(150, 12449.0)	(160, 12981.0)	(170, 13889.0)	(180, 15006.0)	(190, 16325.0)	(200, 17661.0)	(210, 18805.0)	(220, 20111.0)	(230, 21876.0)	(240, 22968.0)	(250, 24246.0)	(260, 25720.0)	(270, 26364.0)	(280, 26770.0)	(290, 57229.0)	(300, 415926.0)
SRR27013286_2	(30, 3504.0)	(40, 9221.0)	(50, 10486.0)	(60, 10962.0)	(70, 10742.0)	(80, 10739.0)	(90, 10926.0)	(100, 10905.0)	(110, 10919.0)	(120, 11113.0)	(130, 11426.0)	(140, 11738.0)	(150, 12479.0)	(160, 13001.0)	(170, 13894.0)	(180, 15048.0)	(190, 16349.0)	(200, 17702.0)	(210, 18836.0)	(220, 20128.0)	(230, 21877.0)	(240, 22928.0)	(250, 24136.0)	(260, 25583.0)	(270, 26171.0)	(280, 26427.0)	(290, 43101.0)	(300, 430278.0)
SRR27013287_1	(30, 525.0)	(40, 1493.0)	(50, 1789.0)	(60, 2061.0)	(70, 2332.0)	(80, 2649.0)	(90, 2845.0)	(100, 3050.0)	(110, 3536.0)	(120, 3818.0)	(130, 4345.0)	(140, 4702.0)	(150, 5446.0)	(160, 6425.0)	(170, 6929.0)	(180, 7945.0)	(190, 8846.0)	(200, 10025.0)	(210, 10941.0)	(220, 12113.0)	(230, 12847.0)	(240, 14020.0)	(250, 14880.0)	(260, 15743.0)	(270, 16617.0)	(280, 16918.0)	(290, 42862.0)	(300, 349870.0)
SRR27013287_2	(30, 525.0)	(40, 1497.0)	(50, 1790.0)	(60, 2066.0)	(70, 2337.0)	(80, 2663.0)	(90, 2858.0)	(100, 3072.0)	(110, 3548.0)	(120, 3832.0)	(130, 4363.0)	(140, 4717.0)	(150, 5463.0)	(160, 6451.0)	(170, 6943.0)	(180, 7985.0)	(190, 8874.0)	(200, 10052.0)	(210, 10989.0)	(220, 12149.0)	(230, 12872.0)	(240, 14039.0)	(250, 14908.0)	(260, 15755.0)	(270, 16591.0)	(280, 16848.0)	(290, 31532.0)	(300, 360853.0)
SRR27013288_1	(30, 442.0)	(40, 1254.0)	(50, 1487.0)	(60, 1764.0)	(70, 1850.0)	(80, 2109.0)	(90, 2354.0)	(100, 2573.0)	(110, 2901.0)	(120, 3387.0)	(130, 3600.0)	(140, 3981.0)	(150, 4634.0)	(160, 5139.0)	(170, 5906.0)	(180, 6563.0)	(190, 7432.0)	(200, 8253.0)	(210, 9127.0)	(220, 9815.0)	(230, 10895.0)	(240, 11695.0)	(250, 12559.0)	(260, 13035.0)	(270, 13680.0)	(280, 14165.0)	(290, 37859.0)	(300, 320446.0)
SRR27013288_2	(30, 441.0)	(40, 1256.0)	(50, 1490.0)	(60, 1769.0)	(70, 1853.0)	(80, 2119.0)	(90, 2370.0)	(100, 2581.0)	(110, 2913.0)	(120, 3395.0)	(130, 3615.0)	(140, 3988.0)	(150, 4649.0)	(160, 5168.0)	(170, 5918.0)	(180, 6588.0)	(190, 7471.0)	(200, 8263.0)	(210, 9176.0)	(220, 9841.0)	(230, 10922.0)	(240, 11716.0)	(250, 12620.0)	(260, 13024.0)	(270, 13679.0)	(280, 14099.0)	(290, 27366.0)	(300, 330615.0)
SRR27013289_1	(30, 947.0)	(40, 2519.0)	(50, 3055.0)	(60, 3421.0)	(70, 3851.0)	(80, 4183.0)	(90, 4391.0)	(100, 4872.0)	(110, 5250.0)	(120, 5667.0)	(130, 6266.0)	(140, 6942.0)	(150, 7660.0)	(160, 8321.0)	(170, 9404.0)	(180, 10237.0)	(190, 11235.0)	(200, 12486.0)	(210, 13527.0)	(220, 14654.0)	(230, 15382.0)	(240, 16303.0)	(250, 17221.0)	(260, 17948.0)	(270, 18806.0)	(280, 19212.0)	(290, 47586.0)	(300, 388998.0)
SRR27013289_2	(30, 947.0)	(40, 2522.0)	(50, 3068.0)	(60, 3439.0)	(70, 3877.0)	(80, 4196.0)	(90, 4411.0)	(100, 4895.0)	(110, 5263.0)	(120, 5690.0)	(130, 6276.0)	(140, 6956.0)	(150, 7679.0)	(160, 8358.0)	(170, 9439.0)	(180, 10267.0)	(190, 11250.0)	(200, 12544.0)	(210, 13560.0)	(220, 14690.0)	(230, 15372.0)	(240, 16290.0)	(250, 17205.0)	(260, 17845.0)	(270, 18706.0)	(280, 18999.0)	(290, 34892.0)	(300, 401708.0)
SRR27013290_1	(30, 3208.0)	(40, 8927.0)	(50, 10063.0)	(60, 10495.0)	(70, 10673.0)	(80, 10877.0)	(90, 10940.0)	(100, 11114.0)	(110, 11133.0)	(120, 12005.0)	(130, 12475.0)	(140, 12628.0)	(150, 13601.0)	(160, 14033.0)	(170, 15211.0)	(180, 16123.0)	(190, 16814.0)	(200, 17959.0)	(210, 19448.0)	(220, 20545.0)	(230, 21166.0)	(240, 22260.0)	(250, 23093.0)	(260, 23541.0)	(270, 23813.0)	(280, 24256.0)	(290, 50637.0)	(300, 365360.0)
SRR27013290_2	(30, 3213.0)	(40, 8936.0)	(50, 10090.0)	(60, 10534.0)	(70, 10708.0)	(80, 10917.0)	(90, 10971.0)	(100, 11127.0)	(110, 11164.0)	(120, 12052.0)	(130, 12523.0)	(140, 12683.0)	(150, 13634.0)	(160, 14058.0)	(170, 15230.0)	(180, 16155.0)	(190, 16858.0)	(200, 17988.0)	(210, 19488.0)	(220, 20616.0)	(230, 21213.0)	(240, 22304.0)	(250, 23114.0)	(260, 23565.0)	(270, 23723.0)	(280, 24027.0)	(290, 38857.0)	(300, 376650.0)
SRR27013291_1	(30, 6061.0)	(40, 16723.0)	(50, 18816.0)	(60, 19113.0)	(70, 19591.0)	(80, 19232.0)	(90, 18999.0)	(100, 19119.0)	(110, 18596.0)	(120, 18789.0)	(130, 18729.0)	(140, 18908.0)	(150, 19540.0)	(160, 20049.0)	(170, 20692.0)	(180, 21712.0)	(190, 22176.0)	(200, 23667.0)	(210, 24628.0)	(220, 25923.0)	(230, 26402.0)	(240, 27916.0)	(250, 28255.0)	(260, 29111.0)	(270, 28988.0)	(280, 28920.0)	(290, 57067.0)	(300, 387966.0)
SRR27013291_2	(30, 6079.0)	(40, 16781.0)	(50, 18892.0)	(60, 19177.0)	(70, 19666.0)	(80, 19311.0)	(90, 19083.0)	(100, 19181.0)	(110, 18667.0)	(120, 18843.0)	(130, 18801.0)	(140, 18974.0)	(150, 19600.0)	(160, 20104.0)	(170, 20737.0)	(180, 21791.0)	(190, 22228.0)	(200, 23711.0)	(210, 24743.0)	(220, 25929.0)	(230, 26428.0)	(240, 27908.0)	(250, 28196.0)	(260, 29032.0)	(270, 28720.0)	(280, 28604.0)	(290, 43970.0)	(300, 400532.0)
SRR27013292_1	(30, 280.0)	(40, 363.0)	(50, 481.0)	(60, 483.0)	(70, 536.0)	(80, 682.0)	(90, 771.0)	(100, 885.0)	(110, 1026.0)	(120, 1250.0)	(130, 1420.0)	(140, 1786.0)	(150, 2093.0)	(160, 2451.0)	(170, 3071.0)	(180, 3567.0)	(190, 4263.0)	(200, 4923.0)	(210, 5852.0)	(220, 6396.0)	(230, 7042.0)	(240, 8119.0)	(250, 8885.0)	(260, 9670.0)	(270, 10277.0)	(280, 10933.0)	(290, 33336.0)	(300, 308188.0)
SRR27013292_2	(30, 271.0)	(40, 361.0)	(50, 482.0)	(60, 478.0)	(70, 537.0)	(80, 680.0)	(90, 774.0)	(100, 889.0)	(110, 1030.0)	(120, 1261.0)	(130, 1426.0)	(140, 1781.0)	(150, 2096.0)	(160, 2454.0)	(170, 3076.0)	(180, 3553.0)	(190, 4251.0)	(200, 4900.0)	(210, 5820.0)	(220, 6351.0)	(230, 6984.0)	(240, 7982.0)	(250, 8640.0)	(260, 9355.0)	(270, 9772.0)	(280, 10282.0)	(290, 24906.0)	(300, 318637.0)
SRR27013293_1	(30, 3993.0)	(40, 10718.0)	(50, 12070.0)	(60, 12408.0)	(70, 13074.0)	(80, 13072.0)	(90, 13569.0)	(100, 13623.0)	(110, 13952.0)	(120, 14441.0)	(130, 15258.0)	(140, 16061.0)	(150, 17016.0)	(160, 18104.0)	(170, 19166.0)	(180, 20334.0)	(190, 21630.0)	(200, 23302.0)	(210, 25042.0)	(220, 25934.0)	(230, 27535.0)	(240, 29087.0)	(250, 29693.0)	(260, 30757.0)	(270, 30686.0)	(280, 31077.0)	(290, 61853.0)	(300, 432254.0)
SRR27013293_2	(30, 4004.0)	(40, 10757.0)	(50, 12110.0)	(60, 12476.0)	(70, 13116.0)	(80, 13125.0)	(90, 13632.0)	(100, 13700.0)	(110, 14023.0)	(120, 14501.0)	(130, 15328.0)	(140, 16091.0)	(150, 17086.0)	(160, 18150.0)	(170, 19249.0)	(180, 20419.0)	(190, 21743.0)	(200, 23400.0)	(210, 25095.0)	(220, 26020.0)	(230, 27623.0)	(240, 29140.0)	(250, 29721.0)	(260, 30790.0)	(270, 30651.0)	(280, 30866.0)	(290, 47819.0)	(300, 445074.0)
SRR27013294_1	(30, 5012.0)	(40, 13389.0)	(50, 14811.0)	(60, 15710.0)	(70, 15508.0)	(80, 15413.0)	(90, 15755.0)	(100, 15937.0)	(110, 16168.0)	(120, 16370.0)	(130, 16459.0)	(140, 17226.0)	(150, 17888.0)	(160, 18751.0)	(170, 19837.0)	(180, 20798.0)	(190, 22051.0)	(200, 23508.0)	(210, 24464.0)	(220, 26226.0)	(230, 27233.0)	(240, 28315.0)	(250, 29062.0)	(260, 29850.0)	(270, 29990.0)	(280, 29840.0)	(290, 58273.0)	(300, 401894.0)
SRR27013294_2	(30, 5013.0)	(40, 13383.0)	(50, 14834.0)	(60, 15754.0)	(70, 15530.0)	(80, 15439.0)	(90, 15802.0)	(100, 15978.0)	(110, 16176.0)	(120, 16379.0)	(130, 16476.0)	(140, 17230.0)	(150, 17881.0)	(160, 18765.0)	(170, 19828.0)	(180, 20790.0)	(190, 21951.0)	(200, 23437.0)	(210, 24402.0)	(220, 26046.0)	(230, 27044.0)	(240, 27967.0)	(250, 28582.0)	(260, 29264.0)	(270, 29227.0)	(280, 28926.0)	(290, 44752.0)	(300, 418882.0)
SRR27013295_1	(30, 4156.0)	(40, 10968.0)	(50, 11539.0)	(60, 11992.0)	(70, 11602.0)	(80, 11580.0)	(90, 11415.0)	(100, 11047.0)	(110, 11055.0)	(120, 11033.0)	(130, 11171.0)	(140, 11062.0)	(150, 11364.0)	(160, 11917.0)	(170, 12412.0)	(180, 12755.0)	(190, 13296.0)	(200, 14618.0)	(210, 15301.0)	(220, 16438.0)	(230, 17208.0)	(240, 18223.0)	(250, 18974.0)	(260, 19411.0)	(270, 19550.0)	(280, 19642.0)	(290, 40468.0)	(300, 287322.0)
SRR27013295_2	(30, 4185.0)	(40, 11031.0)	(50, 11604.0)	(60, 12048.0)	(70, 11692.0)	(80, 11646.0)	(90, 11482.0)	(100, 11087.0)	(110, 11110.0)	(120, 11103.0)	(130, 11235.0)	(140, 11102.0)	(150, 11418.0)	(160, 11960.0)	(170, 12485.0)	(180, 12859.0)	(190, 13358.0)	(200, 14700.0)	(210, 15369.0)	(220, 16457.0)	(230, 17223.0)	(240, 18239.0)	(250, 18959.0)	(260, 19366.0)	(270, 19541.0)	(280, 19524.0)	(290, 33971.0)	(300, 292765.0)
SRR27013296_1	(30, 2747.0)	(40, 7318.0)	(50, 7955.0)	(60, 8131.0)	(70, 8153.0)	(80, 8179.0)	(90, 8066.0)	(100, 7983.0)	(110, 8106.0)	(120, 8367.0)	(130, 8179.0)	(140, 8630.0)	(150, 8877.0)	(160, 9348.0)	(170, 9730.0)	(180, 10333.0)	(190, 10807.0)	(200, 11492.0)	(210, 12124.0)	(220, 12714.0)	(230, 13408.0)	(240, 14122.0)	(250, 14624.0)	(260, 15048.0)	(270, 15301.0)	(280, 15135.0)	(290, 32739.0)	(300, 243722.0)
SRR27013296_2	(30, 2770.0)	(40, 7369.0)	(50, 8002.0)	(60, 8171.0)	(70, 8210.0)	(80, 8219.0)	(90, 8122.0)	(100, 8037.0)	(110, 8156.0)	(120, 8404.0)	(130, 8224.0)	(140, 8688.0)	(150, 8913.0)	(160, 9394.0)	(170, 9797.0)	(180, 10388.0)	(190, 10867.0)	(200, 11538.0)	(210, 12186.0)	(220, 12715.0)	(230, 13389.0)	(240, 14124.0)	(250, 14617.0)	(260, 15003.0)	(270, 15228.0)	(280, 15028.0)	(290, 27305.0)	(300, 248474.0)
SRR27013297_1	(30, 5921.0)	(40, 15215.0)	(50, 16656.0)	(60, 16946.0)	(70, 17027.0)	(80, 16622.0)	(90, 16256.0)	(100, 16089.0)	(110, 15896.0)	(120, 16050.0)	(130, 16144.0)	(140, 16335.0)	(150, 16768.0)	(160, 17352.0)	(170, 17436.0)	(180, 18262.0)	(190, 19229.0)	(200, 20148.0)	(210, 21334.0)	(220, 22526.0)	(230, 23005.0)	(240, 23899.0)	(250, 23775.0)	(260, 24071.0)	(270, 23430.0)	(280, 22376.0)	(290, 46115.0)	(300, 299112.0)
SRR27013297_2	(30, 5922.0)	(40, 15204.0)	(50, 16589.0)	(60, 16940.0)	(70, 17015.0)	(80, 16581.0)	(90, 16243.0)	(100, 16007.0)	(110, 15855.0)	(120, 15983.0)	(130, 16093.0)	(140, 16264.0)	(150, 16700.0)	(160, 17235.0)	(170, 17373.0)	(180, 18189.0)	(190, 19128.0)	(200, 20033.0)	(210, 21248.0)	(220, 22323.0)	(230, 22840.0)	(240, 23553.0)	(250, 23390.0)	(260, 23261.0)	(270, 22169.0)	(280, 20910.0)	(290, 31395.0)	(300, 319552.0)
SRR27013298_1	(30, 4795.0)	(40, 12647.0)	(50, 14010.0)	(60, 14389.0)	(70, 14840.0)	(80, 14745.0)	(90, 14893.0)	(100, 15135.0)	(110, 15336.0)	(120, 15641.0)	(130, 16220.0)	(140, 16954.0)	(150, 17768.0)	(160, 19257.0)	(170, 20189.0)	(180, 21398.0)	(190, 22811.0)	(200, 23712.0)	(210, 25021.0)	(220, 25214.0)	(230, 25580.0)	(240, 25160.0)	(250, 24804.0)	(260, 23789.0)	(270, 22589.0)	(280, 20949.0)	(290, 39610.0)	(300, 237802.0)
SRR27013298_2	(30, 4840.0)	(40, 12778.0)	(50, 14141.0)	(60, 14584.0)	(70, 14907.0)	(80, 14835.0)	(90, 14933.0)	(100, 15211.0)	(110, 15430.0)	(120, 15749.0)	(130, 16322.0)	(140, 17026.0)	(150, 17822.0)	(160, 19277.0)	(170, 20201.0)	(180, 21398.0)	(190, 22716.0)	(200, 23488.0)	(210, 24736.0)	(220, 24765.0)	(230, 24942.0)	(240, 24098.0)	(250, 23102.0)	(260, 21743.0)	(270, 20106.0)	(280, 18363.0)	(290, 24845.0)	(300, 262900.0)
SRR27013299_1	(30, 6211.0)	(40, 16482.0)	(50, 17982.0)	(60, 18588.0)	(70, 18452.0)	(80, 18040.0)	(90, 17892.0)	(100, 17734.0)	(110, 17382.0)	(120, 17287.0)	(130, 17261.0)	(140, 17167.0)	(150, 17023.0)	(160, 17572.0)	(170, 17950.0)	(180, 18259.0)	(190, 18969.0)	(200, 19692.0)	(210, 20415.0)	(220, 21490.0)	(230, 22186.0)	(240, 22544.0)	(250, 22557.0)	(260, 22420.0)	(270, 22121.0)	(280, 21285.0)	(290, 43609.0)	(300, 282401.0)
SRR27013299_2	(30, 6244.0)	(40, 16529.0)	(50, 18013.0)	(60, 18626.0)	(70, 18493.0)	(80, 18063.0)	(90, 17921.0)	(100, 17746.0)	(110, 17403.0)	(120, 17328.0)	(130, 17263.0)	(140, 17145.0)	(150, 17003.0)	(160, 17540.0)	(170, 17873.0)	(180, 18217.0)	(190, 18904.0)	(200, 19588.0)	(210, 20298.0)	(220, 21323.0)	(230, 21979.0)	(240, 22254.0)	(250, 22033.0)	(260, 21567.0)	(270, 20873.0)	(280, 19813.0)	(290, 29535.0)	(300, 301397.0)
SRR27013300_1	(30, 2936.0)	(40, 7608.0)	(50, 8627.0)	(60, 8918.0)	(70, 9313.0)	(80, 9512.0)	(90, 9794.0)	(100, 9883.0)	(110, 10284.0)	(120, 10809.0)	(130, 11248.0)	(140, 12113.0)	(150, 12770.0)	(160, 13907.0)	(170, 15078.0)	(180, 16014.0)	(190, 17291.0)	(200, 18652.0)	(210, 19665.0)	(220, 20576.0)	(230, 20784.0)	(240, 21630.0)	(250, 21290.0)	(260, 20993.0)	(270, 20482.0)	(280, 19642.0)	(290, 42192.0)	(300, 271897.0)
SRR27013300_2	(30, 2951.0)	(40, 7632.0)	(50, 8679.0)	(60, 9044.0)	(70, 9331.0)	(80, 9502.0)	(90, 9813.0)	(100, 9887.0)	(110, 10303.0)	(120, 10812.0)	(130, 11256.0)	(140, 12139.0)	(150, 12778.0)	(160, 13922.0)	(170, 15019.0)	(180, 15926.0)	(190, 17117.0)	(200, 18589.0)	(210, 19382.0)	(220, 20180.0)	(230, 20313.0)	(240, 20699.0)	(250, 19810.0)	(260, 19162.0)	(270, 18148.0)	(280, 17109.0)	(290, 25341.0)	(300, 299064.0)
SRR27013301_1	(30, 5275.0)	(40, 13784.0)	(50, 15376.0)	(60, 15465.0)	(70, 15669.0)	(80, 15381.0)	(90, 15403.0)	(100, 14954.0)	(110, 14669.0)	(120, 14688.0)	(130, 14579.0)	(140, 14677.0)	(150, 14751.0)	(160, 15042.0)	(170, 14951.0)	(180, 15663.0)	(190, 16438.0)	(200, 17248.0)	(210, 17781.0)	(220, 18307.0)	(230, 19315.0)	(240, 19937.0)	(250, 19680.0)	(260, 20546.0)	(270, 19958.0)	(280, 19360.0)	(290, 42244.0)	(300, 282226.0)
SRR27013301_2	(30, 5281.0)	(40, 13798.0)	(50, 15393.0)	(60, 15466.0)	(70, 15651.0)	(80, 15371.0)	(90, 15383.0)	(100, 14943.0)	(110, 14662.0)	(120, 14664.0)	(130, 14509.0)	(140, 14625.0)	(150, 14692.0)	(160, 14947.0)	(170, 14854.0)	(180, 15600.0)	(190, 16324.0)	(200, 17083.0)	(210, 17690.0)	(220, 18137.0)	(230, 19091.0)	(240, 19563.0)	(250, 19261.0)	(260, 19650.0)	(270, 18491.0)	(280, 17868.0)	(290, 27505.0)	(300, 302865.0)
SRR27013302_1	(30, 6253.0)	(40, 16126.0)	(50, 17694.0)	(60, 18050.0)	(70, 18206.0)	(80, 18031.0)	(90, 17625.0)	(100, 17488.0)	(110, 17206.0)	(120, 17051.0)	(130, 17230.0)	(140, 17008.0)	(150, 17200.0)	(160, 17676.0)	(170, 18323.0)	(180, 18690.0)	(190, 19217.0)	(200, 20514.0)	(210, 21047.0)	(220, 22000.0)	(230, 22054.0)	(240, 22069.0)	(250, 22082.0)	(260, 21898.0)	(270, 21250.0)	(280, 20216.0)	(290, 40114.0)	(300, 260008.0)
SRR27013302_2	(30, 6259.0)	(40, 16148.0)	(50, 17680.0)	(60, 18056.0)	(70, 18183.0)	(80, 18021.0)	(90, 17599.0)	(100, 17456.0)	(110, 17178.0)	(120, 17011.0)	(130, 17196.0)	(140, 16914.0)	(150, 17127.0)	(160, 17598.0)	(170, 18198.0)	(180, 18591.0)	(190, 19091.0)	(200, 20298.0)	(210, 20826.0)	(220, 21762.0)	(230, 21742.0)	(240, 21773.0)	(250, 21572.0)	(260, 21050.0)	(270, 20034.0)	(280, 18639.0)	(290, 27126.0)	(300, 279198.0)
SRR27013303_1	(30, 5058.0)	(40, 13278.0)	(50, 14747.0)	(60, 15203.0)	(70, 15057.0)	(80, 15219.0)	(90, 14963.0)	(100, 14860.0)	(110, 14764.0)	(120, 15126.0)	(130, 15297.0)	(140, 15602.0)	(150, 15865.0)	(160, 16341.0)	(170, 17164.0)	(180, 18133.0)	(190, 18916.0)	(200, 20324.0)	(210, 21028.0)	(220, 21512.0)	(230, 22496.0)	(240, 22864.0)	(250, 22945.0)	(260, 22336.0)	(270, 21659.0)	(280, 20867.0)	(290, 42070.0)	(300, 273908.0)
SRR27013303_2	(30, 5071.0)	(40, 13294.0)	(50, 14776.0)	(60, 15205.0)	(70, 15056.0)	(80, 15240.0)	(90, 14971.0)	(100, 14808.0)	(110, 14720.0)	(120, 15126.0)	(130, 15314.0)	(140, 15547.0)	(150, 15844.0)	(160, 16310.0)	(170, 17115.0)	(180, 18081.0)	(190, 18807.0)	(200, 20163.0)	(210, 20769.0)	(220, 21288.0)	(230, 22196.0)	(240, 22401.0)	(250, 22396.0)	(260, 21314.0)	(270, 20135.0)	(280, 19189.0)	(290, 28129.0)	(300, 294337.0)
SRR27013304_1	(30, 7086.0)	(40, 18492.0)	(50, 20661.0)	(60, 21033.0)	(70, 21306.0)	(80, 21459.0)	(90, 21175.0)	(100, 20885.0)	(110, 20967.0)	(120, 21386.0)	(130, 21339.0)	(140, 21886.0)	(150, 21913.0)	(160, 22687.0)	(170, 22959.0)	(180, 23553.0)	(190, 24250.0)	(200, 25235.0)	(210, 25867.0)	(220, 26428.0)	(230, 26518.0)	(240, 26854.0)	(250, 26439.0)	(260, 26171.0)	(270, 25293.0)	(280, 24392.0)	(290, 51170.0)	(300, 339507.0)
SRR27013304_2	(30, 7103.0)	(40, 18573.0)	(50, 20703.0)	(60, 21122.0)	(70, 21360.0)	(80, 21492.0)	(90, 21203.0)	(100, 20903.0)	(110, 20986.0)	(120, 21417.0)	(130, 21346.0)	(140, 21858.0)	(150, 21934.0)	(160, 22717.0)	(170, 22991.0)	(180, 23548.0)	(190, 24211.0)	(200, 25130.0)	(210, 25783.0)	(220, 26279.0)	(230, 26410.0)	(240, 26523.0)	(250, 25913.0)	(260, 25348.0)	(270, 24002.0)	(280, 22853.0)	(290, 34178.0)	(300, 361025.0)
SRR27013305_1	(30, 1712.0)	(40, 4418.0)	(50, 4827.0)	(60, 5131.0)	(70, 5363.0)	(80, 5620.0)	(90, 5706.0)	(100, 5973.0)	(110, 6116.0)	(120, 6602.0)	(130, 6872.0)	(140, 7363.0)	(150, 8115.0)	(160, 8658.0)	(170, 9508.0)	(180, 10348.0)	(190, 10971.0)	(200, 11921.0)	(210, 12453.0)	(220, 13499.0)	(230, 13698.0)	(240, 14244.0)	(250, 14760.0)	(260, 14650.0)	(270, 14323.0)	(280, 14163.0)	(290, 32661.0)	(300, 227086.0)
SRR27013305_2	(30, 1717.0)	(40, 4434.0)	(50, 4867.0)	(60, 5176.0)	(70, 5362.0)	(80, 5611.0)	(90, 5686.0)	(100, 5943.0)	(110, 6114.0)	(120, 6556.0)	(130, 6828.0)	(140, 7323.0)	(150, 8078.0)	(160, 8590.0)	(170, 9449.0)	(180, 10169.0)	(190, 10808.0)	(200, 11686.0)	(210, 12085.0)	(220, 13059.0)	(230, 13144.0)	(240, 13276.0)	(250, 13472.0)	(260, 13105.0)	(270, 12389.0)	(280, 12000.0)	(290, 19352.0)	(300, 250482.0)
SRR27013306_1	(30, 5520.0)	(40, 14595.0)	(50, 16245.0)	(60, 16707.0)	(70, 16851.0)	(80, 16856.0)	(90, 16590.0)	(100, 16544.0)	(110, 16679.0)	(120, 16696.0)	(130, 16876.0)	(140, 17008.0)	(150, 17655.0)	(160, 18042.0)	(170, 18419.0)	(180, 18943.0)	(190, 19844.0)	(200, 20443.0)	(210, 20859.0)	(220, 20996.0)	(230, 20776.0)	(240, 20843.0)	(250, 20694.0)	(260, 20097.0)	(270, 18936.0)	(280, 17883.0)	(290, 36241.0)	(300, 224692.0)
SRR27013306_2	(30, 5585.0)	(40, 14685.0)	(50, 16373.0)	(60, 16920.0)	(70, 16951.0)	(80, 16918.0)	(90, 16687.0)	(100, 16622.0)	(110, 16785.0)	(120, 16769.0)	(130, 16946.0)	(140, 17060.0)	(150, 17694.0)	(160, 18038.0)	(170, 18402.0)	(180, 18868.0)	(190, 19749.0)	(200, 20236.0)	(210, 20517.0)	(220, 20571.0)	(230, 20315.0)	(240, 19906.0)	(250, 19286.0)	(260, 18337.0)	(270, 16823.0)	(280, 15570.0)	(290, 21980.0)	(300, 247937.0)
SRR27013307_1	(30, 888.0)	(40, 2337.0)	(50, 2860.0)	(60, 3070.0)	(70, 3378.0)	(80, 3705.0)	(90, 4030.0)	(100, 4308.0)	(110, 4720.0)	(120, 5326.0)	(130, 5919.0)	(140, 6793.0)	(150, 7698.0)	(160, 8661.0)	(170, 9964.0)	(180, 11188.0)	(190, 12601.0)	(200, 14267.0)	(210, 15809.0)	(220, 16921.0)	(230, 18546.0)	(240, 19629.0)	(250, 20533.0)	(260, 20908.0)	(270, 21156.0)	(280, 21026.0)	(290, 40372.0)	(300, 251349.0)
SRR27013307_2	(30, 886.0)	(40, 2349.0)	(50, 2876.0)	(60, 3083.0)	(70, 3382.0)	(80, 3709.0)	(90, 4033.0)	(100, 4320.0)	(110, 4719.0)	(120, 5319.0)	(130, 5939.0)	(140, 6782.0)	(150, 7696.0)	(160, 8654.0)	(170, 9951.0)	(180, 11131.0)	(190, 12547.0)	(200, 14192.0)	(210, 15708.0)	(220, 16811.0)	(230, 18347.0)	(240, 19290.0)	(250, 20099.0)	(260, 20306.0)	(270, 20401.0)	(280, 20217.0)	(290, 35404.0)	(300, 259811.0)
SRR27013308_1	(30, 2765.0)	(40, 7649.0)	(50, 8280.0)	(60, 8843.0)	(70, 9393.0)	(80, 9598.0)	(90, 9715.0)	(100, 9816.0)	(110, 9898.0)	(120, 10524.0)	(130, 10647.0)	(140, 11368.0)	(150, 12096.0)	(160, 12623.0)	(170, 13851.0)	(180, 14625.0)	(190, 15502.0)	(200, 16669.0)	(210, 17511.0)	(220, 17914.0)	(230, 18814.0)	(240, 19210.0)	(250, 19418.0)	(260, 19032.0)	(270, 19016.0)	(280, 17947.0)	(290, 38453.0)	(300, 252704.0)
SRR27013308_2	(30, 2793.0)	(40, 7664.0)	(50, 8318.0)	(60, 8920.0)	(70, 9413.0)	(80, 9614.0)	(90, 9694.0)	(100, 9814.0)	(110, 9881.0)	(120, 10539.0)	(130, 10679.0)	(140, 11341.0)	(150, 12068.0)	(160, 12583.0)	(170, 13765.0)	(180, 14532.0)	(190, 15348.0)	(200, 16452.0)	(210, 17173.0)	(220, 17517.0)	(230, 18251.0)	(240, 18316.0)	(250, 18096.0)	(260, 17393.0)	(270, 16802.0)	(280, 15632.0)	(290, 23609.0)	(300, 277674.0)
SRR27013309_1	(30, 2712.0)	(40, 7252.0)	(50, 7823.0)	(60, 8132.0)	(70, 8529.0)	(80, 8605.0)	(90, 8824.0)	(100, 9128.0)	(110, 9460.0)	(120, 9784.0)	(130, 10316.0)	(140, 11173.0)	(150, 11726.0)	(160, 12637.0)	(170, 13767.0)	(180, 15028.0)	(190, 15805.0)	(200, 16695.0)	(210, 17995.0)	(220, 18795.0)	(230, 19165.0)	(240, 19510.0)	(250, 19583.0)	(260, 19383.0)	(270, 18803.0)	(280, 18231.0)	(290, 37938.0)	(300, 244934.0)
SRR27013309_2	(30, 2715.0)	(40, 7272.0)	(50, 7830.0)	(60, 8220.0)	(70, 8534.0)	(80, 8588.0)	(90, 8804.0)	(100, 9076.0)	(110, 9454.0)	(120, 9743.0)	(130, 10297.0)	(140, 11109.0)	(150, 11642.0)	(160, 12517.0)	(170, 13645.0)	(180, 14800.0)	(190, 15515.0)	(200, 16345.0)	(210, 17467.0)	(220, 18082.0)	(230, 18432.0)	(240, 18172.0)	(250, 17852.0)	(260, 17186.0)	(270, 16132.0)	(280, 15286.0)	(290, 22857.0)	(300, 274161.0)
SRR27013310_1	(30, 3584.0)	(40, 9543.0)	(50, 10694.0)	(60, 11041.0)	(70, 11294.0)	(80, 11352.0)	(90, 11603.0)	(100, 11464.0)	(110, 11719.0)	(120, 12028.0)	(130, 12262.0)	(140, 12576.0)	(150, 13128.0)	(160, 13996.0)	(170, 14834.0)	(180, 15571.0)	(190, 16415.0)	(200, 17121.0)	(210, 18146.0)	(220, 18503.0)	(230, 18560.0)	(240, 18879.0)	(250, 18838.0)	(260, 18307.0)	(270, 17494.0)	(280, 16538.0)	(290, 31831.0)	(300, 196795.0)
SRR27013310_2	(30, 3594.0)	(40, 9563.0)	(50, 10717.0)	(60, 11116.0)	(70, 11341.0)	(80, 11393.0)	(90, 11664.0)	(100, 11545.0)	(110, 11836.0)	(120, 12128.0)	(130, 12382.0)	(140, 12744.0)	(150, 13270.0)	(160, 14172.0)	(170, 15004.0)	(180, 15704.0)	(190, 16524.0)	(200, 17178.0)	(210, 18026.0)	(220, 18221.0)	(230, 18171.0)	(240, 18062.0)	(250, 17537.0)	(260, 16592.0)	(270, 15404.0)	(280, 14282.0)	(290, 20139.0)	(300, 215807.0)
SRR27013311_1	(30, 3047.0)	(40, 8267.0)	(50, 9063.0)	(60, 9542.0)	(70, 10042.0)	(80, 10130.0)	(90, 10290.0)	(100, 10555.0)	(110, 10892.0)	(120, 11126.0)	(130, 11550.0)	(140, 12057.0)	(150, 12750.0)	(160, 13360.0)	(170, 14047.0)	(180, 14864.0)	(190, 15669.0)	(200, 16424.0)	(210, 16972.0)	(220, 17736.0)	(230, 18187.0)	(240, 18909.0)	(250, 18740.0)	(260, 18296.0)	(270, 18052.0)	(280, 17632.0)	(290, 37441.0)	(300, 247555.0)
SRR27013311_2	(30, 3070.0)	(40, 8303.0)	(50, 9122.0)	(60, 9637.0)	(70, 10069.0)	(80, 10129.0)	(90, 10301.0)	(100, 10542.0)	(110, 10910.0)	(120, 11145.0)	(130, 11510.0)	(140, 12028.0)	(150, 12691.0)	(160, 13266.0)	(170, 13969.0)	(180, 14684.0)	(190, 15456.0)	(200, 16124.0)	(210, 16458.0)	(220, 17170.0)	(230, 17375.0)	(240, 17674.0)	(250, 17188.0)	(260, 16179.0)	(270, 15594.0)	(280, 14986.0)	(290, 22315.0)	(300, 275300.0)
SRR27013312_1	(30, 2046.0)	(40, 5610.0)	(50, 6429.0)	(60, 6694.0)	(70, 7008.0)	(80, 6847.0)	(90, 7098.0)	(100, 7261.0)	(110, 7371.0)	(120, 7460.0)	(130, 7591.0)	(140, 7871.0)	(150, 8108.0)	(160, 8744.0)	(170, 9314.0)	(180, 9818.0)	(190, 10581.0)	(200, 11544.0)	(210, 12245.0)	(220, 13263.0)	(230, 13921.0)	(240, 14584.0)	(250, 14986.0)	(260, 15230.0)	(270, 15638.0)	(280, 15457.0)	(290, 32898.0)	(300, 239930.0)
SRR27013312_2	(30, 2051.0)	(40, 5622.0)	(50, 6454.0)	(60, 6719.0)	(70, 7043.0)	(80, 6905.0)	(90, 7170.0)	(100, 7328.0)	(110, 7442.0)	(120, 7541.0)	(130, 7671.0)	(140, 7966.0)	(150, 8219.0)	(160, 8865.0)	(170, 9440.0)	(180, 9966.0)	(190, 10751.0)	(200, 11698.0)	(210, 12443.0)	(220, 13548.0)	(230, 14193.0)	(240, 14835.0)	(250, 15320.0)	(260, 15540.0)	(270, 15880.0)	(280, 15660.0)	(290, 26034.0)	(300, 243243.0)
SRR27013313_1	(30, 1919.0)	(40, 5455.0)	(50, 6103.0)	(60, 6648.0)	(70, 6938.0)	(80, 7042.0)	(90, 7347.0)	(100, 7421.0)	(110, 7660.0)	(120, 7999.0)	(130, 8238.0)	(140, 8821.0)	(150, 9215.0)	(160, 10097.0)	(170, 10727.0)	(180, 11740.0)	(190, 12620.0)	(200, 14096.0)	(210, 15064.0)	(220, 15944.0)	(230, 16830.0)	(240, 17690.0)	(250, 18031.0)	(260, 18345.0)	(270, 18260.0)	(280, 18074.0)	(290, 37816.0)	(300, 275027.0)
SRR27013313_2	(30, 1925.0)	(40, 5468.0)	(50, 6123.0)	(60, 6676.0)	(70, 6987.0)	(80, 7093.0)	(90, 7429.0)	(100, 7502.0)	(110, 7727.0)	(120, 8064.0)	(130, 8306.0)	(140, 8903.0)	(150, 9317.0)	(160, 10230.0)	(170, 10857.0)	(180, 11894.0)	(190, 12767.0)	(200, 14286.0)	(210, 15281.0)	(220, 16161.0)	(230, 17095.0)	(240, 17974.0)	(250, 18369.0)	(260, 18666.0)	(270, 18543.0)	(280, 18146.0)	(290, 29953.0)	(300, 279425.0)
SRR27013314_1	(30, 5265.0)	(40, 13561.0)	(50, 14863.0)	(60, 15330.0)	(70, 15372.0)	(80, 15495.0)	(90, 15338.0)	(100, 15749.0)	(110, 15970.0)	(120, 16013.0)	(130, 16400.0)	(140, 17005.0)	(150, 17438.0)	(160, 18757.0)	(170, 19449.0)	(180, 20772.0)	(190, 21912.0)	(200, 22856.0)	(210, 23771.0)	(220, 24375.0)	(230, 24795.0)	(240, 24887.0)	(250, 24586.0)	(260, 24397.0)	(270, 23262.0)	(280, 22323.0)	(290, 44968.0)	(300, 282807.0)
SRR27013314_2	(30, 5289.0)	(40, 13585.0)	(50, 14945.0)	(60, 15452.0)	(70, 15390.0)	(80, 15450.0)	(90, 15330.0)	(100, 15729.0)	(110, 15961.0)	(120, 15963.0)	(130, 16346.0)	(140, 16945.0)	(150, 17384.0)	(160, 18650.0)	(170, 19342.0)	(180, 20526.0)	(190, 21658.0)	(200, 22539.0)	(210, 23106.0)	(220, 23680.0)	(230, 23831.0)	(240, 23491.0)	(250, 22661.0)	(260, 21958.0)	(270, 20340.0)	(280, 19188.0)	(290, 27466.0)	(300, 315511.0)
SRR27013315_1	(30, 2101.0)	(40, 5709.0)	(50, 6348.0)	(60, 6752.0)	(70, 7175.0)	(80, 7409.0)	(90, 7962.0)	(100, 8590.0)	(110, 9332.0)	(120, 10270.0)	(130, 11198.0)	(140, 12687.0)	(150, 14492.0)	(160, 15771.0)	(170, 17722.0)	(180, 19402.0)	(190, 21404.0)	(200, 22776.0)	(210, 24394.0)	(220, 25056.0)	(230, 25807.0)	(240, 26215.0)	(250, 25789.0)	(260, 25428.0)	(270, 24285.0)	(280, 22930.0)	(290, 39505.0)	(300, 245661.0)
SRR27013315_2	(30, 2115.0)	(40, 5734.0)	(50, 6378.0)	(60, 6793.0)	(70, 7226.0)	(80, 7462.0)	(90, 8044.0)	(100, 8644.0)	(110, 9399.0)	(120, 10321.0)	(130, 11240.0)	(140, 12717.0)	(150, 14558.0)	(160, 15830.0)	(170, 17740.0)	(180, 19453.0)	(190, 21407.0)	(200, 22757.0)	(210, 24359.0)	(220, 25019.0)	(230, 25646.0)	(240, 26056.0)	(250, 25535.0)	(260, 24906.0)	(270, 23679.0)	(280, 22086.0)	(290, 32464.0)	(300, 254602.0)
SRR27013316_1	(30, 2052.0)	(40, 5923.0)	(50, 7043.0)	(60, 7616.0)	(70, 7921.0)	(80, 8329.0)	(90, 8645.0)	(100, 9009.0)	(110, 9515.0)	(120, 10260.0)	(130, 10741.0)	(140, 11723.0)	(150, 12698.0)	(160, 13771.0)	(170, 15039.0)	(180, 15947.0)	(190, 17130.0)	(200, 18116.0)	(210, 19154.0)	(220, 19851.0)	(230, 20068.0)	(240, 21013.0)	(250, 20796.0)	(260, 20596.0)	(270, 20251.0)	(280, 19411.0)	(290, 38100.0)	(300, 261353.0)
SRR27013316_2	(30, 2067.0)	(40, 5984.0)	(50, 7105.0)	(60, 7683.0)	(70, 7989.0)	(80, 8425.0)	(90, 8765.0)	(100, 9122.0)	(110, 9629.0)	(120, 10379.0)	(130, 10895.0)	(140, 11858.0)	(150, 12850.0)	(160, 13978.0)	(170, 15251.0)	(180, 16173.0)	(190, 17402.0)	(200, 18453.0)	(210, 19538.0)	(220, 20264.0)	(230, 20572.0)	(240, 21555.0)	(250, 21345.0)	(260, 21213.0)	(270, 20929.0)	(280, 19912.0)	(290, 30616.0)	(300, 262119.0)
SRR27013317_1	(30, 2621.0)	(40, 7069.0)	(50, 7783.0)	(60, 8408.0)	(70, 8605.0)	(80, 8807.0)	(90, 8811.0)	(100, 9156.0)	(110, 9531.0)	(120, 9882.0)	(130, 10544.0)	(140, 11293.0)	(150, 12130.0)	(160, 13369.0)	(170, 14615.0)	(180, 15685.0)	(190, 17170.0)	(200, 18741.0)	(210, 20012.0)	(220, 20962.0)	(230, 21549.0)	(240, 22236.0)	(250, 22292.0)	(260, 22413.0)	(270, 21612.0)	(280, 21091.0)	(290, 39681.0)	(300, 273334.0)
SRR27013317_2	(30, 2633.0)	(40, 7111.0)	(50, 7834.0)	(60, 8455.0)	(70, 8670.0)	(80, 8879.0)	(90, 8875.0)	(100, 9204.0)	(110, 9584.0)	(120, 9910.0)	(130, 10584.0)	(140, 11324.0)	(150, 12123.0)	(160, 13398.0)	(170, 14634.0)	(180, 15727.0)	(190, 17165.0)	(200, 18703.0)	(210, 19966.0)	(220, 20873.0)	(230, 21415.0)	(240, 22054.0)	(250, 22067.0)	(260, 21969.0)	(270, 21110.0)	(280, 20354.0)	(290, 31991.0)	(300, 282790.0)
SRR27013318_1	(30, 860.0)	(40, 2228.0)	(50, 2588.0)	(60, 2826.0)	(70, 3332.0)	(80, 3371.0)	(90, 3710.0)	(100, 3948.0)	(110, 4205.0)	(120, 4559.0)	(130, 4897.0)	(140, 5531.0)	(150, 5889.0)	(160, 6490.0)	(170, 7003.0)	(180, 7744.0)	(190, 8352.0)	(200, 9304.0)	(210, 9851.0)	(220, 10337.0)	(230, 11096.0)	(240, 11471.0)	(250, 12065.0)	(260, 12615.0)	(270, 12953.0)	(280, 13118.0)	(290, 32487.0)	(300, 241687.0)
SRR27013318_2	(30, 864.0)	(40, 2229.0)	(50, 2587.0)	(60, 2835.0)	(70, 3330.0)	(80, 3368.0)	(90, 3699.0)	(100, 3954.0)	(110, 4207.0)	(120, 4563.0)	(130, 4885.0)	(140, 5516.0)	(150, 5863.0)	(160, 6489.0)	(170, 6985.0)	(180, 7706.0)	(190, 8289.0)	(200, 9264.0)	(210, 9811.0)	(220, 10243.0)	(230, 10967.0)	(240, 11254.0)	(250, 11801.0)	(260, 12191.0)	(270, 12466.0)	(280, 12650.0)	(290, 28155.0)	(300, 248346.0)
SRR27013319_1	(30, 1633.0)	(40, 4240.0)	(50, 4845.0)	(60, 5207.0)	(70, 5380.0)	(80, 5620.0)	(90, 5811.0)	(100, 5931.0)	(110, 6211.0)	(120, 6436.0)	(130, 6931.0)	(140, 7375.0)	(150, 7766.0)	(160, 8366.0)	(170, 9037.0)	(180, 9617.0)	(190, 10371.0)	(200, 11211.0)	(210, 11761.0)	(220, 12362.0)	(230, 12541.0)	(240, 13081.0)	(250, 13287.0)	(260, 13167.0)	(270, 13134.0)	(280, 13004.0)	(290, 31628.0)	(300, 218945.0)
SRR27013319_2	(30, 1649.0)	(40, 4267.0)	(50, 4885.0)	(60, 5279.0)	(70, 5411.0)	(80, 5650.0)	(90, 5820.0)	(100, 5937.0)	(110, 6248.0)	(120, 6461.0)	(130, 6940.0)	(140, 7398.0)	(150, 7763.0)	(160, 8356.0)	(170, 9058.0)	(180, 9632.0)	(190, 10305.0)	(200, 11186.0)	(210, 11629.0)	(220, 12180.0)	(230, 12302.0)	(240, 12517.0)	(250, 12471.0)	(260, 12112.0)	(270, 11753.0)	(280, 11509.0)	(290, 18211.0)	(300, 237969.0)
SRR27013320_1	(30, 2450.0)	(40, 6590.0)	(50, 7465.0)	(60, 7919.0)	(70, 8348.0)	(80, 8662.0)	(90, 9062.0)	(100, 9669.0)	(110, 10037.0)	(120, 10849.0)	(130, 12039.0)	(140, 12967.0)	(150, 14304.0)	(160, 15386.0)	(170, 17039.0)	(180, 18346.0)	(190, 19949.0)	(200, 21345.0)	(210, 22384.0)	(220, 23286.0)	(230, 23947.0)	(240, 24220.0)	(250, 24025.0)	(260, 23948.0)	(270, 22558.0)	(280, 21671.0)	(290, 38031.0)	(300, 235756.0)
SRR27013320_2	(30, 2466.0)	(40, 6627.0)	(50, 7505.0)	(60, 7981.0)	(70, 8402.0)	(80, 8743.0)	(90, 9143.0)	(100, 9746.0)	(110, 10104.0)	(120, 10906.0)	(130, 12112.0)	(140, 13029.0)	(150, 14332.0)	(160, 15438.0)	(170, 17125.0)	(180, 18405.0)	(190, 19996.0)	(200, 21377.0)	(210, 22394.0)	(220, 23305.0)	(230, 23943.0)	(240, 24179.0)	(250, 23941.0)	(260, 23701.0)	(270, 22209.0)	(280, 21226.0)	(290, 31240.0)	(300, 242677.0)
SRR27013321_1	(30, 3005.0)	(40, 8029.0)	(50, 9343.0)	(60, 9827.0)	(70, 10388.0)	(80, 10732.0)	(90, 10919.0)	(100, 11232.0)	(110, 11865.0)	(120, 12542.0)	(130, 12872.0)	(140, 13869.0)	(150, 14876.0)	(160, 16368.0)	(170, 17521.0)	(180, 18850.0)	(190, 20196.0)	(200, 21626.0)	(210, 22981.0)	(220, 23818.0)	(230, 24320.0)	(240, 24635.0)	(250, 24700.0)	(260, 24374.0)	(270, 23328.0)	(280, 22524.0)	(290, 40169.0)	(300, 258567.0)
SRR27013321_2	(30, 3010.0)	(40, 8046.0)	(50, 9365.0)	(60, 9863.0)	(70, 10433.0)	(80, 10810.0)	(90, 11037.0)	(100, 11348.0)	(110, 11960.0)	(120, 12642.0)	(130, 12991.0)	(140, 13991.0)	(150, 15053.0)	(160, 16535.0)	(170, 17728.0)	(180, 19111.0)	(190, 20442.0)	(200, 21922.0)	(210, 23315.0)	(220, 24099.0)	(230, 24721.0)	(240, 24940.0)	(250, 25128.0)	(260, 24637.0)	(270, 23516.0)	(280, 22664.0)	(290, 32926.0)	(300, 261243.0)
SRR27013322_1	(30, 2350.0)	(40, 6628.0)	(50, 7350.0)	(60, 7945.0)	(70, 8203.0)	(80, 8484.0)	(90, 8762.0)	(100, 9437.0)	(110, 9907.0)	(120, 10834.0)	(130, 11989.0)	(140, 13020.0)	(150, 14565.0)	(160, 16294.0)	(170, 17745.0)	(180, 19333.0)	(190, 21496.0)	(200, 23057.0)	(210, 24532.0)	(220, 25853.0)	(230, 26552.0)	(240, 26673.0)	(250, 26829.0)	(260, 26654.0)	(270, 25340.0)	(280, 24535.0)	(290, 43629.0)	(300, 282956.0)
SRR27013322_2	(30, 2359.0)	(40, 6662.0)	(50, 7399.0)	(60, 7981.0)	(70, 8250.0)	(80, 8537.0)	(90, 8839.0)	(100, 9498.0)	(110, 9960.0)	(120, 10871.0)	(130, 12020.0)	(140, 13071.0)	(150, 14644.0)	(160, 16370.0)	(170, 17830.0)	(180, 19451.0)	(190, 21567.0)	(200, 23133.0)	(210, 24539.0)	(220, 25909.0)	(230, 26537.0)	(240, 26658.0)	(250, 26817.0)	(260, 26357.0)	(270, 24991.0)	(280, 23976.0)	(290, 35547.0)	(300, 291179.0)
SRR27013323_1	(30, 2532.0)	(40, 6683.0)	(50, 7546.0)	(60, 7864.0)	(70, 8122.0)	(80, 8378.0)	(90, 8426.0)	(100, 8650.0)	(110, 9044.0)	(120, 9380.0)	(130, 9786.0)	(140, 10277.0)	(150, 11004.0)	(160, 11864.0)	(170, 12920.0)	(180, 13890.0)	(190, 14870.0)	(200, 15703.0)	(210, 16617.0)	(220, 17488.0)	(230, 17855.0)	(240, 18381.0)	(250, 18200.0)	(260, 17997.0)	(270, 17302.0)	(280, 16491.0)	(290, 34542.0)	(300, 223733.0)
SRR27013323_2	(30, 2555.0)	(40, 6727.0)	(50, 7605.0)	(60, 7988.0)	(70, 8157.0)	(80, 8411.0)	(90, 8426.0)	(100, 8664.0)	(110, 9068.0)	(120, 9355.0)	(130, 9786.0)	(140, 10238.0)	(150, 10934.0)	(160, 11778.0)	(170, 12819.0)	(180, 13703.0)	(190, 14580.0)	(200, 15271.0)	(210, 16043.0)	(220, 16696.0)	(230, 16795.0)	(240, 16689.0)	(250, 16023.0)	(260, 15293.0)	(270, 14138.0)	(280, 13088.0)	(290, 19668.0)	(300, 255047.0)
SRR27013324_1	(30, 2312.0)	(40, 6082.0)	(50, 6969.0)	(60, 7514.0)	(70, 8001.0)	(80, 8288.0)	(90, 8683.0)	(100, 9052.0)	(110, 9679.0)	(120, 10226.0)	(130, 11012.0)	(140, 11969.0)	(150, 12926.0)	(160, 14058.0)	(170, 15194.0)	(180, 16053.0)	(190, 17567.0)	(200, 18992.0)	(210, 19759.0)	(220, 20463.0)	(230, 20941.0)	(240, 21439.0)	(250, 21272.0)	(260, 21273.0)	(270, 20868.0)	(280, 19860.0)	(290, 38037.0)	(300, 257709.0)
SRR27013324_2	(30, 2327.0)	(40, 6124.0)	(50, 7015.0)	(60, 7562.0)	(70, 8085.0)	(80, 8389.0)	(90, 8772.0)	(100, 9174.0)	(110, 9759.0)	(120, 10316.0)	(130, 11096.0)	(140, 12068.0)	(150, 13065.0)	(160, 14202.0)	(170, 15355.0)	(180, 16269.0)	(190, 17763.0)	(200, 19210.0)	(210, 20008.0)	(220, 20775.0)	(230, 21284.0)	(240, 21795.0)	(250, 21775.0)	(260, 21618.0)	(270, 21103.0)	(280, 20115.0)	(290, 30408.0)	(300, 260766.0)
SRR27013325_1	(30, 2978.0)	(40, 7467.0)	(50, 8642.0)	(60, 9035.0)	(70, 9352.0)	(80, 9586.0)	(90, 10183.0)	(100, 10442.0)	(110, 11163.0)	(120, 11789.0)	(130, 12801.0)	(140, 13925.0)	(150, 15681.0)	(160, 16768.0)	(170, 18498.0)	(180, 20094.0)	(190, 21697.0)	(200, 23175.0)	(210, 24498.0)	(220, 25420.0)	(230, 25597.0)	(240, 25835.0)	(250, 25519.0)	(260, 24972.0)	(270, 24324.0)	(280, 22976.0)	(290, 41362.0)	(300, 272544.0)
SRR27013325_2	(30, 2982.0)	(40, 7511.0)	(50, 8681.0)	(60, 9092.0)	(70, 9431.0)	(80, 9642.0)	(90, 10261.0)	(100, 10505.0)	(110, 11218.0)	(120, 11854.0)	(130, 12864.0)	(140, 13984.0)	(150, 15763.0)	(160, 16830.0)	(170, 18622.0)	(180, 20175.0)	(190, 21783.0)	(200, 23204.0)	(210, 24534.0)	(220, 25461.0)	(230, 25606.0)	(240, 25821.0)	(250, 25476.0)	(260, 24804.0)	(270, 23987.0)	(280, 22514.0)	(290, 33659.0)	(300, 280059.0)
SRR27013326_1	(30, 2544.0)	(40, 7114.0)	(50, 8231.0)	(60, 8972.0)	(70, 9267.0)	(80, 9456.0)	(90, 9967.0)	(100, 10376.0)	(110, 10773.0)	(120, 11183.0)	(130, 11765.0)	(140, 12710.0)	(150, 13557.0)	(160, 14871.0)	(170, 15882.0)	(180, 16656.0)	(190, 18468.0)	(200, 19619.0)	(210, 20507.0)	(220, 21375.0)	(230, 21767.0)	(240, 22231.0)	(250, 22331.0)	(260, 21705.0)	(270, 21189.0)	(280, 20420.0)	(290, 37172.0)	(300, 247531.0)
SRR27013326_2	(30, 2561.0)	(40, 7147.0)	(50, 8299.0)	(60, 9046.0)	(70, 9344.0)	(80, 9573.0)	(90, 10057.0)	(100, 10477.0)	(110, 10873.0)	(120, 11261.0)	(130, 11833.0)	(140, 12797.0)	(150, 13672.0)	(160, 14985.0)	(170, 15973.0)	(180, 16819.0)	(190, 18612.0)	(200, 19754.0)	(210, 20682.0)	(220, 21534.0)	(230, 21984.0)	(240, 22452.0)	(250, 22569.0)	(260, 21787.0)	(270, 21250.0)	(280, 20300.0)	(290, 30332.0)	(300, 251666.0)
SRR27013327_1	(30, 1817.0)	(40, 4986.0)	(50, 5617.0)	(60, 6118.0)	(70, 6350.0)	(80, 6560.0)	(90, 6799.0)	(100, 7028.0)	(110, 7434.0)	(120, 7850.0)	(130, 8526.0)	(140, 9164.0)	(150, 9810.0)	(160, 11119.0)	(170, 12129.0)	(180, 13110.0)	(190, 14590.0)	(200, 15916.0)	(210, 17092.0)	(220, 18128.0)	(230, 19193.0)	(240, 20013.0)	(250, 20241.0)	(260, 20584.0)	(270, 20094.0)	(280, 19943.0)	(290, 40279.0)	(300, 290470.0)
SRR27013327_2	(30, 1821.0)	(40, 5015.0)	(50, 5628.0)	(60, 6144.0)	(70, 6371.0)	(80, 6580.0)	(90, 6826.0)	(100, 7043.0)	(110, 7454.0)	(120, 7879.0)	(130, 8553.0)	(140, 9175.0)	(150, 9812.0)	(160, 11083.0)	(170, 12103.0)	(180, 13083.0)	(190, 14488.0)	(200, 15818.0)	(210, 16925.0)	(220, 17948.0)	(230, 18926.0)	(240, 19571.0)	(250, 19857.0)	(260, 19871.0)	(270, 19190.0)	(280, 18820.0)	(290, 31476.0)	(300, 303500.0)
SRR27013328_1	(30, 2667.0)	(40, 6978.0)	(50, 7702.0)	(60, 7820.0)	(70, 7926.0)	(80, 7984.0)	(90, 8085.0)	(100, 8407.0)	(110, 8781.0)	(120, 9132.0)	(130, 9442.0)	(140, 10224.0)	(150, 11035.0)	(160, 11952.0)	(170, 13222.0)	(180, 14482.0)	(190, 15873.0)	(200, 17370.0)	(210, 18766.0)	(220, 19728.0)	(230, 20624.0)	(240, 21275.0)	(250, 21530.0)	(260, 21128.0)	(270, 20787.0)	(280, 20042.0)	(290, 36443.0)	(300, 244974.0)
SRR27013328_2	(30, 2680.0)	(40, 7009.0)	(50, 7733.0)	(60, 7847.0)	(70, 7949.0)	(80, 8029.0)	(90, 8133.0)	(100, 8454.0)	(110, 8797.0)	(120, 9145.0)	(130, 9474.0)	(140, 10225.0)	(150, 11039.0)	(160, 11967.0)	(170, 13235.0)	(180, 14466.0)	(190, 15818.0)	(200, 17306.0)	(210, 18682.0)	(220, 19619.0)	(230, 20424.0)	(240, 21002.0)	(250, 21183.0)	(260, 20663.0)	(270, 20012.0)	(280, 19190.0)	(290, 29289.0)	(300, 255009.0)
SRR27013329_1	(30, 3753.0)	(40, 10091.0)	(50, 11571.0)	(60, 11820.0)	(70, 12251.0)	(80, 12353.0)	(90, 12402.0)	(100, 12702.0)	(110, 12944.0)	(120, 13362.0)	(130, 13898.0)	(140, 14814.0)	(150, 15742.0)	(160, 16957.0)	(170, 18123.0)	(180, 19337.0)	(190, 20555.0)	(200, 22223.0)	(210, 23328.0)	(220, 24473.0)	(230, 25280.0)	(240, 25936.0)	(250, 26308.0)	(260, 26134.0)	(270, 25886.0)	(280, 25095.0)	(290, 46427.0)	(300, 305425.0)
SRR27013329_2	(30, 3766.0)	(40, 10121.0)	(50, 11618.0)	(60, 11868.0)	(70, 12315.0)	(80, 12436.0)	(90, 12493.0)	(100, 12803.0)	(110, 13070.0)	(120, 13534.0)	(130, 14108.0)	(140, 15049.0)	(150, 15946.0)	(160, 17135.0)	(170, 18367.0)	(180, 19581.0)	(190, 20830.0)	(200, 22486.0)	(210, 23566.0)	(220, 24742.0)	(230, 25530.0)	(240, 26275.0)	(250, 26499.0)	(260, 26264.0)	(270, 25883.0)	(280, 24921.0)	(290, 41518.0)	(300, 306466.0)
SRR27013330_1	(30, 3282.0)	(40, 9076.0)	(50, 10032.0)	(60, 10616.0)	(70, 10927.0)	(80, 11044.0)	(90, 11095.0)	(100, 11414.0)	(110, 11868.0)	(120, 12018.0)	(130, 12747.0)	(140, 13191.0)	(150, 14366.0)	(160, 15372.0)	(170, 16349.0)	(180, 17766.0)	(190, 18813.0)	(200, 20503.0)	(210, 21669.0)	(220, 22795.0)	(230, 24091.0)	(240, 24761.0)	(250, 25559.0)	(260, 25777.0)	(270, 25944.0)	(280, 25774.0)	(290, 52720.0)	(300, 374447.0)
SRR27013330_2	(30, 3281.0)	(40, 9106.0)	(50, 10059.0)	(60, 10667.0)	(70, 10980.0)	(80, 11112.0)	(90, 11199.0)	(100, 11529.0)	(110, 11983.0)	(120, 12181.0)	(130, 12909.0)	(140, 13360.0)	(150, 14523.0)	(160, 15556.0)	(170, 16510.0)	(180, 17948.0)	(190, 18996.0)	(200, 20624.0)	(210, 21809.0)	(220, 22904.0)	(230, 24143.0)	(240, 24749.0)	(250, 25514.0)	(260, 25572.0)	(270, 25514.0)	(280, 25173.0)	(290, 46667.0)	(300, 379448.0)
SRR27013331_1	(30, 3949.0)	(40, 10382.0)	(50, 11739.0)	(60, 12128.0)	(70, 12210.0)	(80, 12365.0)	(90, 12358.0)	(100, 12657.0)	(110, 12895.0)	(120, 13276.0)	(130, 13749.0)	(140, 14524.0)	(150, 15759.0)	(160, 16542.0)	(170, 17951.0)	(180, 18859.0)	(190, 20366.0)	(200, 21766.0)	(210, 23373.0)	(220, 24707.0)	(230, 25509.0)	(240, 26508.0)	(250, 26715.0)	(260, 27163.0)	(270, 27046.0)	(280, 26470.0)	(290, 53236.0)	(300, 373370.0)
SRR27013331_2	(30, 3952.0)	(40, 10378.0)	(50, 11743.0)	(60, 12145.0)	(70, 12250.0)	(80, 12408.0)	(90, 12426.0)	(100, 12730.0)	(110, 12968.0)	(120, 13371.0)	(130, 13850.0)	(140, 14618.0)	(150, 15846.0)	(160, 16578.0)	(170, 18037.0)	(180, 18940.0)	(190, 20463.0)	(200, 21807.0)	(210, 23373.0)	(220, 24673.0)	(230, 25456.0)	(240, 26443.0)	(250, 26644.0)	(260, 26835.0)	(270, 26575.0)	(280, 25786.0)	(290, 47126.0)	(300, 380151.0)
SRR27013332_1	(30, 3198.0)	(40, 9358.0)	(50, 10553.0)	(60, 11006.0)	(70, 11160.0)	(80, 11441.0)	(90, 11356.0)	(100, 11685.0)	(110, 11943.0)	(120, 12219.0)	(130, 12630.0)	(140, 12955.0)	(150, 13830.0)	(160, 14593.0)	(170, 15523.0)	(180, 16717.0)	(190, 17812.0)	(200, 18996.0)	(210, 20120.0)	(220, 21277.0)	(230, 22236.0)	(240, 23231.0)	(250, 23582.0)	(260, 24029.0)	(270, 23959.0)	(280, 23579.0)	(290, 49998.0)	(300, 364920.0)
SRR27013332_2	(30, 3233.0)	(40, 9363.0)	(50, 10541.0)	(60, 10995.0)	(70, 11195.0)	(80, 11495.0)	(90, 11433.0)	(100, 11731.0)	(110, 11970.0)	(120, 12294.0)	(130, 12673.0)	(140, 13045.0)	(150, 13887.0)	(160, 14649.0)	(170, 15564.0)	(180, 16766.0)	(190, 17861.0)	(200, 19010.0)	(210, 20096.0)	(220, 21186.0)	(230, 22122.0)	(240, 23132.0)	(250, 23382.0)	(260, 23660.0)	(270, 23458.0)	(280, 22917.0)	(290, 44190.0)	(300, 372058.0)
SRR27013333_1	(30, 3059.0)	(40, 8285.0)	(50, 9484.0)	(60, 9984.0)	(70, 10300.0)	(80, 10419.0)	(90, 10680.0)	(100, 10770.0)	(110, 11357.0)	(120, 11887.0)	(130, 12330.0)	(140, 13232.0)	(150, 14547.0)	(160, 15302.0)	(170, 16711.0)	(180, 18230.0)	(190, 19695.0)	(200, 21586.0)	(210, 23729.0)	(220, 24927.0)	(230, 26275.0)	(240, 27305.0)	(250, 27800.0)	(260, 28130.0)	(270, 27928.0)	(280, 27684.0)	(290, 56306.0)	(300, 400414.0)
SRR27013333_2	(30, 3068.0)	(40, 8286.0)	(50, 9490.0)	(60, 9978.0)	(70, 10326.0)	(80, 10455.0)	(90, 10729.0)	(100, 10833.0)	(110, 11407.0)	(120, 11944.0)	(130, 12389.0)	(140, 13324.0)	(150, 14590.0)	(160, 15370.0)	(170, 16752.0)	(180, 18286.0)	(190, 19700.0)	(200, 21635.0)	(210, 23727.0)	(220, 24840.0)	(230, 26116.0)	(240, 27129.0)	(250, 27566.0)	(260, 27642.0)	(270, 27272.0)	(280, 26811.0)	(290, 49825.0)	(300, 408866.0)
SRR27013334_1	(30, 4996.0)	(40, 13411.0)	(50, 14649.0)	(60, 15292.0)	(70, 15331.0)	(80, 15566.0)	(90, 15739.0)	(100, 15656.0)	(110, 15829.0)	(120, 16276.0)	(130, 16958.0)	(140, 17947.0)	(150, 19141.0)	(160, 20450.0)	(170, 21842.0)	(180, 23528.0)	(190, 25343.0)	(200, 27380.0)	(210, 29334.0)	(220, 30741.0)	(230, 31940.0)	(240, 32940.0)	(250, 33546.0)	(260, 33855.0)	(270, 33427.0)	(280, 32239.0)	(290, 62841.0)	(300, 433400.0)
SRR27013334_2	(30, 4997.0)	(40, 13434.0)	(50, 14662.0)	(60, 15331.0)	(70, 15370.0)	(80, 15643.0)	(90, 15866.0)	(100, 15768.0)	(110, 15941.0)	(120, 16343.0)	(130, 17056.0)	(140, 18143.0)	(150, 19258.0)	(160, 20586.0)	(170, 22001.0)	(180, 23667.0)	(190, 25538.0)	(200, 27489.0)	(210, 29409.0)	(220, 30774.0)	(230, 32002.0)	(240, 32994.0)	(250, 33595.0)	(260, 33655.0)	(270, 33067.0)	(280, 31729.0)	(290, 55843.0)	(300, 439436.0)
SRR27013335_1	(30, 3743.0)	(40, 10103.0)	(50, 11231.0)	(60, 11766.0)	(70, 11957.0)	(80, 11832.0)	(90, 11893.0)	(100, 12037.0)	(110, 12348.0)	(120, 12704.0)	(130, 13068.0)	(140, 13556.0)	(150, 14715.0)	(160, 15687.0)	(170, 16752.0)	(180, 18042.0)	(190, 19706.0)	(200, 20869.0)	(210, 22634.0)	(220, 23561.0)	(230, 24326.0)	(240, 25553.0)	(250, 25906.0)	(260, 26048.0)	(270, 25905.0)	(280, 25235.0)	(290, 49864.0)	(300, 345997.0)
SRR27013335_2	(30, 3750.0)	(40, 10145.0)	(50, 11235.0)	(60, 11781.0)	(70, 11999.0)	(80, 11892.0)	(90, 11947.0)	(100, 12109.0)	(110, 12443.0)	(120, 12786.0)	(130, 13200.0)	(140, 13674.0)	(150, 14797.0)	(160, 15786.0)	(170, 16826.0)	(180, 18130.0)	(190, 19757.0)	(200, 21042.0)	(210, 22699.0)	(220, 23624.0)	(230, 24361.0)	(240, 25607.0)	(250, 25827.0)	(260, 25902.0)	(270, 25649.0)	(280, 24818.0)	(290, 44483.0)	(300, 350769.0)
SRR27013336_1	(30, 2819.0)	(40, 7945.0)	(50, 8959.0)	(60, 9241.0)	(70, 9663.0)	(80, 9732.0)	(90, 9881.0)	(100, 10037.0)	(110, 10343.0)	(120, 10890.0)	(130, 11491.0)	(140, 12171.0)	(150, 13190.0)	(160, 14020.0)	(170, 15218.0)	(180, 16192.0)	(190, 17720.0)	(200, 19175.0)	(210, 20753.0)	(220, 21760.0)	(230, 22894.0)	(240, 23799.0)	(250, 24559.0)	(260, 24911.0)	(270, 24559.0)	(280, 24413.0)	(290, 49354.0)	(300, 351347.0)
SRR27013336_2	(30, 2825.0)	(40, 7963.0)	(50, 8982.0)	(60, 9287.0)	(70, 9710.0)	(80, 9785.0)	(90, 9945.0)	(100, 10105.0)	(110, 10415.0)	(120, 10983.0)	(130, 11604.0)	(140, 12273.0)	(150, 13308.0)	(160, 14119.0)	(170, 15336.0)	(180, 16304.0)	(190, 17825.0)	(200, 19280.0)	(210, 20793.0)	(220, 21725.0)	(230, 22827.0)	(240, 23708.0)	(250, 24286.0)	(260, 24450.0)	(270, 23880.0)	(280, 23653.0)	(290, 43960.0)	(300, 357705.0)
SRR27013337_1	(30, 1668.0)	(40, 4911.0)	(50, 5617.0)	(60, 6109.0)	(70, 6391.0)	(80, 6419.0)	(90, 6563.0)	(100, 6955.0)	(110, 7248.0)	(120, 7730.0)	(130, 8263.0)	(140, 8477.0)	(150, 9245.0)	(160, 10051.0)	(170, 10898.0)	(180, 11847.0)	(190, 12595.0)	(200, 13533.0)	(210, 14322.0)	(220, 15456.0)	(230, 15817.0)	(240, 16611.0)	(250, 17117.0)	(260, 17618.0)	(270, 17725.0)	(280, 17660.0)	(290, 42311.0)	(300, 340441.0)
SRR27013337_2	(30, 1675.0)	(40, 4911.0)	(50, 5639.0)	(60, 6112.0)	(70, 6408.0)	(80, 6438.0)	(90, 6591.0)	(100, 6979.0)	(110, 7292.0)	(120, 7783.0)	(130, 8304.0)	(140, 8522.0)	(150, 9257.0)	(160, 10078.0)	(170, 10903.0)	(180, 11840.0)	(190, 12565.0)	(200, 13500.0)	(210, 14204.0)	(220, 15338.0)	(230, 15654.0)	(240, 16391.0)	(250, 16821.0)	(260, 17201.0)	(270, 17095.0)	(280, 16916.0)	(290, 36492.0)	(300, 348689.0)
SRR27013338_1	(30, 531.0)	(40, 1622.0)	(50, 1934.0)	(60, 2157.0)	(70, 2502.0)	(80, 2914.0)	(90, 3317.0)	(100, 3695.0)	(110, 4365.0)	(120, 5040.0)	(130, 5633.0)	(140, 6621.0)	(150, 7768.0)	(160, 8783.0)	(170, 9766.0)	(180, 11404.0)	(190, 12476.0)	(200, 13826.0)	(210, 14881.0)	(220, 15915.0)	(230, 16922.0)	(240, 17772.0)	(250, 18726.0)	(260, 19207.0)	(270, 19596.0)	(280, 20123.0)	(290, 45248.0)	(300, 353978.0)
SRR27013338_2	(30, 531.0)	(40, 1630.0)	(50, 1944.0)	(60, 2168.0)	(70, 2518.0)	(80, 2938.0)	(90, 3342.0)	(100, 3723.0)	(110, 4399.0)	(120, 5074.0)	(130, 5679.0)	(140, 6671.0)	(150, 7838.0)	(160, 8861.0)	(170, 9833.0)	(180, 11490.0)	(190, 12588.0)	(200, 13938.0)	(210, 14966.0)	(220, 16041.0)	(230, 17067.0)	(240, 17947.0)	(250, 18826.0)	(260, 19248.0)	(270, 19662.0)	(280, 20038.0)	(290, 41201.0)	(300, 356561.0)
SRR27013339_1	(30, 2245.0)	(40, 5847.0)	(50, 6526.0)	(60, 6974.0)	(70, 7137.0)	(80, 7172.0)	(90, 7360.0)	(100, 7546.0)	(110, 7794.0)	(120, 8349.0)	(130, 8555.0)	(140, 9134.0)	(150, 9847.0)	(160, 10447.0)	(170, 11265.0)	(180, 12033.0)	(190, 12953.0)	(200, 14161.0)	(210, 15438.0)	(220, 16324.0)	(230, 17329.0)	(240, 18478.0)	(250, 19656.0)	(260, 20241.0)	(270, 21101.0)	(280, 21519.0)	(290, 49008.0)	(300, 351955.0)
SRR27013339_2	(30, 2228.0)	(40, 5858.0)	(50, 6510.0)	(60, 6970.0)	(70, 7132.0)	(80, 7152.0)	(90, 7358.0)	(100, 7536.0)	(110, 7762.0)	(120, 8315.0)	(130, 8496.0)	(140, 9061.0)	(150, 9746.0)	(160, 10347.0)	(170, 11173.0)	(180, 11893.0)	(190, 12770.0)	(200, 13992.0)	(210, 15205.0)	(220, 16060.0)	(230, 16986.0)	(240, 18052.0)	(250, 19013.0)	(260, 19529.0)	(270, 20159.0)	(280, 20503.0)	(290, 42808.0)	(300, 363780.0)
SRR27013340_1	(30, 258.0)	(40, 737.0)	(50, 876.0)	(60, 963.0)	(70, 1131.0)	(80, 1274.0)	(90, 1489.0)	(100, 1705.0)	(110, 1859.0)	(120, 2284.0)	(130, 2772.0)	(140, 3250.0)	(150, 3894.0)	(160, 4691.0)	(170, 5453.0)	(180, 6274.0)	(190, 7361.0)	(200, 8757.0)	(210, 9945.0)	(220, 10947.0)	(230, 11952.0)	(240, 13066.0)	(250, 14093.0)	(260, 15478.0)	(270, 16224.0)	(280, 16885.0)	(290, 46493.0)	(300, 391578.0)
SRR27013340_2	(30, 258.0)	(40, 733.0)	(50, 871.0)	(60, 960.0)	(70, 1137.0)	(80, 1282.0)	(90, 1488.0)	(100, 1707.0)	(110, 1872.0)	(120, 2297.0)	(130, 2786.0)	(140, 3275.0)	(150, 3920.0)	(160, 4703.0)	(170, 5489.0)	(180, 6322.0)	(190, 7419.0)	(200, 8795.0)	(210, 10006.0)	(220, 11034.0)	(230, 12078.0)	(240, 13207.0)	(250, 14160.0)	(260, 15637.0)	(270, 16337.0)	(280, 16913.0)	(290, 42142.0)	(300, 394861.0)
SRR27013341_1	(30, 5456.0)	(40, 14681.0)	(50, 16745.0)	(60, 17510.0)	(70, 17631.0)	(80, 17706.0)	(90, 17727.0)	(100, 17879.0)	(110, 18565.0)	(120, 18767.0)	(130, 19722.0)	(140, 20208.0)	(150, 21675.0)	(160, 22970.0)	(170, 24330.0)	(180, 26025.0)	(190, 27725.0)	(200, 29909.0)	(210, 31607.0)	(220, 32769.0)	(230, 34175.0)	(240, 35206.0)	(250, 35955.0)	(260, 35374.0)	(270, 34624.0)	(280, 33732.0)	(290, 62125.0)	(300, 406078.0)
SRR27013341_2	(30, 5488.0)	(40, 14752.0)	(50, 16834.0)	(60, 17596.0)	(70, 17709.0)	(80, 17795.0)	(90, 17857.0)	(100, 18029.0)	(110, 18678.0)	(120, 18887.0)	(130, 19845.0)	(140, 20294.0)	(150, 21816.0)	(160, 23089.0)	(170, 24452.0)	(180, 26144.0)	(190, 27861.0)	(200, 30016.0)	(210, 31728.0)	(220, 32890.0)	(230, 34260.0)	(240, 35304.0)	(250, 35888.0)	(260, 35291.0)	(270, 34460.0)	(280, 33444.0)	(290, 56597.0)	(300, 409872.0)
SRR27013342_1	(30, 2880.0)	(40, 8234.0)	(50, 9459.0)	(60, 10012.0)	(70, 10342.0)	(80, 10836.0)	(90, 11147.0)	(100, 11426.0)	(110, 11914.0)	(120, 12064.0)	(130, 12799.0)	(140, 13325.0)	(150, 14400.0)	(160, 15385.0)	(170, 16344.0)	(180, 17285.0)	(190, 18988.0)	(200, 19797.0)	(210, 21086.0)	(220, 22089.0)	(230, 22994.0)	(240, 24101.0)	(250, 24648.0)	(260, 25338.0)	(270, 25259.0)	(280, 25181.0)	(290, 53825.0)	(300, 397828.0)
SRR27013342_2	(30, 2899.0)	(40, 8278.0)	(50, 9516.0)	(60, 10073.0)	(70, 10418.0)	(80, 10917.0)	(90, 11233.0)	(100, 11469.0)	(110, 11962.0)	(120, 12137.0)	(130, 12884.0)	(140, 13413.0)	(150, 14456.0)	(160, 15456.0)	(170, 16435.0)	(180, 17353.0)	(190, 19087.0)	(200, 19864.0)	(210, 21114.0)	(220, 22122.0)	(230, 23038.0)	(240, 24111.0)	(250, 24562.0)	(260, 25171.0)	(270, 24979.0)	(280, 24819.0)	(290, 49214.0)	(300, 402006.0)
SRR27013343_1	(30, 6227.0)	(40, 17784.0)	(50, 19645.0)	(60, 20514.0)	(70, 20733.0)	(80, 20191.0)	(90, 20724.0)	(100, 20544.0)	(110, 20594.0)	(120, 20750.0)	(130, 20939.0)	(140, 20882.0)	(150, 21897.0)	(160, 22314.0)	(170, 23161.0)	(180, 24210.0)	(190, 25119.0)	(200, 25469.0)	(210, 26448.0)	(220, 27361.0)	(230, 27428.0)	(240, 27877.0)	(250, 28237.0)	(260, 28839.0)	(270, 27733.0)	(280, 27201.0)	(290, 54831.0)	(300, 389446.0)
SRR27013343_2	(30, 6266.0)	(40, 17871.0)	(50, 19737.0)	(60, 20635.0)	(70, 20849.0)	(80, 20319.0)	(90, 20875.0)	(100, 20678.0)	(110, 20724.0)	(120, 20857.0)	(130, 21071.0)	(140, 21001.0)	(150, 22020.0)	(160, 22444.0)	(170, 23268.0)	(180, 24347.0)	(190, 25240.0)	(200, 25553.0)	(210, 26478.0)	(220, 27402.0)	(230, 27471.0)	(240, 27877.0)	(250, 28138.0)	(260, 28655.0)	(270, 27509.0)	(280, 26845.0)	(290, 50555.0)	(300, 392413.0)
