Sample	fastqc-percent_duplicates	fastqc-percent_gc	fastqc-avg_sequence_length	fastqc-median_sequence_length	fastqc-percent_fails	fastqc-total_sequences
SRR27013147_1	32.71857130408682	41.0	244.6310449276052	294	9.090909090909092	0.945855
SRR27013147_2	29.58144318681424	41.0	244.49577577958567	294	18.181818181818183	0.945855
SRR27013147_Genome_Sequencing_of_Listeria_monocytogenes_SA_outbreak_2017_1	32.71857130408682	41.0	244.6310449276052	294	9.090909090909092	0.945855
SRR27013147_Genome_Sequencing_of_Listeria_monocytogenes_SA_outbreak_2017_2	29.58144318681424	41.0	244.49577577958567	294	18.181818181818183	0.945855
SRR27013245_1	17.750976460158384	46.0	277.36192350821943	301	18.181818181818183	0.628695
SRR27013245_2	15.708677244814723	46.0	277.40571739873866	301	18.181818181818183	0.628695
SRR27013245_Genome_Sequencing_of_Listeria_monocytogenes_SA_outbreak_2017_1	17.750976460158384	46.0	277.36192350821943	301	18.181818181818183	0.628695
SRR27013245_Genome_Sequencing_of_Listeria_monocytogenes_SA_outbreak_2017_2	15.708677244814723	46.0	277.40571739873866	301	18.181818181818183	0.628695
SRR27013246_1	24.920383153797914	41.0	278.5936679462806	301	9.090909090909092	0.49129399999999995
SRR27013246_2	21.513776519585576	41.0	278.6061869267689	301	9.090909090909092	0.49129399999999995
SRR27013246_Genome_Sequencing_of_Listeria_monocytogenes_SA_outbreak_2017_1	24.920383153797914	41.0	278.5936679462806	301	9.090909090909092	0.49129399999999995
SRR27013246_Genome_Sequencing_of_Listeria_monocytogenes_SA_outbreak_2017_2	21.513776519585576	41.0	278.6061869267689	301	9.090909090909092	0.49129399999999995
SRR27013247_1	21.362482351010442	40.0	286.64096163731784	301	9.090909090909092	0.418245
SRR27013247_2	18.03591553978744	40.0	286.6646738155866	301	9.090909090909092	0.418245
SRR27013247_Genome_Sequencing_of_Listeria_monocytogenes_SA_outbreak_2017_1	21.362482351010442	40.0	286.64096163731784	301	9.090909090909092	0.418245
SRR27013247_Genome_Sequencing_of_Listeria_monocytogenes_SA_outbreak_2017_2	18.03591553978744	40.0	286.6646738155866	301	9.090909090909092	0.418245
SRR27013248_1	27.942885946461175	41.0	269.40144719115983	301	9.090909090909092	0.604965
SRR27013248_2	25.48254286450674	41.0	269.389483689139	301	9.090909090909092	0.604965
SRR27013249_1	23.761679753591082	40.0	272.21725671005845	301	9.090909090909092	0.540271
SRR27013249_2	20.986127387040526	40.0	272.2240782866376	301	9.090909090909092	0.540271
SRR27013249_Genome_Sequencing_of_Listeria_monocytogenes_SA_outbreak_2017_1	23.761679753591082	40.0	272.21725671005845	301	9.090909090909092	0.540271
SRR27013249_Genome_Sequencing_of_Listeria_monocytogenes_SA_outbreak_2017_2	20.986127387040526	40.0	272.2240782866376	301	9.090909090909092	0.540271
SRR27013250_1	28.072181705420135	40.0	273.1603972773596	301	9.090909090909092	0.694326
SRR27013250_2	25.684536005720574	40.0	273.14433709813545	301	9.090909090909092	0.694326
SRR27013250_Genome_Sequencing_of_Listeria_monocytogenes_SA_outbreak_2017_1	28.072181705420135	40.0	273.1603972773596	301	9.090909090909092	0.694326
SRR27013250_Genome_Sequencing_of_Listeria_monocytogenes_SA_outbreak_2017_2	25.684536005720574	40.0	273.14433709813545	301	9.090909090909092	0.694326
SRR27013251_1	30.578090867831946	42.0	285.3518701291914	301	18.181818181818183	0.497479
SRR27013251_2	27.417958875515396	42.0	285.3951885406218	301	18.181818181818183	0.497479
SRR27013251_Genome_Sequencing_of_Listeria_monocytogenes_SA_outbreak_2017_1	30.578090867831946	42.0	285.3518701291914	301	18.181818181818183	0.497479
SRR27013251_Genome_Sequencing_of_Listeria_monocytogenes_SA_outbreak_2017_2	27.417958875515396	42.0	285.3951885406218	301	18.181818181818183	0.497479
SRR27013252_1	28.153606467176445	41.0	272.62635076305094	301	9.090909090909092	0.561627
SRR27013252_2	25.42218013159369	41.0	272.6162043491499	301	9.090909090909092	0.561627
SRR27013252_Genome_Sequencing_of_Listeria_monocytogenes_SA_outbreak_2017_1	28.153606467176445	41.0	272.62635076305094	301	9.090909090909092	0.561627
SRR27013252_Genome_Sequencing_of_Listeria_monocytogenes_SA_outbreak_2017_2	25.42218013159369	41.0	272.6162043491499	301	9.090909090909092	0.561627
SRR27013253_1	22.604697194184126	40.0	285.9914119512229	301	9.090909090909092	0.5052369999999999
SRR27013253_2	19.459268837727734	40.0	286.01487618681927	301	9.090909090909092	0.5052369999999999
SRR27013254_1	25.345195832342654	40.0	271.6144150281451	301	9.090909090909092	0.5974389999999999
SRR27013254_2	22.770008281729062	41.0	271.62466209939424	301	9.090909090909092	0.5974389999999999
SRR27013254_Genome_Sequencing_of_Listeria_monocytogenes_SA_outbreak_2017_1	25.345195832342654	40.0	271.6144150281451	301	9.090909090909092	0.5974389999999999
SRR27013254_Genome_Sequencing_of_Listeria_monocytogenes_SA_outbreak_2017_2	22.770008281729062	41.0	271.62466209939424	301	9.090909090909092	0.5974389999999999
SRR27013255_1	23.339786356551826	40.0	244.89358418609893	294	9.090909090909092	0.567956
SRR27013255_2	19.960042213582597	41.0	245.14387646226115	301	9.090909090909092	0.567956
SRR27013255_Genome_Sequencing_of_Listeria_monocytogenes_SA_outbreak_2017_1	23.339786356551826	40.0	244.89358418609893	294	9.090909090909092	0.567956
SRR27013255_Genome_Sequencing_of_Listeria_monocytogenes_SA_outbreak_2017_2	19.960042213582597	41.0	245.14387646226115	301	9.090909090909092	0.567956
SRR27013256_1	24.460570344411096	40.0	268.6925524707679	301	9.090909090909092	0.591901
SRR27013256_2	21.96318941449877	40.0	268.7477889038876	301	9.090909090909092	0.591901
SRR27013256_Genome_Sequencing_of_Listeria_monocytogenes_SA_outbreak_2017_1	5.870220010476686	40.0	268.1808702200105	301	9.090909090909092	0.09163199999999999
SRR27013256_Genome_Sequencing_of_Listeria_monocytogenes_SA_outbreak_2017_2	5.2601711192596525	40.0	268.2350325213899	301	9.090909090909092	0.09163199999999999
SRR27013257_1	21.793310837056836	40.0	282.00628649421503	301	9.090909090909092	0.508471
SRR27013257_2	17.40795436338348	40.0	281.9049631149072	301	9.090909090909092	0.508471
SRR27013258_1	22.42616370097953	40.0	277.20298262553865	301	9.090909090909092	0.516793
SRR27013258_2	18.83234053656949	40.0	276.9923615451448	301	9.090909090909092	0.516793
SRR27013259_1	21.280833216702575	40.0	282.27541397825206	301	9.090909090909092	0.509749
SRR27013259_2	16.29221445913778	40.0	282.28340222344724	301	9.090909090909092	0.509749
SRR27013260_1	25.4277899662042	40.0	275.82128008033186	301	9.090909090909092	0.623414
SRR27013260_2	21.03520406898795	41.0	275.6641485433436	301	9.090909090909092	0.623414
SRR27013261_1	26.639174687120345	41.0	245.8921425687321	294	9.090909090909092	0.636493
SRR27013261_2	23.464850425713053	41.0	245.90623306147907	294	9.090909090909092	0.636493
SRR27013262_1	25.51568243780484	40.0	275.24657783105295	301	9.090909090909092	0.6440359999999999
SRR27013262_2	21.356114540354795	40.0	274.98079532821146	301	9.090909090909092	0.6440359999999999
SRR27013263_1	27.0984210107369	41.0	250.6600450585139	294	9.090909090909092	0.675566
SRR27013263_2	24.080817454316175	41.0	250.66377674424112	301	9.090909090909092	0.675566
SRR27013264_1	27.40616621463758	40.0	251.60636638257006	301	9.090909090909092	0.715367
SRR27013264_2	22.392898231026493	41.0	251.405751173873	301	9.090909090909092	0.715367
SRR27013265_1	34.78980096042832	41.0	237.8974630953077	274	9.090909090909092	1.077573
SRR27013265_2	31.252819961499483	41.0	237.87837807740172	274	18.181818181818183	1.077573
SRR27013266_1	32.28014964369305	41.0	250.95908598508976	301	9.090909090909092	0.891736
SRR27013266_2	27.781350803380775	41.0	250.9540211452717	301	18.181818181818183	0.891736
SRR27013267_1	31.04472261312658	41.0	244.37791627005873	284	9.090909090909092	0.832056
SRR27013267_2	29.030475296477434	41.0	243.80233842433682	284	9.090909090909092	0.832056
SRR27013268_1	35.56039376778833	40.0	215.09290310690645	234	18.181818181818183	1.30226
SRR27013268_2	32.93884961668792	40.0	214.71491292061492	234	27.27272727272727	1.30226
SRR27013269_1	28.725190143484483	41.0	247.82171251370065	294	18.181818181818183	0.7481399999999999
SRR27013269_2	25.941300476319824	41.0	247.5907684390622	294	27.27272727272727	0.7481399999999999
SRR27013270_1	18.426177333876254	40.0	280.65049526426145	301	9.090909090909092	0.41492999999999997
SRR27013270_2	15.395555266550403	40.0	280.86554117561997	301	9.090909090909092	0.41492999999999997
SRR27013271_1	28.71133769654908	41.0	241.58363079395895	284	9.090909090909092	0.766488
SRR27013271_2	24.8508248069044	41.0	241.6099651918882	284	18.181818181818183	0.766488
SRR27013272_1	25.925099800213047	41.0	241.529585357699	294	9.090909090909092	0.663994
SRR27013272_2	23.267455305287797	41.0	241.20748079048906	294	9.090909090909092	0.663994
SRR27013273_1	34.386575123837005	41.0	258.45419611827447	301	9.090909090909092	0.9173239999999999
SRR27013273_2	30.213858732907227	41.0	258.4741012989958	301	18.181818181818183	0.9173239999999999
SRR27013274_1	32.195047560334444	41.0	232.47786229251375	274	9.090909090909092	0.9702449999999999
SRR27013274_2	27.895197125965097	41.0	232.48452658864514	274	9.090909090909092	0.9702449999999999
SRR27013275_1	33.80158820131402	41.0	231.2197979538547	264	9.090909090909092	1.051245
SRR27013275_2	31.304237233159043	41.0	230.9883366865003	264	9.090909090909092	1.051245
SRR27013276_1	28.29286429639366	41.0	242.88943783013332	294	9.090909090909092	0.7156199999999999
SRR27013276_2	25.191265281720234	41.0	242.5080440736704	294	9.090909090909092	0.7156199999999999
SRR27013277_1	22.91048984898096	40.0	278.14139600078846	301	9.090909090909092	0.502249
SRR27013277_2	18.82454945788544	40.0	278.2208645512485	301	9.090909090909092	0.502249
SRR27013278_1	28.044492486367048	41.0	262.5050711745115	301	9.090909090909092	0.662667
SRR27013278_2	23.528409327485676	41.0	262.58531736151036	301	9.090909090909092	0.662667
SRR27013279_1	26.404951286723673	41.0	276.7058414513376	301	9.090909090909092	0.569516
SRR27013279_2	20.87040601711253	41.0	276.8376059671721	301	9.090909090909092	0.569516
SRR27013280_1	30.2410439763881	41.0	264.8665542653692	301	9.090909090909092	0.7114389999999999
SRR27013280_2	25.847075607305342	41.0	264.9065443418199	301	9.090909090909092	0.7114389999999999
SRR27013281_1	19.8336483819554	40.0	283.0484543275251	301	9.090909090909092	0.44718399999999997
SRR27013281_2	17.072637453225596	40.0	283.1679845432752	301	9.090909090909092	0.44718399999999997
SRR27013282_1	28.266991534616295	41.0	264.5240404520059	301	9.090909090909092	0.673885
SRR27013282_2	23.728571644013357	41.0	264.6294508706975	301	9.090909090909092	0.673885
SRR27013283_1	34.075330951004986	41.0	236.5173734776235	274	9.090909090909092	1.021183
SRR27013283_2	31.337140831955352	41.0	236.3542229943115	274	9.090909090909092	1.021183
SRR27013284_1	34.45216727451168	41.0	239.14676886312546	284	9.090909090909092	1.036957
SRR27013284_2	30.713691659175353	41.0	239.10779183707714	284	9.090909090909092	1.036957
SRR27013285_1	32.4900378349583	41.0	236.87983002590286	274	9.090909090909092	0.93426
SRR27013285_2	28.529738484197367	41.0	236.9482488814677	274	9.090909090909092	0.93426
SRR27013286_1	31.890548255610042	41.0	248.93411986184543	294	9.090909090909092	0.8706189999999999
SRR27013286_2	27.425224691989186	41.0	248.94647658734763	294	9.090909090909092	0.8706189999999999
SRR27013287_1	24.85570784318287	40.0	270.767914107915	301	9.090909090909092	0.585572
SRR27013287_2	21.03193832334071	40.0	270.8061152172577	301	9.090909090909092	0.585572
SRR27013288_1	23.440372249399942	40.0	272.55654021449016	301	9.090909090909092	0.518905
SRR27013288_2	19.43873384113536	41.0	272.6044073578015	301	9.090909090909092	0.518905
SRR27013289_1	29.3217762604354	41.0	265.6223395811531	301	9.090909090909092	0.680344
SRR27013289_2	24.1014887319278	41.0	265.66657455640086	301	9.090909090909092	0.680344
SRR27013290_1	30.645562239646935	41.0	244.35518181974845	294	9.090909090909092	0.812398
SRR27013290_2	26.88357843553206	41.0	244.3167462253723	294	9.090909090909092	0.812398
SRR27013291_1	32.246169611504826	41.0	230.36452160113276	274	9.090909090909092	1.005688
SRR27013291_2	29.001559194844845	41.0	230.25331315477564	264	9.090909090909092	1.005688
SRR27013292_1	21.82019801977168	40.0	283.5456940202128	301	9.090909090909092	0.439029
SRR27013292_2	17.899485758508007	40.0	283.82587710606816	301	9.090909090909092	0.439029
SRR27013293_1	33.255900800954436	41.0	243.38897358565606	284	9.090909090909092	0.995709
SRR27013293_2	30.30379476679225	41.0	243.2749844583106	284	9.090909090909092	0.995709
SRR27013294_1	32.655553546174275	41.0	237.0061841990468	274	9.090909090909092	0.985738
SRR27013294_2	26.969185846429838	41.0	237.1961251366996	274	9.090909090909092	0.985738
SRR27013295_1	26.3880065290585	41.0	236.81041933879345	284	9.090909090909092	0.677519
SRR27013295_2	23.56250608002803	41.0	236.57252121342722	284	9.090909090909092	0.677519
SRR27013296_1	23.704631751522413	41.0	241.65655099032398	294	9.090909090909092	0.541338
SRR27013296_2	20.60358045326555	41.0	241.44043462679508	294	9.090909090909092	0.541338
SRR27013297_1	28.398336569575605	41.0	226.38470561107775	264	9.090909090909092	0.8239949999999999
SRR27013297_2	24.60629619212183	41.0	226.88041250250305	264	9.090909090909092	0.8239949999999999
SRR27013298_1	25.072962506707356	40.0	222.0839167966882	244	9.090909090909092	0.765258
SRR27013298_2	24.85125512493117	41.0	222.4662283831074	244	9.090909090909092	0.765258
SRR27013299_1	28.471604286753305	41.0	221.72798534102947	254	9.090909090909092	0.810971
SRR27013299_2	24.390064639832076	41.0	222.00930736117567	254	9.090909090909092	0.810971
SRR27013300_1	23.918801947491133	41.0	238.62731025225614	274	9.090909090909092	0.683908
SRR27013300_2	23.727442252918166	41.0	239.29664808716961	274	9.090909090909092	0.683908
SRR27013301_1	26.785138620140856	40.0	227.11649898367833	264	9.090909090909092	0.743367
SRR27013301_2	22.966848952462044	41.0	227.60875045569685	264	9.090909090909092	0.743367
SRR27013302_1	27.220895490420148	40.0	219.26931867277835	244	9.090909090909092	0.782326
SRR27013302_2	23.469929886651087	41.0	219.78260213772776	244	9.090909090909092	0.782326
SRR27013303_1	27.611997935745734	40.0	226.41431497051857	254	9.090909090909092	0.767602
SRR27013303_2	23.368886524779015	41.0	226.87929356619708	254	9.090909090909092	0.767602
SRR27013304_1	31.707429252108284	41.0	221.75720715602546	254	9.090909090909092	0.976911
SRR27013304_2	27.68643359554123	41.0	221.94304496520155	254	9.090909090909092	0.976911
SRR27013305_1	20.891316202719906	41.0	247.95930739329376	294	9.090909090909092	0.49676099999999995
SRR27013305_2	19.715980829783973	41.0	249.0426331777253	301	9.090909090909092	0.49676099999999995
SRR27013306_1	23.823563467899717	41.0	216.28053229623683	234	9.090909090909092	0.72253
SRR27013306_2	24.088325723367433	41.0	216.62911643807178	234	9.090909090909092	0.72253
SRR27013307_1	23.57128788820806	41.0	256.432745419939	294	9.090909090909092	0.557962
SRR27013307_2	19.575462805187357	41.0	256.72911506518363	294	9.090909090909092	0.557962
SRR27013308_1	22.939099204362634	40.0	237.4126855040615	274	9.090909090909092	0.6338809999999999
SRR27013308_2	22.398339495438478	41.0	238.18269596343794	274	9.090909090909092	0.6338809999999999
SRR27013309_1	23.900325461880982	41.0	238.16469368683985	274	9.090909090909092	0.621733
SRR27013309_2	22.568388028852198	41.0	239.36769481433348	284	9.090909090909092	0.621733
SRR27013310_1	22.100836419560537	40.0	224.69985575207536	254	27.27272727272727	0.594116
SRR27013310_2	22.442660217445265	41.0	224.92164408970638	254	18.181818181818183	0.594116
SRR27013311_1	22.579778972489834	41.0	234.66457410434384	274	9.090909090909092	0.633195
SRR27013311_2	21.74937948284584	41.0	235.64141773071486	274	9.090909090909092	0.633195
SRR27013312_1	22.276395814202417	40.0	245.42883224526065	294	9.090909090909092	0.525547
SRR27013312_2	21.7389554175804	40.0	244.8906396573475	294	18.181818181818183	0.525547
SRR27013313_1	24.314404142845703	40.0	247.79380272037554	294	9.090909090909092	0.601167
SRR27013313_2	23.591187624293994	41.0	247.33615451280593	294	18.181818181818183	0.601167
SRR27013314_1	25.954712026516717	40.0	226.0511075972587	254	9.090909090909092	0.817716
SRR27013314_2	25.49501556361912	41.0	227.00008743867065	254	9.090909090909092	0.817716
SRR27013315_1	25.92003984617571	41.0	238.82481399078262	264	9.090909090909092	0.69217
SRR27013315_2	24.10980140562195	41.0	238.82011355591834	264	9.090909090909092	0.69217
SRR27013316_1	23.987909920715083	40.0	240.33486230793886	274	9.090909090909092	0.652071
SRR27013316_2	23.72898493389654	41.0	239.50255877044063	274	9.090909090909092	0.652071
SRR27013317_1	25.206346880467407	40.0	240.78513163046327	274	9.090909090909092	0.679402
SRR27013317_2	23.102889311765963	40.0	240.79854636871838	274	9.090909090909092	0.679402
SRR27013318_1	21.17141961400735	41.0	260.1908443468561	301	9.090909090909092	0.454517
SRR27013318_2	17.37742717005952	41.0	260.48017015865196	301	9.090909090909092	0.454517
SRR27013319_1	19.78830221890189	40.0	247.33785676082022	294	9.090909090909092	0.474898
SRR27013319_2	19.28406268846969	41.0	247.83022775417038	301	9.090909090909092	0.474898
SRR27013320_1	24.927552384334433	41.0	235.60880146135676	264	9.090909090909092	0.672252
SRR27013320_2	23.44352079811587	41.0	235.44897523547718	264	9.090909090909092	0.672252
SRR27013321_1	25.569532561079413	40.0	233.91027138426153	264	9.090909090909092	0.723476
SRR27013321_2	25.448386264528423	41.0	233.3404860700286	264	18.181818181818183	0.723476
SRR27013322_1	27.46169271270844	41.0	240.42171536929123	274	9.090909090909092	0.750952
SRR27013322_2	26.233045572581716	41.0	240.2975256740777	274	9.090909090909092	0.750952
SRR27013323_1	21.890365093069434	41.0	237.01796905541704	274	9.090909090909092	0.575545
SRR27013323_2	20.255146454104306	41.0	238.35407830838597	284	9.090909090909092	0.575545
SRR27013324_1	24.551457258966906	40.0	239.66712714759873	274	9.090909090909092	0.656198
SRR27013324_2	23.705809909146055	41.0	239.06729371317803	274	9.090909090909092	0.656198
SRR27013325_1	27.181473178497427	41.0	236.3793417863311	264	9.090909090909092	0.746323
SRR27013325_2	25.85596258977452	41.0	236.21284216083384	264	9.090909090909092	0.746323
SRR27013326_1	23.635297673468614	40.0	235.49064239806242	264	9.090909090909092	0.667639
SRR27013326_2	22.641690718413244	40.0	235.0404852023324	264	9.090909090909092	0.667639
SRR27013327_1	24.226511371191478	40.0	249.42371598851722	294	9.090909090909092	0.64096
SRR27013327_2	21.37641930829919	40.0	249.72929667998002	294	9.090909090909092	0.64096
SRR27013328_1	25.30049928273857	41.0	240.0006510468802	274	9.090909090909092	0.624379
SRR27013328_2	23.353610081650842	41.0	240.157362755634	274	9.090909090909092	0.624379
SRR27013329_1	28.4686881227381	40.0	235.17780434755744	264	9.090909090909092	0.80919
SRR27013329_2	25.28325763198751	41.0	234.6159418677937	264	18.181818181818183	0.80919
SRR27013330_1	30.376418281623756	40.0	244.05204059408723	294	9.090909090909092	0.854016
SRR27013330_2	25.81798529217984	41.0	243.7306959120204	284	18.181818181818183	0.854016
SRR27013331_1	29.951955318594543	40.0	240.82196035927225	284	9.090909090909092	0.8875719999999999
SRR27013331_2	24.89108134696447	40.0	240.73503389020834	284	9.090909090909092	0.8875719999999999
SRR27013332_1	28.926602521855045	40.0	243.0343473648693	294	9.090909090909092	0.8239059999999999
SRR27013332_2	23.765233642768024	40.0	243.01534883833835	294	9.090909090909092	0.8239059999999999
SRR27013333_1	31.776175822948247	40.0	246.83484387035875	294	9.090909090909092	0.8983559999999999
SRR27013333_2	26.178258636630574	40.0	246.85142749644908	294	9.090909090909092	0.8983559999999999
SRR27013334_1	33.80541113159701	40.0	238.7692995586188	274	9.090909090909092	1.069597
SRR27013334_2	29.00530028861195	41.0	238.5607574628575	274	9.090909090909092	1.069597
SRR27013335_1	29.099765292616894	40.0	239.94158150526022	284	9.090909090909092	0.837038
SRR27013335_2	24.794241533372656	40.0	239.74678509219413	284	9.090909090909092	0.837038
SRR27013336_1	29.543603838693073	40.0	245.4089369865351	294	9.090909090909092	0.797036
SRR27013336_2	24.46929886352919	41.0	245.2681114780261	294	18.181818181818183	0.797036
SRR27013337_1	30.536774746163147	42.0	254.71357933165353	301	18.181818181818183	0.659598
SRR27013337_2	24.719045930164995	42.0	254.8371576323761	301	18.181818181818183	0.659598
SRR27013338_1	30.734843064203574	40.0	265.8289589653669	301	18.181818181818183	0.646722
SRR27013338_2	27.637727624176478	40.0	265.62288819616464	301	18.181818181818183	0.646722
SRR27013339_1	27.220909688996628	41.0	253.6940156626472	294	9.090909090909092	0.706394
SRR27013339_2	21.8258395389401	41.0	254.2107138509104	301	9.090909090909092	0.706394
SRR27013340_1	25.12617852022278	40.0	278.86525680210207	301	9.090909090909092	0.6016889999999999
SRR27013340_2	21.732734200477324	40.0	278.78368559172594	301	9.090909090909092	0.6016889999999999
SRR27013341_1	35.4248356481944	41.0	233.2502570937827	264	9.090909090909092	1.096876
SRR27013341_2	32.45152292490742	41.0	232.96835740776532	264	9.090909090909092	1.096876
SRR27013342_1	31.280376017073692	41.0	246.32025026870397	294	9.090909090909092	0.8689859999999999
SRR27013342_2	27.881267317926614	41.0	246.13053144699686	294	9.090909090909092	0.8689859999999999
SRR27013343_1	40.48161385543485	40.0	227.35299846301893	264	9.090909090909092	1.0370979999999999
SRR27013343_2	37.14872433766948	41.0	227.0414035124935	264	9.090909090909092	1.0370979999999999
