I	15161	16472	1	1	0	1	0	12
I	18116	19014	2	2	0	1	0	15
I	103217	104439	2	2	0	1	0	14
I	106335	106688	2	2	0	1	0	13
I	111066	111160	1	1	0	5	0	17
I	111972	112018	1	1	0	1	0	16
I	312879	312925	2	2	0	2	0	17
I	345831	346374	2	2	0	1	0	15
I	346743	346792	2	2	0	1	0	18
I	372708	373330	2	2	0	1	0	18
I	377519	378570	2	2	0	1	0	13
I	504133	504224	2	2	0	1	0	16
I	504279	504322	2	2	0	1	0	13
I	504455	505505	2	2	0	1	0	12
I	513726	513775	2	2	0	1	0	17
I	631286	633890	2	2	0	1	0	13
I	881202	882389	2	2	0	1	0	17
I	1016525	1016931	1	1	0	1	0	12
I	1026618	1029492	2	2	0	1	0	13
I	1039173	1039214	1	1	0	1	0	14
I	1136743	1137811	2	2	0	1	0	13
I	1155708	1155747	2	2	0	1	0	13
I	1157096	1157273	1	1	0	4	0	12
I	1340926	1340975	1	1	0	1	0	15
I	1751860	1752603	1	1	0	1	0	17
I	1770070	1783691	1	1	0	1	0	16
I	1835230	1835277	1	1	0	4	0	14
I	1836054	1838158	1	1	0	1	0	17
I	2038047	2038094	2	2	0	0	1	16
I	2069294	2069342	2	2	0	3	0	16
I	2069838	2070051	2	2	0	3	0	16
I	2070208	2070439	2	2	0	2	0	14
I	2284981	2286069	2	2	0	2	0	16
I	2302975	2303026	2	2	0	1	0	13
I	2319284	2319332	2	2	0	2	0	16
I	2418849	2419570	2	2	0	1	0	15
I	2482420	2485197	2	2	0	1	0	13
I	2687974	2689085	2	2	0	1	0	17
I	2757094	2757383	2	2	0	1	0	15
I	2875972	2876144	2	2	0	5	0	17
I	2930089	2930173	1	1	0	1	0	14
I	2943204	2944075	1	1	0	1	0	17
I	3091815	3092671	2	2	0	1	0	17
I	3267224	3267271	1	1	0	1	0	18
I	3268320	3268400	1	1	0	2	0	13
I	3347016	3348132	2	2	0	1	0	12
I	3367901	3367950	2	2	0	2	0	12
I	3521585	3522307	1	1	0	1	0	15
I	3528805	3529567	2	2	0	1	0	13
I	3552163	3558097	2	2	0	1	0	14
I	3788209	3788252	1	1	0	2	0	14
I	3788419	3788468	1	1	0	3	0	17
I	3788556	3788658	1	1	0	4	0	16
I	3789582	3789627	2	2	0	1	0	13
I	3804292	3804778	2	2	0	1	0	12
I	3825366	3825760	1	1	0	1	0	17
I	3827938	3827985	1	1	0	1	0	15
I	3831308	3831347	1	1	0	1	0	17
I	3832182	3832240	1	1	0	1	0	16
I	3865532	3865580	2	2	0	1	0	12
I	3909317	3909371	1	1	0	1	0	16
I	3934189	3934258	1	1	0	0	1	12
I	3988467	3988518	1	1	0	1	0	14
I	4134858	4134904	1	1	0	2	0	14
I	4141271	4141316	1	1	0	1	0	17
I	4169541	4169610	2	2	0	0	1	12
I	4209416	4209596	2	2	0	1	0	14
I	4255538	4255588	1	1	0	1	0	13
I	4268771	4269067	2	2	0	1	0	18
I	4305557	4305603	1	1	0	1	0	18
I	4368585	4368827	1	1	0	1	0	14
I	4400331	4400376	1	1	0	1	0	14
I	4401564	4401614	1	1	0	1	0	15
I	4450417	4450477	2	2	0	1	0	13
I	4498123	4499007	1	1	0	1	0	13
I	4584061	4584108	2	2	0	6	0	13
I	4584296	4584347	2	2	0	1	0	14
I	4585222	4585442	1	1	0	1	0	16
I	4585800	4586051	1	1	0	2	0	17
I	4646389	4646440	2	2	0	2	0	12
I	4646704	4646785	2	2	0	2	0	16
I	4760734	4760782	2	2	0	1	0	16
I	4790342	4790412	1	1	0	2	0	14
I	4791409	4791454	2	2	0	1	0	15
I	4951120	4951168	2	2	0	1	0	14
I	4954784	4954970	2	2	0	1	0	16
I	5018927	5018981	2	2	0	3	0	17
I	5019891	5019940	2	2	0	2	0	17
I	5019993	5020060	2	2	0	1	0	17
I	5081153	5081204	2	2	0	1	0	13
I	5164738	5164782	2	2	0	1	0	13
I	5172274	5172322	2	2	0	1	0	14
I	5174039	5174085	2	2	0	1	0	14
I	5270169	5270209	2	2	0	1	0	13
I	5280306	5280350	2	2	0	1	0	12
I	5417216	5417938	2	2	0	1	0	13
I	5484960	5485051	2	2	0	4	0	13
I	5485303	5485380	2	2	0	1	0	15
I	5505858	5506238	2	2	0	1	0	13
I	5509003	5509048	2	2	0	1	0	13
I	5582989	5583054	1	1	0	1	0	12
I	5656193	5656256	2	2	0	1	0	18
I	5704775	5704848	1	1	0	1	0	18
I	5745272	5745318	1	1	0	1	0	16
I	5869238	5869328	2	2	0	1	0	12
I	5990122	5990167	1	1	0	1	0	13
I	6010344	6010391	2	2	0	1	0	13
I	6019802	6019852	1	1	0	1	0	18
I	6060547	6060589	2	2	0	1	0	13
I	6072850	6072984	2	2	0	1	0	17
I	6185686	6185732	1	1	0	1	0	18
I	6218185	6218229	1	1	0	1	0	17
I	6220206	6220367	2	2	0	1	0	14
I	6220549	6220595	2	2	0	1	0	17
I	6297104	6297152	1	1	0	1	0	12
I	6315343	6315436	1	1	0	1	0	17
I	6344846	6345425	1	1	0	1	0	15
I	6356087	6356139	1	1	0	1	0	17
I	6383085	6383131	1	1	0	1	0	15
I	6408770	6408811	1	1	0	1	0	17
I	6457452	6457821	2	2	0	1	0	15
I	6458291	6458345	2	2	0	1	0	15
I	6498526	6498574	1	1	0	1	0	13
I	6498863	6498908	1	1	0	1	0	15
I	6530562	6531196	2	2	0	1	0	13
I	6718415	6718459	1	1	0	1	0	13
I	6744796	6745047	2	2	0	1	0	15
I	6761875	6763262	2	2	0	1	0	17
I	6764344	6764590	2	2	0	1	0	15
I	6789233	6789437	2	4	0	1	0	13
I	6789609	6789654	2	2	0	5	0	16
I	6842809	6842962	1	1	0	1	0	15
I	6848017	6848086	1	1	0	1	0	17
I	6853099	6853227	1	1	0	1	0	15
I	6853347	6853408	1	1	0	1	0	17
I	6855462	6855509	1	1	0	1	0	15
I	6901840	6901883	2	2	0	1	0	12
I	6934887	6935318	1	1	0	1	0	17
I	6936381	6936426	1	1	0	1	0	14
I	6969339	6969446	2	2	0	1	0	17
I	7016303	7016353	2	2	0	1	0	14
I	7017745	7017790	2	2	0	1	0	17
I	7069544	7069591	1	1	0	1	0	12
I	7080565	7080640	2	2	0	2	0	16
I	7080958	7081349	2	2	0	1	0	12
I	7153080	7153163	2	2	0	1	0	17
I	7189723	7189770	1	1	0	1	0	13
I	7192086	7192924	2	2	0	1	0	15
I	7235573	7235618	1	1	0	1	0	12
I	7237809	7237854	1	1	0	1	0	15
I	7245464	7245508	1	1	0	5	0	15
I	7305515	7305561	1	1	0	1	0	18
I	7349877	7349975	1	1	0	1	0	13
I	7380287	7381357	2	2	0	1	0	13
I	7381728	7381773	2	2	0	1	0	17
I	7524526	7524573	1	1	0	1	0	15
I	7524704	7525038	1	1	0	1	0	13
I	7538168	7538463	2	2	0	1	0	13
I	7555945	7555988	1	1	0	1	0	14
I	7561744	7561791	1	1	0	1	0	14
I	7580689	7580768	2	2	0	1	0	13
I	7586186	7586233	2	2	0	1	0	16
I	7635356	7635412	2	2	0	1	0	17
I	7642804	7642897	2	2	0	1	0	12
I	7695885	7695935	1	1	0	2	0	18
I	7704340	7704385	1	1	0	1	0	15
I	7705467	7705966	2	2	0	1	0	16
I	7724487	7724564	2	2	0	1	0	14
I	7819769	7819818	1	1	0	1	0	16
I	7866589	7869966	1	1	0	1	0	17
I	7871485	7871532	1	1	0	3	0	14
I	7930839	7930885	2	2	0	1	0	15
I	7936909	7936964	1	1	0	1	0	14
I	7939195	7939240	1	1	0	1	0	12
I	7987197	7987238	1	1	0	1	0	16
I	8038053	8038099	2	2	0	1	0	14
I	8254359	8254497	2	2	0	1	0	18
I	8290433	8290482	2	2	0	1	0	16
I	8328455	8328502	1	1	0	1	0	16
I	8329216	8329259	2	2	0	5	0	17
I	8329453	8329499	2	2	0	2	0	18
I	8424288	8424484	1	1	0	1	0	16
I	8509635	8510073	2	4	0	1	0	14
I	8601730	8601797	1	1	0	1	0	16
I	8602835	8602881	1	1	0	1	0	17
I	8662460	8662505	1	1	0	1	0	14
I	8665080	8665134	1	1	0	1	0	17
I	8695834	8695878	2	2	0	1	0	17
I	8728128	8728388	2	2	0	2	0	18
I	8735157	8735198	2	2	0	1	0	13
I	8736731	8736772	1	1	0	1	0	18
I	8754492	8754541	1	1	0	1	0	17
I	8757503	8757547	2	2	0	1	0	15
I	8793239	8793289	1	1	0	1	0	12
I	8795070	8795145	1	1	0	1	0	14
I	8813858	8814087	1	3	0	2	0	17
I	8814675	8814720	1	1	0	1	0	16
I	8815726	8815780	2	2	0	1	0	12
I	8816004	8816078	2	2	0	2	0	18
I	8835428	8835469	2	2	0	1	0	18
I	8849984	8850072	2	2	0	1	0	16
I	8906749	8906794	2	2	0	1	0	15
I	8907495	8907541	2	2	0	1	0	14
I	9049904	9049947	2	2	0	1	0	16
I	9067597	9067907	1	1	0	1	0	16
I	9126427	9126484	2	2	0	1	0	12
I	9126855	9126906	2	2	0	1	0	16
I	9164164	9164209	1	1	0	3	0	16
I	9164565	9164612	1	1	0	2	0	14
I	9164790	9164835	1	1	0	2	0	17
I	9166340	9166393	1	1	0	1	0	16
I	9235823	9235868	2	2	0	1	0	12
I	9273128	9273175	2	2	0	1	0	18
I	9313761	9313951	2	2	0	1	0	13
I	9417995	9418041	2	2	0	1	0	13
I	9471645	9471828	1	1	0	1	0	14
I	9487141	9487221	2	2	0	1	0	15
I	9489236	9489474	1	1	0	1	0	12
I	9493116	9493156	2	2	0	1	0	17
I	9505317	9505367	2	2	0	1	0	14
I	9583013	9583062	2	2	0	1	0	12
I	9609183	9609231	2	2	0	1	0	13
I	9610831	9610874	2	2	0	1	0	13
I	9619548	9619601	2	2	0	1	0	16
I	9622091	9622139	1	1	0	1	0	15
I	9625167	9625367	2	2	0	2	0	13
I	9629589	9629634	1	1	0	1	0	18
I	9659720	9659816	1	1	0	1	0	18
I	9668816	9668863	2	2	0	1	0	16
I	9689848	9689938	1	1	0	3	0	12
I	9712584	9712629	2	2	0	1	0	13
I	9713908	9714233	2	2	0	1	0	14
I	9754870	9754923	1	1	0	1	0	12
I	9755181	9755229	1	1	0	1	0	14
I	9787108	9787157	2	2	0	1	0	13
I	9866383	9867261	1	1	0	1	0	15
I	9897997	9898339	2	2	0	1	0	15
I	9954870	9954926	2	2	0	1	0	14
I	10028586	10029641	1	1	0	1	0	16
I	10083154	10083197	1	1	0	1	0	13
I	10184830	10184878	2	2	0	3	0	18
I	10185246	10185295	2	2	0	1	0	16
I	10228376	10228738	2	2	0	1	0	17
I	10331036	10331110	1	1	0	4	0	15
I	10331252	10331299	1	1	0	1	0	13
I	10331477	10331578	1	1	0	4	0	17
I	10401242	10401292	1	1	0	1	0	16
I	10433709	10433756	2	2	0	1	0	16
I	10436288	10436467	1	1	0	2	0	14
I	10436617	10436669	1	1	0	1	0	15
I	10475898	10475940	2	2	0	1	0	13
I	10552102	10552407	1	1	0	1	0	17
I	10553509	10553566	2	2	0	5	0	16
I	10568079	10568124	1	1	0	5	0	16
I	10568451	10568495	1	1	0	2	0	17
I	10569162	10569416	1	1	0	1	0	16
I	10603602	10604913	1	1	0	1	0	12
I	10635836	10635884	2	2	0	1	0	14
I	10639978	10640022	2	2	0	1	0	17
I	10675545	10675595	2	2	0	1	0	14
I	10682688	10682732	2	2	0	1	0	14
I	10715232	10715401	2	2	0	1	0	12
I	10732315	10732365	2	2	0	1	0	12
I	10738528	10738987	1	1	0	1	0	12
I	10789209	10789256	1	1	0	1	0	13
I	10791659	10791818	1	1	0	1	0	12
I	10881613	10888960	1	1	0	1	0	15
I	11033131	11033876	1	1	0	1	0	15
I	11181799	11181951	2	2	0	1	0	17
I	11328874	11330687	1	1	0	1	0	12
I	11391135	11392047	2	2	0	1	0	17
I	11402399	11402608	2	2	0	1	0	12
I	11402782	11402833	2	2	0	1	0	16
I	11542007	11542054	2	2	0	1	0	16
I	11611819	11612002	1	1	0	1	0	16
I	11818983	11819106	1	1	0	1	0	16
I	11866094	11867067	2	2	0	1	0	13
I	11907719	11908025	2	2	0	1	0	15
I	11910578	11910662	2	2	0	1	0	12
I	12048177	12050044	2	2	0	1	0	17
I	12485326	12485998	1	1	0	1	0	17
I	12523655	12525445	1	1	0	1	0	13
I	12526234	12526350	1	1	0	1	0	12
I	12532781	12533008	1	1	0	1	0	17
I	12533168	12533215	1	1	0	1	0	15
I	12649212	12650064	2	2	0	1	0	12
I	12652435	12652617	1	1	0	1	0	15
I	12653231	12653284	1	1	0	3	0	18
I	12654087	12654144	1	1	0	3	0	17
I	12672645	12672694	1	1	0	1	0	14
I	12904962	12905013	1	1	0	2	0	18
I	12905458	12905504	1	1	0	2	0	16
I	12917837	12918977	1	1	0	0	2	14
I	12918925	12918977	1	1	0	0	2	14
I	12922166	12923009	1	1	0	1	0	13
I	12964947	12964999	2	2	0	4	0	15
I	12967643	12967700	2	2	0	1	0	14
I	12975636	12976510	1	1	0	1	0	14
I	13311679	13311801	2	2	0	1	0	13
I	13334705	13334926	2	2	0	1	0	14
I	13477417	13480031	2	2	0	1	0	16
I	13583951	13585085	1	1	0	1	0	16
I	13603242	13603289	2	2	0	1	0	16
I	13626742	13627650	2	2	0	1	0	16
I	13653266	13653590	2	2	0	2	0	17
I	13658929	13658979	2	2	0	3	0	17
I	13805069	13805857	2	2	0	1	0	13
I	13838996	13839043	2	2	0	1	0	12
I	13952316	13952487	1	1	0	1	0	17
I	13952849	13952903	1	1	0	3	0	17
I	14104920	14105059	2	2	0	1	0	13
I	14105165	14106335	2	2	0	1	0	18
I	14155056	14155103	2	2	0	1	0	17
I	14163690	14163732	1	1	0	1	0	12
I	14468593	14468649	2	2	0	2	0	16
I	14469704	14469757	1	1	0	1	0	17
I	14621597	14622827	2	2	0	1	0	15
I	14622898	14623009	2	2	0	1	0	14
I	14623149	14623827	2	2	0	1	0	12
I	14623899	14624029	2	2	0	1	0	16
I	14624148	14624785	2	2	0	2	0	14
I	14624920	14629884	2	2	0	2	0	13
I	14629942	14630641	2	2	0	1	0	15
I	14672939	14674454	1	1	0	1	0	17
I	14720008	14720058	2	2	0	1	0	15
I	14741955	14742345	1	1	0	1	0	16
I	14856391	14856442	2	2	0	1	0	16
I	15040042	15040274	1	1	0	1	0	18
I	15047747	15048088	2	2	0	1	0	15
II	98560	98625	1	1	0	1	0	13
II	291208	291573	1	1	0	1	0	18
II	570604	570886	2	2	0	1	0	15
II	580940	580991	1	1	0	1	0	16
II	581242	581657	1	1	0	1	0	13
II	620753	620806	2	2	0	1	0	13
II	847852	847898	2	2	0	1	0	15
II	1126404	1126452	1	1	0	1	0	13
II	1152203	1152320	1	1	0	1	0	18
II	1508661	1508738	1	1	0	1	0	17
II	2199876	2200774	2	2	0	1	0	13
II	2237147	2238113	1	1	0	1	0	13
II	2474339	2475256	2	2	0	1	0	13
II	2515496	2515543	2	2	0	1	0	14
II	2526359	2526406	2	2	0	1	0	13
II	2919879	2919941	1	1	0	2	0	17
II	2924684	2925431	1	1	0	1	0	18
II	3245268	3245523	2	2	0	2	0	16
II	3314617	3314792	2	2	0	1	0	17
II	4043580	4043637	2	2	0	1	0	14
II	4326990	4327989	1	1	0	1	0	17
II	4560897	4560939	1	1	0	1	0	17
II	4703627	4703756	2	2	0	1	0	12
II	4858422	4858522	1	1	0	1	0	18
II	4870580	4870707	2	2	0	2	0	15
II	4923057	4923760	2	2	0	1	0	16
II	4935900	4935950	1	1	0	1	0	14
II	4948429	4948611	2	2	0	1	0	17
II	4993323	4993368	2	2	0	1	0	16
II	5011732	5011773	2	2	0	1	0	13
II	5055745	5055862	1	1	0	1	0	13
II	5055988	5056033	1	1	0	2	0	14
II	5065245	5065292	1	1	0	1	0	15
II	5065569	5065830	1	1	0	1	0	16
II	5079350	5079400	2	2	0	1	0	15
II	5084606	5084979	2	2	0	1	0	15
II	5348702	5348749	2	2	0	0	1	16
II	5380760	5381036	1	1	0	1	0	16
II	5421581	5421627	1	1	0	1	0	14
II	5422357	5422401	1	1	0	1	0	14
II	5457181	5457227	1	1	0	1	0	17
II	5457467	5457547	1	1	0	2	0	17
II	5468232	5468883	1	1	0	1	0	17
II	5475819	5475876	1	1	0	1	0	12
II	5479255	5479300	1	1	0	1	0	14
II	5502651	5502694	1	1	0	1	0	16
II	5649807	5649861	1	1	0	1	0	12
II	5658131	5658177	2	2	0	1	0	13
II	5676473	5677042	2	2	0	0	1	16
II	5686761	5687061	2	2	0	1	0	18
II	5713356	5713433	2	2	0	1	0	13
II	5840269	5840314	2	2	0	2	0	14
II	5916258	5916300	1	1	0	1	0	12
II	6060280	6060676	2	2	0	0	1	16
II	6288992	6289035	2	2	0	1	0	15
II	6305552	6305900	1	1	0	1	0	14
II	6326331	6326406	1	1	0	1	0	17
II	6347347	6347398	2	2	0	1	0	16
II	6384196	6384415	1	1	0	2	0	14
II	6493186	6493390	1	1	0	1	0	14
II	6519449	6519492	2	2	0	1	0	12
II	6553706	6553752	1	1	0	1	0	17
II	6588026	6588074	2	2	0	2	0	15
II	6588362	6588407	2	2	0	3	0	16
II	6688617	6691302	1	1	0	1	0	13
II	6785587	6785635	1	1	0	1	0	15
II	6787349	6787391	1	1	0	1	0	13
II	6855734	6855784	2	2	0	1	0	16
II	6858122	6858166	2	2	0	1	0	14
II	6952465	6952521	1	1	0	1	0	16
II	6972073	6972116	2	2	0	1	0	13
II	7044250	7044303	1	1	0	0	1	15
II	7046109	7046162	2	2	0	0	1	15
II	7066447	7066491	1	1	0	0	1	12
II	7078921	7081304	2	2	0	0	1	12
II	7112020	7112067	1	1	0	1	0	14
II	7133374	7133417	1	1	0	1	0	17
II	7246142	7246292	1	1	0	1	0	12
II	7302492	7302532	1	1	0	1	0	14
II	7303348	7303401	1	1	0	1	0	12
II	7311603	7311648	1	1	0	1	0	18
II	7474150	7474197	2	2	0	1	0	13
II	7474276	7474321	2	2	0	1	0	15
II	7474513	7474567	2	2	0	1	0	13
II	7617046	7617390	1	1	0	1	0	12
II	7660515	7660876	2	2	0	1	0	14
II	7664782	7664829	1	1	0	1	0	16
II	7683768	7683965	1	1	0	1	0	15
II	7691206	7691252	2	2	0	1	0	12
II	7706874	7707258	2	2	0	1	0	14
II	7714744	7718489	2	2	0	1	0	16
II	7790953	7791111	1	1	0	1	0	17
II	7856849	7856989	2	2	0	1	0	16
II	7858537	7858587	1	1	0	1	0	12
II	7859034	7859078	1	1	0	1	0	16
II	7873316	7873361	2	2	0	1	0	13
II	8018069	8018111	1	1	0	1	0	13
II	8018733	8018784	1	1	0	1	0	17
II	8144130	8144177	1	1	0	4	0	17
II	8144361	8144406	1	1	0	7	0	14
II	8323170	8323225	2	2	0	1	0	15
II	8402804	8402847	2	2	0	2	0	17
II	8459543	8461044	1	1	0	2	0	12
II	8461887	8461933	1	1	0	1	0	16
II	8570122	8570173	1	1	0	5	0	17
II	8570357	8570401	1	1	0	3	0	16
II	8570741	8570788	1	1	0	5	0	16
II	8581186	8581286	1	1	0	1	0	13
II	8602942	8603114	1	1	0	1	0	16
II	8603272	8603424	1	1	0	3	0	16
II	8667730	8667779	1	1	0	1	0	14
II	8668757	8668804	1	1	0	1	0	13
II	8669628	8669682	2	2	0	1	0	17
II	8696775	8696823	2	2	0	1	0	12
II	8811802	8811846	1	1	0	1	0	12
II	8929265	8929310	1	1	0	1	0	12
II	8932192	8932347	1	1	0	1	0	14
II	8933295	8933339	1	1	0	1	0	14
II	8934923	8934967	1	1	0	1	0	12
II	9056912	9057003	2	2	0	6	0	15
II	9082798	9082844	2	2	0	1	0	17
II	9259830	9260489	2	2	0	1	0	17
II	9272553	9272602	2	2	0	1	0	13
II	9351815	9351865	2	2	0	1	0	14
II	9352015	9352661	2	2	0	1	0	12
II	9623493	9623591	2	2	0	1	0	17
II	9626223	9626279	1	1	0	1	0	12
II	9641358	9641537	2	2	0	1	0	15
II	9659522	9659592	2	2	0	1	0	12
II	9659724	9659768	2	2	0	1	0	14
II	9715182	9715230	2	2	0	1	0	12
II	9841511	9841554	2	2	0	1	0	14
II	9841875	9841924	2	2	0	1	0	14
II	9924693	9924797	1	1	0	1	0	12
II	9943200	9943253	1	1	0	1	0	18
II	9970079	9970122	2	2	0	1	0	18
II	10010199	10010243	2	2	0	1	0	14
II	10010787	10010853	2	2	0	1	0	18
II	10173298	10173345	1	1	0	1	0	15
II	10238094	10238138	2	2	0	1	0	18
II	10351053	10351219	1	1	0	1	0	12
II	10541509	10541931	2	2	0	1	0	17
II	10546326	10547191	2	2	0	1	0	18
II	10560469	10560517	2	2	0	1	0	15
II	10571006	10571820	1	1	0	1	0	16
II	10576104	10576149	2	2	0	1	0	15
II	10659549	10659596	1	1	0	1	0	12
II	10707360	10707406	1	1	0	1	0	12
II	10786284	10786332	1	1	0	1	0	12
II	10797891	10797940	2	2	0	1	0	13
II	10837774	10838297	1	1	0	1	0	16
II	10870236	10870313	1	1	0	1	0	14
II	10871463	10871518	2	2	0	1	0	16
II	10930749	10930796	1	1	0	1	0	16
II	11096678	11096889	2	2	0	4	0	17
II	11097035	11097087	2	2	0	2	0	14
II	11099480	11099890	1	1	0	1	0	18
II	11112838	11113320	1	1	0	1	0	13
II	11118975	11119024	1	1	0	1	0	13
II	11126228	11126275	2	2	0	3	0	16
II	11235863	11235914	2	2	0	1	0	18
II	11238146	11238194	2	2	0	1	0	16
II	11261089	11261142	2	2	0	2	0	18
II	11451173	11451223	1	1	0	1	0	14
II	11451757	11451804	2	2	0	1	0	16
II	11454514	11455024	1	1	0	1	0	14
II	11465764	11465825	1	1	0	1	0	14
II	11485772	11486419	2	2	0	1	0	18
II	11495777	11495826	1	1	0	1	0	15
II	11570416	11570722	1	1	0	2	0	17
II	11572699	11572743	1	1	0	1	0	17
II	11576425	11576476	2	2	0	1	0	14
II	11590337	11590407	2	2	0	1	0	15
II	11592854	11592898	2	2	0	1	0	12
II	11599224	11599275	2	2	0	2	0	17
II	11613916	11614149	1	1	0	1	0	15
II	11691744	11691789	2	2	0	1	0	16
II	11712284	11712564	1	1	0	1	0	13
II	11741864	11742567	1	1	0	1	0	17
II	11775279	11775326	2	2	0	1	0	13
II	11871001	11871063	2	2	0	1	0	16
II	11968788	11968842	1	1	0	1	0	16
II	11970847	11971711	1	1	0	1	0	17
II	12004438	12005420	2	2	0	1	0	15
II	12182567	12183367	2	2	0	1	0	12
II	12190461	12191285	2	2	0	1	0	12
II	12193245	12193987	2	2	0	1	0	17
II	12291583	12291982	1	1	0	1	0	13
II	12424930	12424979	2	2	0	1	0	14
II	12755355	12755403	2	2	0	1	0	12
II	12893497	12893553	1	5	0	1	0	17
II	12896188	12896519	1	1	0	1	0	18
II	12896717	12896764	1	1	0	1	0	17
II	12897076	12897207	1	1	0	1	0	17
II	12916303	12917384	2	2	0	1	0	12
II	12955623	12955796	1	1	0	1	0	13
II	12994580	12994628	2	2	0	1	0	18
II	12995109	12995159	2	2	0	1	0	14
II	12995752	12995805	2	2	0	2	0	16
II	13017420	13017468	2	2	0	1	0	14
II	13195606	13198033	1	1	0	1	0	17
II	13383670	13387307	1	1	0	1	0	15
II	13493495	13494261	2	2	0	2	0	16
II	13531033	13531094	2	2	0	1	0	17
II	13578316	13580013	1	1	0	1	0	14
II	13723364	13723418	1	1	0	1	0	13
II	13736446	13736701	1	1	0	1	0	17
II	13872941	13873019	1	1	0	1	0	14
II	13971396	13972155	2	2	0	1	0	13
II	14368110	14368169	1	1	0	1	0	17
II	14389326	14389590	2	2	0	1	0	12
II	14400752	14400797	1	1	0	2	0	18
II	14666330	14666387	2	2	0	1	0	17
II	14815742	14816041	1	1	0	0	2	13
II	14872916	14874591	1	1	0	1	0	13
II	15093763	15094734	1	1	0	1	0	16
III	69431	69580	2	2	0	1	0	14
III	429666	429720	1	1	0	1	0	17
III	729045	729092	2	2	0	1	0	18
III	730685	731531	2	2	0	1	0	13
III	784533	784592	1	1	0	1	0	16
III	794371	794569	1	1	0	1	0	14
III	794670	794937	1	1	0	2	0	14
III	853085	853136	2	2	0	1	0	13
III	879940	879990	1	1	0	1	0	17
III	880710	880773	1	1	0	1	0	17
III	910199	910327	2	2	0	1	0	13
III	1037685	1037837	1	1	0	1	0	16
III	1081520	1081632	1	1	0	2	0	17
III	1081717	1082993	1	1	0	1	0	14
III	1194806	1196165	2	2	0	2	0	13
III	1415876	1417009	2	2	0	1	0	17
III	1419262	1419330	1	1	0	4	0	15
III	1624752	1625244	1	1	0	1	0	16
III	1949434	1949723	2	2	0	1	0	15
III	1950772	1951072	1	1	0	4	0	12
III	2423096	2423726	1	1	0	1	0	16
III	2529658	2530228	1	1	0	1	0	18
III	2569033	2569344	2	2	0	1	0	15
III	2736395	2736440	2	2	0	1	0	14
III	2785625	2785690	2	2	0	1	0	14
III	2814480	2814611	2	2	0	1	0	13
III	3068744	3068972	1	1	0	5	0	14
III	3401310	3401569	2	2	0	1	0	13
III	3402978	3403153	2	2	0	1	0	14
III	3404059	3404103	2	2	0	1	0	12
III	3405836	3406774	1	1	0	1	0	13
III	3460461	3460512	1	1	0	1	0	14
III	3503286	3503337	2	2	0	3	0	17
III	3538502	3539310	2	2	0	1	0	14
III	3700029	3700078	2	2	0	1	0	15
III	3701320	3701365	2	2	0	2	0	12
III	3702426	3702469	1	1	0	1	0	18
III	3702587	3702640	1	1	0	1	0	15
III	3705401	3705463	1	1	0	1	0	17
III	3725329	3725384	2	2	0	1	0	17
III	3731508	3731897	2	2	0	1	0	14
III	3865326	3865449	1	1	0	1	0	15
III	3868228	3868444	1	1	0	3	0	15
III	3868581	3868628	1	1	0	6	0	17
III	3917664	3917708	1	1	0	1	0	15
III	3967125	3971608	2	2	0	1	0	15
III	4016260	4016314	2	2	0	2	0	18
III	4017385	4017456	2	2	0	2	0	17
III	4055112	4055461	2	2	0	1	0	18
III	4084946	4085063	2	2	0	2	0	12
III	4086127	4086200	2	2	0	1	0	15
III	4086281	4086338	2	2	0	1	0	15
III	4086506	4086570	2	2	0	1	0	15
III	4093894	4093951	2	2	0	2	0	15
III	4153905	4153950	1	1	0	1	0	16
III	4181927	4181979	2	2	0	1	0	16
III	4194232	4194281	1	1	0	1	0	14
III	4245350	4245665	2	2	0	1	0	16
III	4313981	4314805	1	1	0	1	0	17
III	4319560	4319864	1	1	0	1	0	12
III	4343828	4343929	1	1	0	1	0	16
III	4408081	4408258	1	1	0	2	0	17
III	4408623	4408666	1	1	0	1	0	17
III	4414463	4414510	1	1	0	1	0	15
III	4419997	4420043	1	1	0	1	0	12
III	4422930	4422981	1	1	0	1	0	15
III	4476070	4476114	1	1	0	2	0	16
III	4491028	4491074	1	1	0	3	0	17
III	4500422	4500466	2	2	0	2	0	17
III	4507870	4507976	2	2	0	1	0	16
III	4543161	4543211	1	1	0	1	0	13
III	4554691	4556145	1	1	0	1	0	16
III	4558292	4558611	1	1	0	1	0	15
III	4595699	4595745	2	2	0	1	0	16
III	4652771	4652983	1	1	0	1	0	16
III	4696599	4696653	1	1	0	1	0	14
III	4713099	4713190	2	2	0	1	0	14
III	4753532	4753578	2	2	0	3	0	13
III	4753842	4753913	2	2	0	2	0	16
III	4794574	4794623	1	1	0	1	0	16
III	4880308	4880892	1	1	0	1	0	14
III	4881054	4881100	1	1	0	1	0	15
III	4986645	4986694	2	2	0	1	0	12
III	4992087	4992132	2	4	0	1	0	12
III	5002232	5002278	2	2	0	1	0	17
III	5104606	5104654	1	1	0	1	0	15
III	5164688	5165056	2	2	0	1	0	13
III	5177208	5177289	1	1	0	1	0	14
III	5186922	5186982	1	1	0	0	1	18
III	5226137	5226189	1	1	0	1	0	17
III	5228649	5228697	1	1	0	3	0	13
III	5229328	5229374	1	1	0	2	0	12
III	5231293	5231373	1	1	0	1	0	14
III	5274048	5274153	2	2	0	1	0	16
III	5278030	5278476	1	1	0	1	0	17
III	5316913	5319926	1	1	0	1	0	12
III	5349019	5349067	2	2	0	1	0	17
III	5377387	5377794	2	2	0	1	0	14
III	5433587	5434044	2	2	0	1	0	16
III	5441305	5441747	2	2	0	1	0	14
III	5447229	5447337	2	2	0	1	0	15
III	5452426	5452478	1	1	0	1	0	17
III	5461563	5461968	1	1	0	1	0	16
III	5566858	5566911	1	1	0	1	0	13
III	5592995	5593038	1	1	0	1	0	12
III	5593282	5593330	1	1	0	2	0	15
III	5670535	5670731	1	1	0	1	0	15
III	5679714	5679880	1	1	0	3	0	16
III	5693215	5693254	1	1	0	1	0	17
III	5693580	5693653	1	1	0	1	0	13
III	5726167	5726646	1	1	0	1	0	17
III	5729050	5729093	1	1	0	1	0	13
III	5879030	5879074	1	1	0	1	0	13
III	5941358	5941407	1	1	0	1	0	15
III	5942109	5943068	1	1	0	0	3	15
III	5942601	5942648	1	1	0	3	0	15
III	5943333	5943382	1	1	0	2	0	17
III	5945064	5945113	2	2	0	1	0	15
III	5953012	5953104	1	1	0	1	0	16
III	6018536	6018581	2	2	0	1	0	14
III	6019044	6019085	2	2	0	1	0	12
III	6019287	6019334	2	2	0	1	0	13
III	6120824	6120950	1	1	0	1	0	14
III	6143434	6143806	2	2	0	1	0	12
III	6155846	6156431	2	2	0	1	0	15
III	6166296	6166518	2	2	0	1	0	16
III	6175712	6175811	1	1	0	1	0	16
III	6207134	6207178	1	1	0	1	0	16
III	6207561	6207730	1	1	0	6	0	16
III	6280678	6280978	1	1	0	1	0	13
III	6364374	6364803	1	1	0	1	0	17
III	6374354	6374575	2	2	0	1	0	18
III	6388723	6388839	1	1	0	1	0	12
III	6463393	6463672	2	2	0	1	0	14
III	6490688	6490773	1	1	0	1	0	15
III	6624046	6624102	2	2	0	1	0	16
III	6709649	6709697	2	2	0	1	0	17
III	6722652	6722702	1	1	0	1	0	16
III	6873287	6873333	1	1	0	1	0	14
III	6904826	6904872	1	1	0	1	0	12
III	6924751	6924799	2	2	0	1	0	16
III	6927584	6927626	2	2	0	1	0	14
III	6930200	6930248	1	1	0	1	0	15
III	6957958	6958056	1	1	0	1	0	14
III	6960348	6960398	2	2	0	1	0	18
III	6960529	6960573	2	2	0	1	0	16
III	6964310	6964354	2	2	0	1	0	14
III	6970397	6970445	2	2	0	6	0	18
III	6971267	6971314	2	2	0	6	0	14
III	6971484	6971536	2	2	0	6	0	17
III	7019690	7019738	2	2	0	3	0	14
III	7060482	7060527	2	2	0	1	0	12
III	7072379	7072427	2	2	0	1	0	18
III	7086332	7086380	2	2	0	1	0	12
III	7102439	7102482	2	2	0	2	0	15
III	7102759	7102804	2	2	0	1	0	17
III	7103492	7103534	2	2	0	3	0	15
III	7179225	7179272	2	2	0	2	0	17
III	7179389	7179431	2	2	0	2	0	12
III	7180372	7180421	1	1	0	1	0	16
III	7189340	7189388	2	2	0	5	0	17
III	7189477	7189575	2	2	0	2	0	15
III	7198393	7198443	2	2	0	1	0	18
III	7208995	7209192	1	1	0	3	0	16
III	7214295	7214344	1	1	0	1	0	14
III	7225208	7225253	2	2	0	1	0	17
III	7232420	7232472	2	2	0	1	0	12
III	7240516	7240561	1	1	0	1	0	17
III	7337656	7337702	1	1	0	1	0	17
III	7337838	7338066	1	1	0	1	0	15
III	7496528	7496675	2	2	0	1	0	13
III	7497094	7497138	2	2	0	3	0	18
III	7566717	7566990	1	1	0	1	0	15
III	7572249	7572298	2	2	0	2	0	16
III	7572432	7572482	2	2	0	1	0	15
III	7641317	7641363	2	2	0	1	0	15
III	7773207	7773447	1	1	0	1	0	12
III	7775427	7775477	2	2	0	1	0	14
III	7794757	7794921	2	2	0	1	0	18
III	7855381	7855433	1	1	0	4	0	16
III	7862322	7862428	1	1	0	1	0	18
III	7891393	7891440	2	2	0	1	0	16
III	7950996	7951116	2	2	0	1	0	16
III	7972598	7972644	2	2	0	1	0	13
III	7973076	7973193	2	2	0	3	0	12
III	7974847	7974915	1	1	0	1	0	16
III	7976039	7976097	1	1	0	2	0	18
III	7983551	7983620	1	1	0	1	0	17
III	8025393	8025438	2	2	0	1	0	15
III	8074917	8074959	2	2	0	1	0	18
III	8078295	8078338	2	2	0	1	0	14
III	8083153	8083196	1	1	0	1	0	14
III	8101594	8101640	1	1	0	1	0	17
III	8103467	8103514	1	1	0	2	0	15
III	8129835	8129977	2	2	0	1	0	12
III	8138199	8138828	1	1	0	1	0	12
III	8243340	8243387	2	2	0	2	0	12
III	8318446	8318488	2	2	0	1	0	15
III	8404435	8404479	2	2	0	1	0	16
III	8445389	8445443	2	2	0	1	0	17
III	8445931	8445973	2	2	0	1	0	14
III	8525470	8526793	1	1	0	1	0	16
III	8687943	8687991	2	2	0	1	0	12
III	8754583	8754628	2	2	0	1	0	18
III	8846784	8846827	2	2	0	1	0	14
III	8849001	8849049	2	2	0	1	0	17
III	8891624	8891678	1	1	0	1	0	14
III	8974540	8974791	1	1	0	1	0	16
III	8976132	8976489	2	2	0	1	0	15
III	9004198	9004239	1	1	0	1	0	18
III	9069720	9071239	2	2	0	1	0	12
III	9080514	9080568	2	2	0	3	0	15
III	9080909	9080961	2	2	0	1	0	15
III	9082338	9082409	1	1	0	2	0	12
III	9126267	9126320	1	1	0	1	0	13
III	9226800	9227021	2	2	0	1	0	15
III	9228079	9228122	2	2	0	1	0	16
III	9235161	9235264	2	2	0	1	0	16
III	9324094	9324147	1	1	0	1	0	12
III	9437973	9438018	2	2	0	1	0	18
III	9442945	9443328	2	2	0	2	0	17
III	9459216	9459268	1	1	0	1	0	16
III	9460224	9461065	1	1	0	1	0	13
III	9463476	9463594	2	2	0	2	0	14
III	9465845	9465898	1	1	0	1	0	13
III	9467592	9467646	1	1	0	1	0	14
III	9488939	9488989	1	1	0	1	0	12
III	9550975	9551188	1	1	0	1	0	16
III	9572838	9572884	2	2	0	1	0	13
III	9573413	9573464	2	2	0	1	0	17
III	9629537	9629585	2	2	0	1	0	17
III	9631069	9631123	2	2	0	1	0	17
III	9746161	9746278	2	2	0	2	0	14
III	9748493	9748539	1	1	0	1	0	13
III	9777990	9778277	1	1	0	1	0	15
III	9825315	9825363	2	2	0	1	0	16
III	9832171	9832216	1	1	0	1	0	12
III	9855069	9855124	2	2	0	1	0	17
III	9899971	9900042	2	2	0	1	0	17
III	9924273	9924316	1	1	0	1	0	15
III	9960787	9961383	1	1	0	1	0	14
III	10205774	10205817	1	1	0	1	0	14
III	10331731	10332204	2	2	0	1	0	17
III	10406508	10406586	2	2	0	1	0	13
III	10407115	10407159	2	2	0	1	0	14
III	10420528	10420851	1	1	0	1	0	17
III	10425969	10426815	2	2	0	1	0	15
III	10444256	10444452	1	1	0	0	1	12
III	10453390	10453586	2	2	0	0	1	12
III	10503492	10503749	2	2	0	1	0	15
III	10506374	10506429	2	2	0	4	0	17
III	10512578	10517924	1	1	0	1	0	15
III	10618233	10618960	2	2	0	1	0	16
III	10740481	10740524	2	2	0	1	0	12
III	10760292	10760343	1	1	0	1	0	12
III	10812355	10813147	2	2	0	1	0	17
III	10900299	10900402	1	1	0	1	0	14
III	10983034	10983145	2	2	0	0	5	12
III	10983034	10985503	2	2	0	0	6	16
III	10985447	10985503	2	2	0	0	6	16
III	11052942	11055999	1	1	0	1	0	13
III	11056277	11057277	1	1	0	1	0	16
III	11146566	11147940	1	1	0	1	0	13
III	11151957	11152588	1	1	0	1	0	15
III	11280933	11281811	2	2	0	1	0	17
III	11282984	11283422	2	2	0	1	0	13
III	11325796	11326448	1	1	0	1	0	12
III	11504117	11504920	2	2	0	1	0	13
III	11586374	11587405	1	1	0	1	0	13
III	11625350	11625635	1	1	0	1	0	17
III	11916073	11916129	1	1	0	1	0	18
III	11969369	11970368	2	2	0	1	0	17
III	12022591	12023528	1	1	0	1	0	12
III	12243843	12245017	2	2	0	1	0	15
III	12257004	12258749	2	2	0	1	0	16
III	12352330	12353668	1	1	0	1	0	14
III	12367817	12367875	2	2	0	1	0	14
III	12376227	12377018	2	2	0	1	0	12
III	12430603	12430879	1	1	0	1	0	17
III	12496225	12496269	1	1	0	1	0	15
III	12660719	12662130	2	2	0	1	0	13
III	12931138	12931181	1	1	0	1	0	13
III	12978170	12978218	2	2	0	1	0	13
III	12978306	12978382	2	2	0	4	0	17
III	13019101	13019222	1	1	0	2	0	18
III	13019289	13019346	1	1	0	2	0	13
III	13087934	13089236	2	2	0	1	0	16
III	13114053	13116431	1	1	0	1	0	13
III	13116645	13118645	1	1	0	1	0	16
III	13157844	13159746	1	1	0	2	0	13
III	13171283	13171337	1	1	0	1	0	18
III	13261864	13261909	1	1	0	1	0	13
III	13294634	13294681	2	2	0	0	1	16
III	13304934	13304982	2	2	0	1	0	13
III	13463462	13463506	1	1	0	1	0	13
III	13463728	13463780	1	1	0	4	0	15
III	13472073	13472145	1	1	0	1	0	13
III	13604714	13604763	2	2	0	1	0	17
III	13729231	13729279	2	2	0	1	0	16
III	13766027	13768024	2	2	0	1	0	12
III	13777727	13778169	1	1	0	0	1	14
III	13777727	13783353	1	1	0	0	1	14
III	13782928	13783353	1	1	0	0	1	14
IV	92911	93684	1	1	0	1	0	13
IV	126881	127390	1	1	0	1	0	15
IV	194785	194840	1	1	0	1	0	16
IV	233504	233972	2	2	0	1	0	18
IV	268103	268159	1	1	0	1	0	15
IV	292886	293316	2	2	0	1	0	13
IV	361859	361906	2	2	0	2	0	16
IV	363880	363975	2	2	0	1	0	14
IV	369149	371405	2	2	0	1	0	16
IV	385978	386093	1	1	0	5	0	15
IV	386304	386432	1	1	0	3	0	12
IV	395962	396017	1	1	0	1	0	13
IV	420546	420597	2	2	0	1	0	14
IV	426503	426550	1	1	0	1	0	16
IV	517452	517501	2	2	0	1	0	12
IV	653844	654065	2	2	0	3	0	17
IV	665642	666065	1	1	0	1	0	14
IV	797145	797189	1	1	0	1	0	13
IV	797655	798684	1	1	0	0	1	17
IV	797655	798913	1	1	0	0	1	17
IV	1012851	1012907	1	1	0	1	0	13
IV	1078116	1080386	2	2	0	1	0	16
IV	1089288	1089880	2	2	0	1	0	16
IV	1121912	1123202	2	2	0	2	0	12
IV	1123664	1124823	2	2	0	3	0	14
IV	1128659	1128704	1	1	0	1	0	18
IV	1229133	1229382	1	1	0	1	0	17
IV	1236611	1237008	2	2	0	1	0	13
IV	1276003	1276189	1	1	0	1	0	18
IV	1349568	1350754	1	1	0	0	1	15
IV	1349568	1351530	1	1	0	0	1	15
IV	1506426	1506943	1	1	0	1	0	13
IV	1659833	1659887	1	1	0	1	0	14
IV	1709620	1709664	2	2	0	2	0	13
IV	1710406	1710565	1	1	0	1	0	15
IV	1720929	1720979	1	1	0	2	0	16
IV	2384279	2385471	1	1	0	1	0	15
IV	2389606	2389661	1	1	0	1	0	13
IV	2496290	2496343	1	1	0	1	0	12
IV	2496454	2496502	1	1	0	2	0	17
IV	2496750	2497316	1	1	0	1	0	17
IV	2608806	2608857	1	1	0	1	0	15
IV	2612809	2612946	2	2	0	1	0	13
IV	2639698	2640561	2	2	0	1	0	16
IV	2677097	2677152	1	1	0	1	0	17
IV	2689241	2689709	2	2	0	0	1	12
IV	2689241	2690514	2	2	0	0	1	12
IV	2927878	2927944	2	2	0	1	0	14
IV	3129539	3131316	2	2	0	1	0	13
IV	3315788	3315830	1	1	0	0	1	12
IV	3338299	3338378	2	2	0	2	0	18
IV	3514196	3514259	2	2	0	1	0	16
IV	3691730	3692569	2	2	0	1	0	15
IV	4048642	4049115	2	2	0	2	0	14
IV	4049230	4049276	2	2	0	1	0	14
IV	4389345	4389398	2	2	0	2	0	14
IV	4390041	4390336	2	2	0	0	1	16
IV	4390461	4390561	2	2	0	0	2	17
IV	4444976	4445021	2	2	0	1	0	18
IV	4446406	4446455	1	1	0	2	0	12
IV	4448030	4448099	1	1	0	1	0	12
IV	4541974	4542060	2	2	0	1	0	15
IV	4607968	4608022	1	1	0	1	0	17
IV	4651785	4651840	1	1	0	1	0	12
IV	4715628	4715675	2	2	0	0	1	12
IV	4748211	4748261	2	2	0	2	0	16
IV	4749515	4749562	2	2	0	3	0	18
IV	4805326	4805377	2	2	0	1	0	13
IV	4807854	4807906	2	2	0	1	0	17
IV	5090839	5090880	2	2	0	1	0	17
IV	5353040	5353292	2	2	0	1	0	18
IV	5356012	5356155	1	1	0	1	0	13
IV	5386848	5387281	2	2	0	1	0	14
IV	5387809	5388379	2	2	0	1	0	16
IV	5472077	5472120	1	1	0	2	0	16
IV	5472923	5472971	1	1	0	1	0	16
IV	5488700	5489731	1	1	0	1	0	14
IV	5540936	5540984	1	1	0	1	0	17
IV	5652261	5652413	2	2	0	2	0	16
IV	5944450	5944504	2	2	0	1	0	17
IV	5947317	5947429	2	2	0	3	0	16
IV	6022158	6022204	2	2	0	1	0	17
IV	6092922	6092996	2	2	0	2	0	14
IV	6108362	6108415	1	1	0	1	0	14
IV	6294513	6294734	1	1	0	1	0	18
IV	6324639	6324725	1	1	0	1	0	15
IV	6338092	6338233	1	1	0	1	0	17
IV	6554955	6555338	2	2	0	1	0	17
IV	6581939	6581989	2	2	0	1	0	12
IV	6584147	6584191	2	2	0	1	0	14
IV	6605903	6606103	2	2	0	1	0	14
IV	6641582	6641865	1	1	0	1	0	17
IV	6742305	6742349	2	2	0	1	0	17
IV	6744399	6744447	2	2	0	1	0	13
IV	6760566	6760618	1	1	0	1	0	17
IV	6791914	6791963	1	1	0	2	0	18
IV	6844376	6844422	1	1	0	1	0	15
IV	6906916	6906960	2	2	0	1	0	14
IV	6913844	6913892	1	1	0	1	0	12
IV	7007831	7007880	1	3	0	1	0	14
IV	7008275	7009099	1	1	0	2	0	18
IV	7033201	7033481	2	2	0	1	0	17
IV	7083856	7083956	2	2	0	2	0	14
IV	7084357	7084402	2	2	0	3	0	13
IV	7102341	7102387	2	2	0	1	0	17
IV	7102817	7102864	2	2	0	1	0	13
IV	7143310	7143354	2	2	0	1	0	13
IV	7161827	7161875	2	4	0	1	0	14
IV	7189679	7189727	1	1	0	2	0	16
IV	7313154	7313199	2	2	0	2	0	18
IV	7313506	7313555	2	2	0	2	0	14
IV	7313656	7313748	2	2	0	2	0	16
IV	7472517	7472561	2	2	0	1	0	14
IV	7583189	7583232	1	1	0	1	0	14
IV	7634280	7634326	1	1	0	1	0	17
IV	7760347	7762866	2	2	0	1	0	17
IV	7791122	7791174	2	2	0	1	0	17
IV	7925938	7925984	2	2	0	2	0	14
IV	7926186	7926234	2	2	0	3	0	17
IV	7952979	7953047	1	1	0	1	0	13
IV	7958954	7958996	1	1	0	1	0	14
IV	7960605	7960648	1	1	0	1	0	15
IV	8063279	8063614	1	1	0	1	0	18
IV	8129190	8129574	2	2	0	1	0	12
IV	8134231	8134834	2	2	0	1	0	18
IV	8135515	8135558	2	2	0	2	0	17
IV	8187703	8187996	1	1	0	1	0	17
IV	8261268	8261358	1	1	0	2	0	15
IV	8261819	8261875	1	1	0	1	0	12
IV	8265824	8265871	1	1	0	10	0	15
IV	8266139	8266184	1	1	0	8	0	16
IV	8292880	8292930	1	1	0	1	0	12
IV	8378788	8378972	2	2	0	3	0	16
IV	8394025	8394070	2	2	0	0	1	12
IV	8482922	8482967	1	1	0	1	0	12
IV	8505209	8505276	2	2	0	1	0	12
IV	8609603	8609652	1	1	0	1	0	12
IV	8609922	8611375	1	1	0	1	0	13
IV	8624377	8624461	1	1	0	1	0	15
IV	8684080	8684446	2	2	0	1	0	14
IV	8891973	8892048	1	1	0	1	0	13
IV	8929254	8930215	1	1	0	1	0	17
IV	8936775	8936983	1	1	0	1	0	12
IV	9095948	9095995	2	2	0	1	0	13
IV	9127751	9127901	1	1	0	1	0	15
IV	9208517	9209093	1	1	0	1	0	15
IV	9210677	9211243	1	1	0	1	0	12
IV	9239828	9241027	1	1	0	1	0	17
IV	9259174	9259590	2	2	0	1	0	16
IV	9263703	9264214	2	2	0	1	0	13
IV	9317594	9317643	1	1	0	1	0	17
IV	9320512	9320861	2	2	0	1	0	18
IV	9329723	9329768	2	2	0	1	0	12
IV	9391449	9391494	1	1	0	1	0	13
IV	9440494	9440596	2	2	0	1	0	16
IV	9526534	9526992	1	1	0	2	0	17
IV	9527785	9528010	1	1	0	1	0	16
IV	9541482	9541600	1	1	0	1	0	13
IV	9563409	9563514	1	1	0	3	0	13
IV	9653664	9653715	1	1	0	1	0	12
IV	9740024	9740099	2	2	0	2	0	16
IV	9740452	9740514	2	2	0	1	0	12
IV	9804026	9804330	1	1	0	1	0	18
IV	9865121	9865172	1	1	0	1	0	16
IV	9991683	9991728	2	2	0	2	0	17
IV	9995860	9995903	2	2	0	1	0	15
IV	10100127	10100983	1	1	0	1	0	17
IV	10103831	10104483	1	1	0	1	0	12
IV	10129448	10129499	1	1	0	1	0	12
IV	10153232	10153277	1	1	0	1	0	14
IV	10177057	10177099	1	1	0	4	0	17
IV	10178269	10178313	1	1	0	1	0	14
IV	10216560	10216609	1	1	0	3	0	16
IV	10280429	10280476	2	2	0	1	0	14
IV	10372301	10372356	1	1	0	1	0	13
IV	10386601	10386645	1	1	0	2	0	18
IV	10470924	10471123	1	1	0	1	0	15
IV	10483493	10483542	2	2	0	1	0	15
IV	10693202	10693245	2	2	0	1	0	14
IV	10735977	10736055	1	1	0	1	0	16
IV	11020621	11020909	1	1	0	2	0	14
IV	11036714	11036758	1	1	0	1	0	12
IV	11082136	11082183	2	2	0	1	0	14
IV	11110561	11110611	2	2	0	1	0	16
IV	11148682	11149401	2	2	0	1	0	17
IV	11314588	11314634	2	2	0	1	0	12
IV	11318596	11318653	1	1	0	1	0	16
IV	11318956	11319016	1	1	0	1	0	12
IV	11323254	11323296	1	1	0	1	0	13
IV	11333399	11333453	2	2	0	1	0	12
IV	11358885	11359494	2	2	0	1	0	18
IV	11371211	11371258	2	2	0	1	0	15
IV	11373182	11373226	1	1	0	1	0	13
IV	11375405	11375452	1	1	0	1	0	14
IV	11376115	11376162	1	1	0	2	0	14
IV	11376591	11376636	1	1	0	2	0	15
IV	11411602	11411652	1	1	0	1	0	14
IV	11436771	11437511	1	1	0	1	0	16
IV	11472884	11472929	1	1	0	1	0	17
IV	11520362	11520411	2	2	0	1	0	16
IV	11561574	11561618	2	2	0	1	0	17
IV	11563588	11563637	2	2	0	1	0	13
IV	11577729	11578079	1	1	0	1	0	16
IV	11594333	11594695	1	1	0	2	0	17
IV	11598483	11598529	1	1	0	1	0	13
IV	11603048	11603093	1	1	0	8	0	16
IV	11821285	11821331	2	2	0	1	0	16
IV	11821524	11821588	2	2	0	1	0	16
IV	11821760	11821807	2	2	0	2	0	18
IV	11854799	11854860	2	2	0	1	0	16
IV	11858831	11858884	1	1	0	1	0	15
IV	12119001	12119048	2	2	0	1	0	15
IV	12122478	12122526	1	1	0	1	0	13
IV	12124374	12124423	1	1	0	1	0	13
IV	12147255	12147535	2	2	0	1	0	15
IV	12269161	12269287	1	1	0	6	0	16
IV	12334102	12334496	2	2	0	1	0	18
IV	12364136	12368394	1	1	0	1	0	13
IV	12390490	12390686	2	2	0	1	0	15
IV	12390808	12390884	2	2	0	5	0	15
IV	12555466	12555512	2	2	0	1	0	14
IV	12567078	12567131	2	2	0	1	0	16
IV	12838989	12839059	1	1	0	1	0	13
IV	12846102	12846659	1	1	0	1	0	14
IV	13079592	13080766	1	1	0	1	0	13
IV	13104153	13104206	1	1	0	1	0	13
IV	13235113	13236139	2	2	0	1	0	13
IV	13239777	13239825	2	2	0	7	0	15
IV	13239934	13240143	2	2	0	2	0	14
IV	13297590	13297654	2	2	0	1	0	16
IV	13297728	13297780	2	2	0	1	0	16
IV	13298441	13298491	1	1	0	1	0	13
IV	13328872	13328919	1	1	0	1	0	14
IV	13369679	13370031	2	2	0	2	0	18
IV	13370167	13370223	2	2	0	1	0	12
IV	13386459	13386509	1	1	0	1	0	14
IV	13389600	13390674	2	2	0	1	0	13
IV	13390976	13392346	2	2	0	1	0	12
IV	13411636	13412691	2	2	0	1	0	14
IV	13486993	13487914	2	2	0	1	0	16
IV	13511745	13511816	2	2	0	1	0	16
IV	13549887	13549935	2	2	0	1	0	17
IV	13647078	13647304	2	2	0	3	0	16
IV	13663529	13663572	2	2	0	1	0	16
IV	13777894	13777949	1	1	0	2	0	13
IV	13778037	13778080	1	1	0	3	0	13
IV	13778553	13778601	1	1	0	3	0	15
IV	13880283	13881128	1	1	0	1	0	16
IV	13882279	13882432	1	1	0	3	0	17
IV	13883712	13883943	1	1	0	1	0	16
IV	14076356	14076407	1	1	0	1	0	15
IV	14108285	14108341	2	2	0	1	0	18
IV	14465122	14465181	1	1	0	1	0	12
IV	14576106	14576240	1	1	0	1	0	13
IV	14787384	14787980	1	1	0	1	0	14
IV	14796641	14796688	2	2	0	1	0	12
IV	14825801	14825846	1	1	0	6	0	16
IV	14826036	14826190	1	1	0	3	0	17
IV	14837930	14847541	1	1	0	1	0	16
IV	14957926	14958721	2	2	0	2	0	17
IV	15012199	15012520	2	2	0	1	0	16
IV	15037622	15037669	1	1	0	1	0	17
IV	15037789	15038918	1	1	0	1	0	14
IV	16169130	16170072	2	2	0	1	0	14
IV	16199633	16199708	1	1	0	1	0	17
IV	17100128	17100175	2	2	0	1	0	13
IV	17280883	17280936	1	1	0	2	0	17
IV	17286661	17286714	2	2	0	1	0	12
IV	17306555	17306600	2	2	0	1	0	15
IV	17404952	17405187	2	2	0	1	0	17
IV	17466386	17466507	2	2	0	1	0	13
IV	17471655	17471862	2	2	0	2	0	16
V	103596	103910	2	2	0	4	0	15
V	114040	114662	1	1	0	1	0	17
V	724783	724834	2	2	0	1	0	12
V	943031	944712	2	2	0	1	0	13
V	1015159	1016367	1	1	0	1	0	14
V	1046747	1046795	2	2	0	1	0	12
V	1214077	1214827	1	1	0	1	0	13
V	1263203	1263250	2	2	0	1	0	17
V	1460887	1460932	1	1	0	1	0	14
V	1475941	1476000	1	1	0	3	0	17
V	1691321	1691367	2	2	0	0	1	18
V	1691321	1691654	2	2	0	0	1	18
V	1691608	1691654	2	2	0	0	1	18
V	1804753	1804798	2	2	0	1	0	15
V	1872342	1872399	1	1	0	1	0	16
V	2229653	2229850	1	1	0	1	0	16
V	2322238	2322283	2	2	0	0	3	16
V	2330685	2330730	1	1	0	0	3	16
V	2352435	2352480	1	1	0	0	1	14
V	2460396	2460441	1	1	0	0	1	14
V	2556455	2564174	1	1	0	0	1	13
V	2561987	2564174	1	1	0	0	1	13
V	2703875	2705240	1	1	0	1	0	17
V	2783253	2783365	2	2	0	1	0	14
V	3196465	3196520	2	2	0	1	0	18
V	3584553	3584612	1	1	0	1	0	17
V	3585609	3585657	2	2	0	1	0	18
V	4145971	4146019	1	1	0	1	0	13
V	4346245	4346291	2	2	0	1	0	14
V	4371043	4371099	2	2	0	1	0	15
V	4398874	4398920	2	2	0	1	0	17
V	4485665	4486338	1	1	0	1	0	16
V	5269888	5269935	1	1	0	1	0	13
V	5274891	5275233	1	1	0	1	0	17
V	5469095	5469141	2	2	0	0	1	13
V	5584139	5584184	2	2	0	1	0	14
V	5663069	5663115	1	1	0	0	1	13
V	5679085	5679133	2	2	0	1	0	15
V	5828253	5828300	1	1	0	1	0	12
V	5836629	5836676	2	2	0	2	0	14
V	6017460	6017505	2	2	0	1	0	14
V	6099415	6099469	2	2	0	1	0	14
V	6401731	6401816	2	2	0	1	0	16
V	6428185	6428229	2	2	0	1	1	13
V	6432454	6432501	2	2	0	1	0	15
V	6435992	6436134	1	1	0	2	0	15
V	6436979	6437024	1	1	0	1	0	12
V	6516102	6516150	2	2	0	1	0	17
V	6654633	6654686	2	2	0	1	0	18
V	6656222	6656354	2	2	0	2	0	15
V	6703489	6703539	1	1	0	1	0	12
V	6709959	6710006	2	2	0	1	0	14
V	6710258	6710304	2	2	0	1	0	13
V	6710385	6710470	2	2	0	1	0	12
V	6767403	6767456	2	2	0	1	0	16
V	6786176	6786226	1	1	0	1	0	12
V	6786947	6786998	1	1	0	1	0	13
V	6890377	6890570	1	1	0	1	0	13
V	6903509	6903557	2	2	0	1	0	18
V	7162021	7162126	2	2	0	1	0	14
V	7188671	7189175	2	2	0	1	0	16
V	7433580	7433628	2	2	0	1	0	15
V	7582581	7582792	2	2	0	1	0	17
V	7775873	7775974	2	2	0	7	0	17
V	7776660	7776738	1	1	0	3	0	13
V	7776869	7776961	1	1	0	2	0	15
V	7786859	7786986	1	1	0	1	0	15
V	7808364	7812609	1	1	0	1	0	16
V	7856365	7856410	1	1	0	1	0	16
V	7983149	7983199	2	2	0	1	0	12
V	8030021	8030064	1	1	0	1	0	13
V	8030213	8030257	1	1	0	1	0	12
V	8040007	8040279	2	2	0	1	0	17
V	8207351	8207419	1	1	0	1	0	14
V	8209000	8209442	2	2	0	1	0	12
V	8272701	8272746	1	1	0	1	0	12
V	8463894	8463943	1	1	0	1	0	17
V	8499364	8499418	1	1	0	1	0	16
V	8515784	8515888	2	2	0	1	0	15
V	8565652	8565706	2	2	0	1	0	15
V	8629789	8629842	2	2	0	1	0	15
V	8630250	8630327	2	2	0	1	0	12
V	8958113	8958161	1	1	0	1	0	16
V	9087605	9087656	2	2	0	0	1	16
V	9090241	9090292	1	1	0	0	1	16
V	9160469	9160516	2	2	0	1	0	16
V	9176793	9176839	1	1	0	1	0	14
V	9177165	9177212	1	1	0	1	0	14
V	9325990	9326036	1	1	0	1	0	17
V	9343568	9343675	2	2	0	1	0	15
V	9499167	9499228	1	1	0	1	0	15
V	9528789	9528969	1	1	0	1	0	15
V	9551633	9551952	1	1	0	1	0	17
V	9580867	9580916	2	2	0	1	0	12
V	9583694	9586183	1	1	0	2	0	15
V	9589537	9589703	1	1	0	1	0	17
V	9706254	9706309	1	1	0	1	0	14
V	9726431	9726488	2	2	0	1	0	12
V	9776325	9776662	2	2	0	1	0	14
V	9787580	9787623	2	2	0	1	0	14
V	9789096	9789144	2	2	0	3	0	12
V	9951687	9951735	1	1	0	1	0	15
V	9951818	9951882	1	1	0	1	0	16
V	10022101	10022195	1	1	0	1	0	16
V	10131451	10131495	2	2	0	1	0	13
V	10133204	10133286	2	2	0	1	0	14
V	10134789	10134840	1	1	0	1	0	12
V	10214969	10215026	1	1	0	1	0	15
V	10253918	10254015	2	2	0	1	0	14
V	10335950	10337049	2	2	0	1	0	14
V	10365002	10365050	1	1	0	1	0	17
V	10373513	10373617	1	1	0	1	0	12
V	10390352	10390397	1	1	0	1	0	17
V	10425565	10425615	2	2	0	1	0	12
V	10445070	10445575	1	1	0	1	0	12
V	10535047	10535149	2	2	0	1	0	13
V	10659377	10659428	1	1	0	1	0	12
V	10713238	10713322	2	2	0	1	0	18
V	10770419	10770463	1	1	0	1	0	17
V	10770841	10770884	1	1	0	1	0	12
V	10806980	10807032	2	2	0	1	0	15
V	10965410	10965455	2	2	0	1	0	14
V	10966486	10966529	1	1	0	1	0	18
V	10966663	10966988	1	1	0	2	0	12
V	10967465	10967655	1	1	0	1	0	17
V	10970951	10971253	2	2	0	1	0	12
V	11046750	11046793	2	2	0	1	0	13
V	11072172	11072224	2	2	0	0	9	18
V	11072172	11077111	2	2	0	0	9	18
V	11073006	11073053	2	2	0	0	3	16
V	11073006	11077937	2	2	0	0	3	16
V	11077060	11077111	2	2	0	0	9	18
V	11077893	11077937	2	2	0	2	0	17
V	11081263	11081310	1	1	0	0	3	16
V	11082092	11082143	1	1	0	0	9	18
V	11123150	11123193	2	2	0	1	0	15
V	11285179	11285297	1	1	0	1	0	13
V	11732308	11732365	2	2	0	1	0	15
V	11732896	11732939	2	2	0	1	0	13
V	11785002	11785049	2	2	0	1	0	15
V	11822201	11822250	2	2	0	1	0	16
V	11848868	11849350	1	1	0	1	0	12
V	12046113	12046160	1	1	0	1	0	15
V	12057147	12057299	2	2	0	1	0	13
V	12085153	12085202	1	1	0	1	0	16
V	12182599	12182647	2	2	0	1	0	17
V	12242716	12242780	2	2	0	1	0	16
V	12319064	12319926	1	1	0	1	0	14
V	12496731	12497110	2	2	0	1	0	13
V	12502233	12502563	1	1	0	1	0	16
V	12553024	12553078	2	2	0	1	0	15
V	12598986	12599044	2	2	0	1	0	12
V	12698598	12699078	1	1	0	1	0	15
V	12705375	12705820	1	1	0	1	0	14
V	12808536	12808582	2	2	0	1	0	12
V	12913768	12913822	1	1	0	1	0	16
V	13088530	13089130	1	1	0	1	0	14
V	13128558	13128609	2	2	0	1	0	17
V	13199052	13199099	2	2	0	0	2	16
V	13199052	13201883	2	2	0	0	2	16
V	13311454	13311508	2	2	0	1	0	13
V	13552726	13552772	1	1	0	1	0	16
V	13663573	13663621	1	1	0	1	0	15
V	13665618	13665686	1	1	0	1	0	14
V	13668818	13668870	1	1	0	1	0	12
V	13669774	13669820	2	2	0	1	0	16
V	13728863	13728911	2	2	0	1	0	18
V	14009152	14009250	2	2	0	1	0	16
V	14018547	14018603	2	2	0	2	0	15
V	14035998	14036044	2	2	0	1	0	14
V	14083238	14083285	1	1	0	1	0	17
V	14083394	14083438	1	1	0	3	0	17
V	14093287	14093331	1	1	0	1	0	18
V	14202580	14202622	2	2	0	0	1	12
V	14292443	14292486	2	2	0	1	0	16
V	14356345	14356407	1	1	0	2	0	14
V	14457537	14457582	1	1	0	1	0	15
V	14523649	14523807	2	2	0	2	0	17
V	14991272	14991317	1	1	0	1	0	13
V	14992043	14992137	2	2	0	1	0	17
V	15000344	15000387	2	2	0	2	0	13
V	15001650	15001696	2	2	0	1	0	18
V	15085245	15085293	2	2	0	1	0	18
V	15186878	15186991	2	2	0	5	0	18
V	15187244	15187291	2	2	0	1	0	13
V	15190323	15190632	1	1	0	2	0	18
V	15395906	15395956	1	1	0	1	0	13
V	15512339	15512610	1	1	0	5	0	18
V	15595557	15595617	2	2	0	0	1	18
V	15607092	15610059	2	2	0	1	0	12
V	16002666	16002964	1	1	0	1	0	12
V	16053074	16053266	2	2	0	1	0	14
V	16057747	16057962	2	2	0	2	0	15
V	16270922	16270968	2	2	0	1	0	14
V	16594612	16595087	2	2	0	2	0	15
V	16745705	16745760	2	2	0	1	1	16
V	16798397	16799862	1	1	0	1	0	16
V	16807289	16807956	1	1	0	1	0	16
V	17974939	17976188	2	2	0	1	0	15
V	18025490	18026584	1	1	0	1	0	12
V	18232979	18233019	1	1	0	1	0	15
V	18502896	18503100	1	1	0	1	0	18
V	18618269	18618322	1	1	0	1	0	15
V	18638703	18638757	1	1	0	1	0	17
V	18903859	18905175	1	1	0	1	0	16
V	19100628	19100910	2	2	0	1	0	17
V	19539185	19539240	2	2	0	1	0	15
V	19695724	19696496	2	2	0	1	0	18
V	19947246	19948597	2	2	0	1	0	18
V	20235501	20236291	2	2	0	1	0	12
V	20458718	20459175	2	2	0	1	0	12
V	20468741	20468797	2	2	0	0	1	15
V	20480312	20480367	1	1	0	0	1	15
V	20495346	20496310	1	1	0	1	0	16
V	20581275	20581371	1	1	0	1	0	18
V	20581644	20582073	1	1	0	1	0	17
V	20703455	20703507	2	2	0	1	0	15
V	20846394	20846437	1	1	0	1	0	16
X	59369	59469	1	1	0	0	2	17
X	59594	59887	1	1	0	0	1	16
X	382299	382377	2	2	0	1	0	15
X	421859	421911	1	1	0	4	0	12
X	767765	767814	2	2	0	1	0	12
X	774112	774182	1	1	0	1	0	18
X	810516	810563	2	2	0	1	0	12
X	1034317	1034366	2	2	0	1	0	13
X	1218037	1218083	2	2	0	1	0	17
X	1441360	1441542	2	2	0	1	0	15
X	2109730	2109781	1	1	0	1	0	17
X	2237994	2238046	1	1	0	1	0	14
X	2257381	2257437	2	2	0	1	0	15
X	2684276	2684361	2	2	0	1	0	16
X	2836798	2836847	2	2	0	1	0	14
X	2853989	2854040	2	2	0	1	0	13
X	2934009	2934065	1	1	0	1	0	17
X	2944273	2945100	1	1	0	1	0	14
X	3012508	3012557	2	2	0	1	0	17
X	3227836	3227881	2	2	0	1	0	17
X	3229744	3229789	2	2	0	1	0	14
X	3398143	3398198	2	2	0	1	0	13
X	3404345	3404414	1	1	0	5	0	15
X	3407785	3407833	1	1	0	0	2	17
X	3408063	3408107	1	1	0	6	0	15
X	3408244	3408295	1	1	0	2	4	14
X	3442017	3442061	1	1	0	1	0	16
X	3557005	3557066	1	1	0	1	0	17
X	3559153	3559204	2	2	0	1	4	14
X	3559341	3559389	2	2	0	0	6	15
X	3559341	3567953	2	2	0	0	6	15
X	3559619	3559667	2	2	0	0	2	17
X	3559619	3568231	2	2	0	0	2	17
X	3563038	3563101	2	2	0	2	1	12
X	3563038	3571676	2	2	0	0	2	17
X	3567718	3567768	2	2	0	8	0	16
X	3567905	3567953	2	2	0	1	6	15
X	3568183	3568231	2	2	0	0	2	17
X	3571602	3571676	2	2	0	0	1	17
X	3647961	3648006	2	2	0	1	0	17
X	4470112	4470157	1	1	0	1	0	13
X	4510477	4510527	1	1	0	1	0	14
X	4568600	4568648	1	1	0	0	1	12
X	4568600	4572948	1	1	0	0	1	12
X	4821227	4821270	1	1	0	1	0	12
X	4963535	4963590	1	1	0	2	0	13
X	4963770	4963824	1	1	0	2	0	17
X	5057591	5105531	2	2	0	0	1	15
X	5101916	5101967	1	1	0	1	0	15
X	5105479	5105526	1	1	0	2	0	18
X	5105774	5105821	1	1	0	3	2	14
X	5253166	5253799	1	1	0	1	0	17
X	5255916	5256350	1	1	0	2	0	15
X	5358769	5358810	2	2	0	1	0	12
X	5463371	5463419	1	1	0	1	0	15
X	5472125	5472170	1	1	0	1	0	12
X	6058509	6058555	1	1	0	1	0	15
X	6107127	6107220	2	2	0	1	0	14
X	6128160	6128225	2	2	0	1	0	16
X	6377302	6377355	2	2	0	1	0	12
X	6409128	6409199	2	2	0	1	0	18
X	6533648	6534344	2	2	0	5	0	17
X	6607255	6607303	1	1	0	1	0	16
X	6607522	6607564	1	1	0	1	0	12
X	6608788	6608933	1	1	0	1	0	12
X	6724547	6725013	2	2	0	1	0	14
X	6791250	6791329	1	1	0	1	0	15
X	6841364	6841441	1	1	0	1	0	13
X	6841562	6841803	1	1	0	1	0	13
X	6841897	6841943	1	1	0	1	0	12
X	6845456	6845658	1	1	0	1	0	15
X	7231379	7231430	2	2	0	2	0	17
X	7259066	7259110	2	2	0	1	0	18
X	7305007	7305091	2	2	0	1	0	15
X	7315161	7315202	2	2	0	1	0	17
X	7320153	7320200	2	2	0	2	0	17
X	7342542	7342594	1	1	0	1	0	17
X	7496097	7496173	2	2	0	1	0	14
X	7732342	7732388	1	1	0	2	0	17
X	7732636	7732683	1	1	0	3	2	14
X	7940825	7940883	2	2	0	1	0	17
X	7981937	7981982	2	2	0	1	0	12
X	8186618	8188073	2	2	0	1	0	12
X	8288805	8288851	1	3	0	1	0	16
X	8789606	8789656	1	1	0	1	0	16
X	8790336	8790382	1	1	0	1	0	15
X	8814044	8814388	1	1	0	1	0	13
X	9556718	9556765	1	1	0	1	0	17
X	9559568	9559616	1	1	0	1	0	13
X	9926395	9926838	2	2	0	1	0	18
X	10058078	10058162	2	2	0	2	0	13
X	10340617	10340663	2	2	0	1	0	12
X	11199534	11199582	1	1	0	1	0	18
X	11201730	11201781	1	1	0	1	0	15
X	11206744	11206791	2	2	0	1	0	14
X	11286794	11286904	2	2	0	1	0	16
X	11368872	11370373	1	1	0	1	0	17
X	11424279	11424877	2	2	0	1	0	17
X	11647536	11647582	1	1	0	1	0	16
X	11882473	11882515	2	2	0	2	0	14
X	11882571	11882620	2	2	0	1	0	16
X	11998408	11998499	2	2	0	1	0	12
X	12105083	12105139	1	1	0	2	0	17
X	12810407	12810648	2	2	0	1	0	13
X	12998137	12998183	1	1	0	1	0	14
X	13220761	13221341	2	2	0	1	0	14
X	13477063	13477351	2	2	0	1	0	13
X	14002728	14002838	1	1	0	1	0	17
X	14122838	14122887	2	2	0	1	0	12
X	14215683	14215725	1	1	0	1	0	13
X	14218685	14218841	1	1	0	1	0	15
X	14286195	14286467	2	2	0	1	0	13
X	14424156	14424656	2	2	0	1	0	12
X	14666220	14666266	1	1	0	1	0	16
X	15332816	15333135	1	1	0	1	0	17
X	15495376	15495538	1	1	0	1	0	13
X	16143553	16144206	2	2	0	1	0	17
X	16387060	16387110	2	2	0	1	0	16
X	16446343	16447885	1	1	0	1	0	16
X	16786601	16787382	1	1	0	1	0	14
X	16809327	16809464	2	2	0	1	0	17
X	16867759	16868045	2	2	0	1	0	13
X	17214694	17214808	2	2	0	1	0	13
X	17399712	17400581	2	2	0	0	3	13
X	17421274	17421355	2	2	0	1	0	13
X	17456196	17456249	2	2	0	1	0	13
