I	15161	16472	1	1	0	1	0	12
I	100339	100394	2	2	0	1	0	13
I	109447	109491	2	2	0	2	0	15
I	111261	111509	1	1	0	2	0	15
I	111708	111754	1	1	0	5	0	14
I	111972	112018	1	1	0	1	0	18
I	132694	133413	1	1	0	1	0	15
I	146749	146792	2	2	0	1	0	16
I	347707	347761	1	1	0	1	0	18
I	365597	365643	1	1	0	1	0	13
I	386337	388045	1	1	0	1	0	15
I	391807	392157	2	2	0	1	0	14
I	534570	534617	1	1	0	1	0	16
I	535850	535898	1	1	0	1	0	15
I	536307	536355	1	1	0	2	0	17
I	1016525	1016931	1	1	0	1	0	13
I	1046579	1047955	1	1	0	1	0	14
I	1157096	1157273	1	1	0	4	0	15
I	1340926	1340975	1	1	0	3	0	16
I	1341637	1342171	2	2	0	1	0	13
I	1443777	1443825	2	2	0	1	0	16
I	1833172	1833218	1	1	0	1	0	14
I	1835045	1835091	1	1	0	6	0	17
I	1835230	1835277	1	1	0	3	0	18
I	1865845	1869150	2	2	0	1	0	13
I	1911945	1913435	2	2	0	1	0	16
I	2037328	2037396	2	4	0	0	1	17
I	2037725	2037769	2	2	0	0	1	14
I	2069294	2069342	2	2	0	1	0	12
I	2069838	2070051	2	2	0	3	0	16
I	2070208	2070439	2	2	0	2	0	15
I	2128774	2134786	1	1	0	1	0	14
I	2192906	2195398	1	1	0	1	0	15
I	2303114	2303159	2	2	0	1	0	15
I	2304200	2304247	2	2	0	1	0	14
I	2397936	2399181	2	2	0	1	0	13
I	2418849	2419570	2	2	0	1	0	15
I	2487242	2488211	1	1	0	1	0	13
I	2488567	2489440	1	1	0	1	0	18
I	2622015	2622317	1	1	0	1	0	12
I	2687120	2687689	2	2	0	2	0	12
I	2733434	2735136	1	1	0	1	0	16
I	2875972	2876144	2	2	0	3	0	17
I	2881025	2882027	2	2	0	1	0	15
I	2900704	2900755	2	2	0	1	0	13
I	2902462	2902663	1	1	0	1	0	12
I	2912224	2913774	2	2	0	0	1	17
I	2930367	2931222	1	1	0	1	0	12
I	3018600	3019562	1	1	0	1	0	16
I	3028719	3030007	2	2	0	1	0	16
I	3053703	3055313	2	2	0	1	0	12
I	3160114	3160154	2	2	0	1	0	16
I	3196213	3196258	2	2	0	1	0	17
I	3369868	3370683	1	1	0	1	0	16
I	3503008	3504057	1	1	0	1	0	15
I	3603755	3604123	1	1	0	1	0	16
I	3608570	3608615	1	1	0	1	0	15
I	3617409	3618029	1	1	0	1	0	14
I	3683983	3684029	2	2	0	1	0	13
I	3697305	3697351	2	2	0	1	0	13
I	3782186	3782233	1	1	0	1	0	17
I	3788209	3788252	1	1	0	3	0	18
I	3788419	3788468	1	1	0	1	0	12
I	3788556	3788658	1	1	0	4	0	16
I	3789763	3789807	2	2	0	1	0	16
I	3901227	3901274	2	2	0	1	0	15
I	3938362	3938404	2	2	0	1	0	17
I	3985535	3985604	1	1	0	1	0	16
I	3986158	3986210	1	1	0	1	0	16
I	3988029	3988075	1	1	0	1	0	17
I	3988467	3988518	1	1	0	2	0	12
I	4115759	4115802	1	1	0	2	0	12
I	4138111	4138363	2	2	0	1	0	15
I	4163681	4164149	1	1	0	1	0	13
I	4169175	4169250	2	2	0	1	0	13
I	4177592	4177654	2	2	0	1	0	14
I	4305557	4305603	1	1	0	1	0	18
I	4357755	4357799	1	1	0	1	0	18
I	4384766	4384811	1	1	0	1	0	14
I	4401564	4401614	1	1	0	1	0	12
I	4450417	4450477	2	2	0	1	0	13
I	4513058	4513104	2	2	0	1	0	15
I	4561853	4561894	1	1	0	1	0	15
I	4584061	4584108	2	2	0	2	0	16
I	4584296	4584347	2	2	0	3	0	14
I	4585222	4585442	1	1	0	2	0	15
I	4585545	4585589	1	1	0	3	0	14
I	4585800	4586051	1	1	0	1	0	18
I	4646232	4646280	2	2	0	4	0	15
I	4646704	4646785	2	2	0	4	0	16
I	4649326	4649610	2	2	0	1	0	17
I	4653543	4653597	1	1	0	1	0	15
I	4789278	4789349	1	1	0	0	4	17
I	4789278	4790412	1	1	0	0	5	17
I	4790342	4790412	1	1	0	2	5	17
I	4805708	4805754	1	1	0	2	0	15
I	4834035	4834081	1	1	0	1	0	13
I	4951120	4951168	2	2	0	1	0	12
I	4966906	4966950	2	2	0	1	1	13
I	5019171	5019220	2	2	0	2	0	17
I	5019377	5019783	2	2	0	2	0	18
I	5019891	5019940	2	2	0	2	0	12
I	5105627	5105672	2	2	0	2	0	15
I	5124753	5124800	2	2	0	1	0	13
I	5131598	5131903	1	1	0	1	0	12
I	5132030	5132083	1	1	0	1	0	13
I	5171973	5172022	2	2	0	2	0	15
I	5172274	5172322	2	2	0	1	0	13
I	5206345	5206392	2	2	0	1	0	16
I	5255232	5255277	1	1	0	1	0	16
I	5269901	5269952	2	2	0	1	0	16
I	5274127	5274172	2	2	0	1	0	12
I	5277969	5278010	2	2	0	1	0	14
I	5406647	5406696	2	2	0	1	0	12
I	5413923	5414019	2	2	0	1	0	15
I	5419760	5419804	2	2	0	1	0	13
I	5474532	5474581	2	2	0	1	0	14
I	5480341	5480719	2	2	0	1	0	18
I	5483512	5483558	2	2	0	1	0	13
I	5484960	5485051	2	2	0	4	0	15
I	5485303	5485380	2	2	0	4	0	17
I	5485592	5485707	2	2	0	5	0	16
I	5507889	5507935	2	2	0	1	0	15
I	5569200	5569704	2	2	0	1	0	16
I	5572326	5572371	2	2	0	1	0	18
I	5610060	5610107	2	2	0	1	0	15
I	5618038	5618085	2	2	0	1	0	16
I	5620079	5620125	1	1	0	2	0	15
I	5651721	5651767	2	2	0	1	0	13
I	5696556	5696624	1	1	0	1	0	15
I	5761805	5761954	2	2	0	1	0	16
I	5864468	5864511	2	2	0	1	0	16
I	5989156	5989196	1	1	0	1	0	13
I	6065881	6065994	2	2	0	1	0	12
I	6071967	6072350	2	2	0	1	0	16
I	6110544	6110586	1	1	0	1	0	13
I	6178566	6178666	2	2	0	1	0	15
I	6178879	6178921	2	2	0	1	0	13
I	6181699	6182693	2	2	0	1	0	16
I	6185686	6185732	1	1	0	1	0	13
I	6188544	6188593	1	1	0	1	0	17
I	6207500	6207613	2	2	0	1	0	13
I	6220206	6220367	2	2	0	3	0	18
I	6220549	6220595	2	2	0	1	0	16
I	6289480	6290315	1	1	0	1	0	16
I	6316197	6316240	1	1	0	1	0	18
I	6316819	6316864	1	1	0	3	0	18
I	6344431	6344476	1	1	0	1	0	17
I	6383644	6383742	1	1	0	1	0	15
I	6453419	6453466	1	1	0	2	0	18
I	6464619	6464673	2	2	0	1	0	17
I	6470067	6470113	2	2	0	1	0	15
I	6470607	6470652	2	2	0	1	0	18
I	6498526	6498574	1	1	0	1	0	14
I	6498672	6498716	1	1	0	1	0	16
I	6514957	6515001	1	1	0	1	0	15
I	6551670	6551715	2	2	0	1	0	15
I	6553051	6553315	2	2	0	1	0	12
I	6625978	6626023	2	2	0	2	0	14
I	6723667	6723735	1	3	0	0	1	17
I	6740389	6740851	1	1	0	1	0	12
I	6789233	6789437	2	4	0	2	0	18
I	6789609	6789654	2	2	0	2	0	14
I	6819440	6832584	1	1	0	1	0	16
I	6837531	6837598	1	1	0	1	0	15
I	6868844	6869549	1	1	0	1	0	14
I	6990514	6990610	1	1	0	1	0	12
I	7016431	7016792	2	2	0	1	0	17
I	7017745	7017790	2	2	0	1	0	14
I	7058337	7058383	1	1	0	1	0	13
I	7068585	7068931	2	2	0	1	0	15
I	7074939	7079959	1	1	0	0	1	14
I	7088745	7088789	2	2	0	1	0	13
I	7150932	7150977	2	2	0	1	0	14
I	7220789	7220862	1	1	0	1	0	14
I	7235573	7235618	1	1	0	1	0	18
I	7253783	7253827	1	1	0	1	0	18
I	7281968	7282085	2	2	0	1	0	13
I	7346499	7346660	2	2	0	1	0	18
I	7457832	7457876	2	2	0	1	0	17
I	7492547	7492596	1	1	0	1	0	17
I	7638113	7638159	2	2	0	1	0	17
I	7642492	7642594	2	2	0	1	0	12
I	7657717	7657929	2	2	0	1	0	15
I	7677000	7677044	1	1	0	1	0	15
I	7693523	7693567	1	1	0	1	0	13
I	7695885	7695935	1	1	0	2	0	17
I	7696492	7696536	1	1	0	2	0	16
I	7696654	7696692	1	1	0	1	0	14
I	7696846	7696890	1	1	0	1	0	16
I	7699907	7699953	1	1	0	2	0	16
I	7727666	7727711	1	1	0	1	0	12
I	7825198	7825636	1	1	0	1	0	13
I	7833094	7833138	2	2	0	1	0	12
I	7859109	7859193	2	2	0	1	0	14
I	7866589	7869966	1	1	0	1	0	12
I	7871485	7871532	1	1	0	2	0	16
I	7942957	7943525	1	1	0	1	0	14
I	7943648	7943699	1	1	0	1	0	14
I	7985587	7985640	1	1	0	1	0	15
I	8027549	8027597	2	2	0	1	0	15
I	8031900	8031997	1	1	0	1	0	13
I	8050585	8050633	1	1	0	1	0	15
I	8213276	8214065	2	2	0	1	0	16
I	8216388	8216462	1	1	0	1	0	17
I	8218167	8218209	2	2	0	1	0	14
I	8254008	8254054	2	2	0	1	0	13
I	8290074	8290240	2	2	0	1	0	16
I	8292359	8292582	2	2	0	1	0	18
I	8292913	8292964	2	2	0	1	0	12
I	8329453	8329499	2	2	0	4	0	13
I	8414062	8414523	1	1	0	1	0	17
I	8437997	8438120	2	2	0	1	0	12
I	8488865	8488916	1	1	0	1	0	12
I	8597533	8597579	1	1	0	1	0	15
I	8636876	8637003	2	2	0	1	0	12
I	8681091	8681138	2	2	0	1	0	16
I	8696058	8696108	2	2	0	1	0	15
I	8740429	8740558	1	1	0	1	0	14
I	8763154	8763242	1	1	0	1	0	12
I	8807873	8807930	2	2	0	1	0	14
I	8815726	8815780	2	2	0	3	0	17
I	8816004	8816078	2	2	0	3	0	16
I	8820378	8820443	1	1	0	1	0	15
I	8830001	8830056	2	2	0	1	0	17
I	8846640	8847349	2	2	0	1	0	15
I	8910155	8910197	2	2	0	1	0	14
I	8967954	8968084	2	2	0	1	0	12
I	8971629	8971673	1	1	0	1	0	15
I	8976050	8976127	2	2	0	1	0	15
I	9008466	9008510	2	2	0	1	0	14
I	9041830	9041902	1	1	0	1	0	14
I	9126855	9126906	2	2	0	1	0	13
I	9136714	9136762	2	2	0	1	0	17
I	9143094	9143207	2	2	0	1	0	15
I	9164164	9164209	1	1	0	2	0	17
I	9164565	9164612	1	1	0	1	0	14
I	9168490	9171476	1	1	0	1	0	15
I	9246365	9246755	2	2	0	1	0	16
I	9288265	9288310	1	1	0	1	0	14
I	9314282	9314331	2	2	0	1	0	13
I	9421848	9421899	2	2	0	1	0	13
I	9423413	9423552	1	1	0	1	0	15
I	9489236	9489474	1	1	0	1	0	13
I	9586362	9586410	1	1	0	1	0	13
I	9586533	9586578	1	1	0	2	0	14
I	9586946	9586996	1	1	0	2	0	17
I	9617911	9617957	2	2	0	1	0	14
I	9620508	9620554	1	1	0	1	0	15
I	9625167	9625367	2	2	0	6	0	16
I	9625538	9625580	2	2	0	6	0	14
I	9630229	9630274	1	1	0	1	0	15
I	9689848	9689938	1	1	0	8	0	16
I	9710211	9710279	2	2	0	1	0	13
I	9786449	9786493	2	2	0	1	0	18
I	9789600	9789650	1	1	0	2	0	16
I	9871326	9871911	1	1	0	1	0	12
I	9954994	9955381	2	2	0	1	0	12
I	10083154	10083197	1	1	0	1	0	16
I	10229365	10229632	2	2	0	1	0	15
I	10331036	10331110	1	1	0	3	0	15
I	10331252	10331299	1	1	0	3	0	15
I	10331477	10331578	1	1	0	4	0	14
I	10411951	10412332	1	1	0	1	0	16
I	10433709	10433756	2	2	0	2	0	15
I	10434042	10434087	2	2	0	1	0	13
I	10436288	10436467	1	1	0	3	0	18
I	10436617	10436669	1	1	0	2	0	16
I	10444999	10445217	2	2	0	1	0	18
I	10448540	10448960	1	1	0	1	0	14
I	10475755	10475802	2	2	0	1	0	18
I	10475898	10475940	2	2	0	1	0	13
I	10518545	10518595	1	1	0	1	0	13
I	10519518	10519905	1	1	0	1	0	12
I	10553509	10553566	2	2	0	4	0	17
I	10563068	10563110	1	1	0	1	0	16
I	10568079	10568124	1	1	0	3	0	16
I	10568451	10568495	1	1	0	3	0	14
I	10686424	10686468	2	2	0	1	0	13
I	10737896	10737940	1	1	0	1	0	12
I	10944292	10944578	1	1	0	1	0	13
I	10968727	10968772	2	2	0	1	0	16
I	11248485	11248533	1	1	0	1	0	17
I	11376696	11377535	1	1	0	1	0	14
I	11394879	11394926	2	2	0	1	0	17
I	11440233	11440280	1	1	0	0	1	17
I	11909732	11909949	2	2	0	1	0	15
I	11910578	11910662	2	2	0	5	0	17
I	11910742	11910934	2	2	0	5	0	18
I	11914860	11915841	2	2	0	1	0	12
I	11930835	11931333	1	1	0	1	0	15
I	12004243	12004307	2	2	0	1	0	15
I	12061730	12061775	2	2	0	1	0	12
I	12062219	12062765	2	2	0	1	0	17
I	12490394	12490609	1	1	0	1	0	15
I	12492455	12492726	1	1	0	1	0	12
I	12504691	12504735	1	1	0	1	0	15
I	12530328	12530907	2	2	0	1	0	13
I	12647750	12648607	2	2	0	1	0	12
I	12652435	12652617	1	1	0	1	0	18
I	12652747	12652799	1	1	0	1	0	12
I	12654087	12654144	1	1	0	2	0	13
I	12741656	12741709	1	1	0	1	0	13
I	12781285	12781536	1	1	0	1	0	18
I	12904962	12905013	1	1	0	1	0	16
I	12905458	12905504	1	1	0	1	0	16
I	12964947	12964999	2	2	0	2	0	13
I	12983710	12983776	1	1	0	1	0	16
I	13156976	13157029	2	2	0	1	0	13
I	13285564	13286104	2	2	0	1	0	16
I	13388121	13388926	1	1	0	1	0	12
I	13488422	13488490	2	4	0	0	1	17
I	13579354	13580317	1	1	0	2	0	17
I	13604397	13604673	2	2	0	1	0	15
I	13609356	13616279	2	2	0	1	0	12
I	13757269	13758118	1	1	0	1	0	17
I	13855331	13856534	1	1	0	2	0	12
I	13952316	13952487	1	1	0	1	0	15
I	13952849	13952903	1	1	0	2	0	12
I	14176967	14177013	2	2	0	1	0	18
I	14368861	14369531	2	2	0	1	0	14
I	14406105	14406166	1	1	0	1	0	15
I	14437230	14438510	2	2	0	1	0	12
I	14468593	14468649	2	2	0	2	0	16
I	14468790	14468842	2	2	0	2	0	12
I	14468940	14469014	2	2	0	1	0	16
I	14478559	14480819	2	2	0	1	0	15
I	14622898	14623009	2	2	0	2	0	13
I	14623149	14623827	2	2	0	3	0	17
I	14624920	14629884	2	2	0	1	0	13
I	14703458	14704709	2	2	0	1	0	18
I	14757732	14757779	1	1	0	1	0	14
I	14758222	14758271	1	1	0	2	0	15
I	14760117	14760373	1	1	0	2	0	15
I	14779370	14779855	2	2	0	1	0	15
I	14822176	14822228	1	1	0	1	0	13
I	14856668	14856715	2	2	0	1	0	14
I	15001072	15001115	1	1	0	1	0	16
I	15040042	15040274	1	1	0	1	0	17
I	15041017	15041065	2	2	0	2	0	13
I	15045586	15045672	2	2	0	1	0	13
I	15053439	15053489	1	1	0	1	0	12
II	45379	46113	1	1	0	1	0	13
II	57279	57337	1	1	0	1	0	17
II	96397	96754	2	2	0	1	0	13
II	148399	148827	1	1	0	1	0	18
II	220148	220303	2	2	0	1	0	14
II	290741	290933	1	1	0	1	0	17
II	344361	344929	2	2	0	1	0	14
II	462204	462573	2	2	0	1	0	16
II	472275	473014	2	2	0	1	0	15
II	526714	527519	1	1	0	1	0	17
II	528052	528705	1	1	0	1	0	16
II	556641	557023	1	1	0	1	0	12
II	580940	580991	1	1	0	1	0	13
II	847852	847898	2	2	0	1	0	17
II	1006181	1006231	2	2	0	0	1	13
II	1006181	1012059	2	2	0	0	1	13
II	1006181	1017877	2	2	0	0	1	13
II	1012009	1012059	2	2	0	0	1	13
II	1012009	1017877	2	2	0	0	1	13
II	1017827	1017877	2	2	0	0	1	13
II	1152203	1152320	1	1	0	1	0	15
II	1320086	1320128	1	1	0	1	0	13
II	1321212	1321332	1	1	0	2	0	15
II	1321447	1321493	1	1	0	2	0	14
II	1322163	1322213	1	1	0	1	0	17
II	2233648	2233701	1	1	0	1	0	14
II	2233812	2235462	1	1	0	1	0	16
II	2792101	2792755	1	1	0	1	0	17
II	2888722	2888829	2	2	0	1	0	15
II	2918801	2918870	2	2	0	1	0	13
II	3001141	3001523	1	1	0	1	0	12
II	3062975	3063833	2	2	0	1	0	14
II	3245268	3245523	2	2	0	1	0	16
II	3680289	3680343	2	2	0	1	0	15
II	4187124	4187467	1	1	0	1	0	12
II	4420676	4420737	1	1	0	1	0	15
II	4432101	4432399	1	1	0	1	0	12
II	4458731	4458787	2	2	0	1	0	12
II	4524304	4524358	1	1	0	1	0	15
II	4696910	4696976	2	2	0	1	0	15
II	4697154	4697200	2	2	0	1	0	16
II	4706143	4706185	2	2	0	1	0	13
II	4738850	4739183	1	1	0	1	0	13
II	4740765	4740812	1	1	0	1	0	15
II	4753704	4753749	1	1	0	1	0	15
II	4914920	4914966	2	2	0	1	0	16
II	5055988	5056033	1	1	0	1	0	18
II	5233821	5233887	2	2	0	1	0	12
II	5234518	5234565	2	2	0	2	0	17
II	5237689	5237742	2	2	0	1	0	13
II	5347983	5348051	2	4	0	0	1	17
II	5348380	5348424	2	2	0	0	1	14
II	5359672	5359728	1	1	0	1	0	15
II	5379218	5379281	1	1	0	2	0	17
II	5394188	5394234	2	2	0	1	0	14
II	5587015	5587210	1	1	0	1	0	15
II	5590985	5591574	2	2	0	2	0	15
II	5593016	5593064	2	2	0	1	0	16
II	5821207	5821252	1	1	0	1	0	17
II	6048340	6048388	1	1	0	1	0	14
II	6096078	6096124	2	2	0	1	0	12
II	6199248	6199292	1	1	0	1	0	13
II	6365913	6365981	1	1	0	1	0	16
II	6383773	6383818	1	1	0	1	0	14
II	6518641	6518688	2	2	0	1	0	12
II	6588026	6588074	2	2	0	2	0	15
II	6588522	6588565	2	2	0	1	0	15
II	6700909	6700961	2	2	0	1	0	12
II	6742647	6742696	1	1	0	1	0	17
II	6871541	6871624	2	2	0	2	0	15
II	6889614	6889659	2	2	0	2	0	16
II	6899851	6900218	1	1	0	1	0	12
II	6902185	6902242	1	1	0	1	0	13
II	6971004	6971057	2	2	0	1	0	13
II	6973375	6973417	2	2	0	1	0	13
II	7011570	7011953	2	2	0	1	0	17
II	7029042	7029084	1	1	0	1	0	13
II	7056798	7057198	2	2	0	1	0	17
II	7066447	7066491	1	1	0	0	1	13
II	7078921	7081304	2	2	0	0	1	13
II	7105619	7105842	1	1	0	6	0	14
II	7106188	7106233	1	1	0	3	0	15
II	7131626	7131674	2	2	0	1	0	17
II	7134307	7134354	1	1	0	1	0	14
II	7134936	7134979	1	1	0	1	0	13
II	7197140	7197202	1	1	0	1	0	15
II	7234843	7234883	1	1	0	1	0	13
II	7291011	7291473	1	1	0	1	0	16
II	7303958	7304003	1	1	0	1	0	13
II	7373691	7373744	2	2	0	1	0	18
II	7374582	7374644	1	1	0	1	0	13
II	7456965	7457067	2	2	0	1	0	12
II	7542259	7542376	1	1	0	1	0	18
II	7597835	7597882	2	2	0	1	0	16
II	7605809	7605856	1	1	0	1	0	17
II	7663590	7663636	2	2	0	1	0	12
II	7702756	7702799	2	2	0	1	0	12
II	7853499	7853543	2	2	0	1	0	15
II	7865776	7865824	1	1	0	1	0	13
II	7878704	7878838	2	2	0	1	0	13
II	7882122	7882169	1	1	0	1	0	12
II	8112844	8112893	2	2	0	1	0	15
II	8130157	8130205	1	1	0	1	0	16
II	8136441	8136490	2	2	0	1	0	17
II	8136683	8136773	2	2	0	1	0	17
II	8138583	8138630	1	1	0	1	0	12
II	8144130	8144177	1	1	0	1	0	12
II	8144361	8144406	1	1	0	6	0	14
II	8226439	8226947	1	1	0	1	0	17
II	8327115	8327160	2	2	0	1	0	12
II	8403235	8403279	2	2	0	1	0	18
II	8427876	8427925	2	2	0	1	0	13
II	8442900	8443020	1	1	0	1	0	14
II	8468416	8468462	1	1	0	1	0	15
II	8524077	8524135	2	2	0	1	0	16
II	8525962	8526060	1	1	0	2	0	13
II	8570122	8570173	1	1	0	5	0	17
II	8570357	8570401	1	1	0	3	0	15
II	8570741	8570788	1	1	0	3	0	15
II	8602942	8603114	1	1	0	1	0	18
II	8656895	8656939	1	1	0	1	0	14
II	8700699	8700749	2	2	0	1	0	17
II	8714535	8714579	2	2	0	1	0	17
II	8785317	8785362	1	1	0	1	0	15
II	8789461	8789562	1	1	0	1	0	17
II	8809025	8809221	2	2	0	1	0	13
II	8889198	8889241	1	1	0	1	0	13
II	8903720	8903843	1	1	0	1	0	17
II	8929265	8929310	1	1	0	2	0	15
II	8932192	8932347	1	1	0	1	0	14
II	8934591	8934637	1	1	0	1	0	12
II	8940193	8940235	2	2	0	1	0	17
II	8964707	8964758	2	2	0	1	0	13
II	8970958	8971067	1	1	0	1	0	13
II	9056693	9056742	2	2	0	1	0	16
II	9131066	9131730	1	1	0	1	0	12
II	9168954	9169005	2	2	0	1	0	16
II	9244106	9244152	1	1	0	1	0	12
II	9286925	9287041	1	1	0	1	0	18
II	9332759	9332812	1	1	0	2	0	18
II	9351815	9351865	2	2	0	1	0	17
II	9416274	9416325	2	2	0	1	0	13
II	9525031	9525072	1	1	0	1	0	17
II	9685854	9685897	2	2	0	1	0	12
II	9740464	9741773	2	2	0	1	0	17
II	9932864	9933149	1	1	0	1	0	15
II	9934298	9934343	1	1	0	1	0	16
II	9939418	9939465	1	1	0	1	0	15
II	9967578	9967623	2	2	0	2	0	13
II	10034154	10034222	1	3	0	0	1	17
II	10197973	10198024	1	1	0	1	0	13
II	10265680	10265735	1	1	0	1	0	17
II	10303256	10303301	2	2	0	1	0	16
II	10560469	10560517	2	2	0	1	0	14
II	10562915	10563192	2	2	0	1	0	12
II	10575664	10575711	2	2	0	0	1	18
II	10658379	10658458	2	2	0	2	0	18
II	10705063	10705129	1	1	0	1	0	13
II	10814317	10814951	2	2	0	1	0	17
II	10864297	10864347	2	2	0	1	0	15
II	10865949	10866090	2	2	0	1	0	18
II	10870065	10870109	1	1	0	1	0	17
II	10883372	10883422	2	2	0	1	0	12
II	10930749	10930796	1	1	0	1	0	14
II	11013253	11013306	2	2	0	2	0	12
II	11040747	11041112	2	2	0	1	0	16
II	11096678	11096889	2	2	0	6	0	17
II	11097035	11097087	2	2	0	1	0	15
II	11098103	11098170	1	1	0	1	0	15
II	11107792	11107849	1	1	0	1	0	17
II	11125627	11125901	2	2	0	4	0	17
II	11126228	11126275	2	2	0	1	0	14
II	11235863	11235914	2	2	0	1	0	13
II	11239794	11239842	1	1	0	1	0	14
II	11261089	11261142	2	2	0	1	0	12
II	11298216	11298256	1	1	0	1	0	12
II	11442825	11442873	1	1	0	2	0	15
II	11454514	11455024	1	1	0	2	0	14
II	11461766	11461902	2	2	0	1	0	15
II	11465552	11465604	1	1	0	1	0	17
II	11523589	11523639	2	2	0	1	0	14
II	11542081	11542130	2	2	0	1	0	17
II	11570416	11570722	1	1	0	1	0	18
II	11597222	11597277	2	2	0	1	0	12
II	11606312	11606857	1	1	0	1	0	14
II	11625274	11625320	2	2	0	1	0	13
II	11698297	11700598	1	1	0	1	0	16
II	11701838	11702582	1	1	0	1	0	17
II	11712684	11712985	1	1	0	1	0	16
II	11774352	11774400	2	2	0	1	0	12
II	11775661	11775711	2	2	0	1	0	17
II	11821823	11821993	2	2	0	1	0	12
II	11822543	11822876	2	2	0	1	0	15
II	11871001	11871063	2	2	0	1	0	14
II	11876427	11876771	1	1	0	1	0	16
II	11879705	11879752	1	1	0	1	0	12
II	11966594	11966639	2	2	0	1	0	14
II	11967335	11967382	2	2	0	1	0	15
II	12058715	12059558	1	1	0	1	0	16
II	12072791	12073632	2	2	0	1	0	18
II	12178797	12179687	2	2	0	1	0	14
II	12209840	12210812	2	2	0	1	0	14
II	12229936	12231292	1	1	0	1	0	13
II	12729631	12729830	2	2	0	1	0	13
II	12795452	12795996	2	2	0	1	0	13
II	12896188	12896519	1	1	0	1	0	13
II	12896717	12896764	1	1	0	2	0	17
II	12922073	12922115	1	1	0	0	1	18
II	12996197	12996247	2	2	0	1	0	17
II	13198610	13199241	1	1	0	1	0	15
II	13237713	13237843	2	2	0	1	0	16
II	13399908	13401580	1	1	0	1	0	18
II	13493495	13494261	2	2	0	1	0	15
II	13494452	13494520	2	2	0	2	0	17
II	13510621	13510676	1	1	0	1	0	14
II	13514533	13514979	1	1	0	1	0	16
II	13632797	13633619	1	1	0	1	0	18
II	13686115	13687922	2	2	0	1	0	12
II	14253969	14255151	1	1	0	1	0	18
II	14278776	14280616	1	1	0	1	0	12
II	14343832	14344280	2	2	0	1	0	12
II	14389857	14389911	2	2	0	1	0	17
II	14405891	14406374	1	1	0	1	0	16
II	14522936	14522984	2	2	0	1	0	14
II	14527432	14527694	2	2	0	1	0	14
II	14558704	14559351	2	2	0	1	0	16
II	14796152	14796204	1	1	0	1	0	17
II	14815742	14816041	1	1	0	1	2	15
III	88006	88047	1	1	0	1	0	16
III	472614	472662	1	1	0	1	0	17
III	653837	654203	1	1	0	1	0	18
III	743183	746451	2	2	0	1	0	17
III	794371	794569	1	1	0	1	0	12
III	880710	880773	1	1	0	1	0	12
III	910463	910506	2	2	0	1	0	16
III	911794	911845	1	1	0	1	0	16
III	1003704	1003766	1	1	0	1	0	14
III	1419262	1419330	1	1	0	3	0	13
III	1441837	1441891	1	1	0	1	0	18
III	1618844	1618895	2	2	0	1	0	14
III	1905222	1905293	2	2	0	1	0	12
III	1950772	1951072	1	1	0	1	0	17
III	2350452	2352181	1	1	0	1	0	17
III	2407524	2408879	2	2	0	1	0	14
III	2620610	2621973	1	1	0	1	0	14
III	3068468	3068573	1	1	0	2	0	17
III	3068744	3068972	1	1	0	1	0	14
III	3070831	3070896	1	1	0	1	0	12
III	3448800	3448868	2	4	0	0	1	17
III	3449197	3449241	2	2	0	0	1	14
III	3461781	3462301	1	1	0	1	0	14
III	3503086	3503132	2	2	0	2	0	12
III	3503286	3503337	2	2	0	7	0	17
III	3650200	3650246	2	2	0	1	0	14
III	3868228	3868444	1	1	0	5	0	17
III	3868581	3868628	1	1	0	1	0	14
III	4016789	4016865	2	2	0	2	0	18
III	4085542	4085591	2	2	0	1	0	12
III	4171522	4171646	1	1	0	1	0	14
III	4175738	4175782	2	2	0	1	0	16
III	4267216	4267265	2	2	0	1	0	12
III	4290493	4290537	2	2	0	1	0	17
III	4432902	4433005	2	2	0	0	1	18
III	4432902	4438204	2	2	0	0	1	18
III	4438101	4438204	2	2	0	0	1	18
III	4472760	4472804	2	2	0	1	0	15
III	4476070	4476114	1	1	0	2	0	15
III	4476511	4476559	1	1	0	2	0	17
III	4490411	4490456	1	1	0	3	0	15
III	4492760	4492809	2	2	0	1	0	16
III	4500422	4500466	2	2	0	1	0	13
III	4501269	4501316	2	2	0	1	0	13
III	4541716	4541795	2	2	0	1	0	14
III	4569405	4569453	1	1	0	1	0	18
III	4570217	4570261	1	1	0	1	0	12
III	4582134	4582215	1	1	0	1	0	12
III	4594865	4594985	2	2	0	2	0	17
III	4598595	4598643	2	2	0	1	0	14
III	4651214	4651764	1	1	0	1	0	17
III	4705035	4705091	1	1	0	1	0	17
III	4738701	4739277	2	2	0	1	0	13
III	4753383	4753429	2	2	0	6	0	17
III	4753532	4753578	2	2	0	2	0	12
III	4753842	4753913	2	2	0	1	0	16
III	4853309	4853358	1	1	0	2	0	13
III	4854530	4854577	1	1	0	1	0	16
III	4866651	4866696	1	1	0	1	0	16
III	4901359	4901404	1	1	0	1	0	15
III	4902458	4902504	1	1	0	1	0	15
III	4913130	4913180	1	1	0	1	0	18
III	4914752	4914796	2	2	0	1	0	15
III	4915491	4915692	2	2	0	1	0	18
III	4917011	4917056	2	2	0	1	0	12
III	4938214	4938265	1	1	0	1	0	14
III	4941690	4941762	1	1	0	1	0	15
III	4945610	4946101	1	1	0	1	0	13
III	5002232	5002278	2	2	0	1	0	17
III	5005967	5006019	2	2	0	1	0	15
III	5077859	5078570	1	1	0	1	0	14
III	5078944	5079284	1	1	0	1	0	13
III	5153049	5153098	2	2	0	1	0	13
III	5170560	5170608	2	2	0	1	0	12
III	5186922	5186982	1	1	0	1	0	13
III	5192541	5192857	1	1	0	1	0	16
III	5228649	5228697	1	1	0	2	0	14
III	5230087	5230134	1	1	0	1	0	17
III	5230875	5230923	1	1	0	1	0	12
III	5267950	5268349	1	1	0	1	0	13
III	5274504	5274637	2	2	0	1	0	15
III	5275735	5275815	1	1	0	1	0	15
III	5349019	5349067	2	2	0	1	0	12
III	5451250	5451300	1	1	0	1	0	14
III	5452426	5452478	1	1	0	1	0	16
III	5482396	5482536	2	2	0	1	0	17
III	5565533	5566673	1	1	0	1	0	18
III	5588230	5588277	1	1	0	1	0	15
III	5592746	5592794	1	1	0	2	0	14
III	5594001	5594066	1	1	0	1	0	14
III	5598942	5599322	2	2	0	1	0	16
III	5671848	5672220	1	1	0	1	0	14
III	5679714	5679880	1	1	0	3	0	15
III	5692399	5692444	2	2	0	1	0	16
III	5697291	5697339	2	2	0	1	0	17
III	5705801	5705896	2	2	0	2	0	17
III	5713879	5713931	1	1	0	1	0	16
III	5716756	5716840	1	1	0	3	0	13
III	5804651	5804697	1	1	0	1	0	16
III	5832785	5832834	2	2	0	1	0	16
III	5857923	5857970	1	1	0	1	0	15
III	5871044	5871091	2	2	0	1	0	15
III	5878865	5878935	1	1	0	1	0	16
III	5907250	5907293	1	1	0	1	0	12
III	5914212	5914346	1	1	0	1	0	12
III	5941864	5941916	1	1	0	0	1	18
III	5941864	5943382	1	1	0	0	1	18
III	5942460	5942963	1	1	0	0	1	17
III	5942460	5943191	1	1	0	0	1	17
III	5950210	5952040	1	1	0	1	0	12
III	5961595	5961641	1	1	0	1	0	17
III	6013933	6013982	2	2	0	1	0	17
III	6018264	6018308	2	2	0	1	0	14
III	6024159	6024207	1	1	0	1	0	13
III	6172498	6172547	2	2	0	1	0	13
III	6207134	6207178	1	1	0	2	0	12
III	6207561	6207730	1	1	0	3	0	17
III	6358091	6358557	1	1	0	1	0	12
III	6358683	6363685	1	1	0	2	0	17
III	6365172	6365257	1	1	0	1	0	13
III	6374354	6374575	2	2	0	4	0	18
III	6394558	6394606	2	2	0	1	0	18
III	6395358	6395438	2	2	0	1	0	15
III	6430525	6430571	2	2	0	1	0	15
III	6449533	6449578	2	2	0	1	0	16
III	6460362	6460474	1	1	0	1	0	14
III	6463393	6463672	2	2	0	1	0	15
III	6490688	6490773	1	1	0	1	0	17
III	6619624	6619672	1	1	0	1	0	12
III	6904323	6904377	1	1	0	1	0	17
III	6931026	6931077	1	1	0	2	0	17
III	6933016	6933066	1	1	0	2	0	17
III	6962406	6962449	1	1	0	1	0	13
III	6970397	6970445	2	2	0	3	0	15
III	6971267	6971314	2	2	0	5	0	15
III	6971484	6971536	2	2	0	9	0	17
III	6973482	6973528	1	1	0	1	0	14
III	7019690	7019738	2	2	0	4	0	13
III	7020119	7020166	2	2	0	1	0	15
III	7025024	7025070	2	2	0	1	0	14
III	7072969	7073018	2	2	0	2	0	13
III	7086044	7086098	2	2	0	1	0	17
III	7102439	7102482	2	2	0	2	0	18
III	7102759	7102804	2	2	0	4	0	18
III	7103492	7103534	2	2	0	3	0	15
III	7122509	7122554	2	2	0	1	0	15
III	7179225	7179272	2	2	0	4	0	15
III	7179389	7179431	2	2	0	1	0	12
III	7180372	7180421	1	1	0	2	0	15
III	7181154	7181198	1	1	0	1	0	15
III	7189340	7189388	2	2	0	2	0	18
III	7189477	7189575	2	2	0	2	0	16
III	7208584	7208810	1	1	0	3	0	14
III	7208995	7209192	1	1	0	3	0	14
III	7212893	7213298	1	1	0	1	0	17
III	7239125	7239234	1	1	0	1	0	12
III	7289372	7289622	2	2	0	1	0	12
III	7385651	7385695	1	1	0	1	0	13
III	7496528	7496675	2	2	0	3	0	13
III	7497094	7497138	2	2	0	1	0	18
III	7497643	7497689	2	2	0	3	0	17
III	7501770	7501955	1	1	0	1	0	17
III	7572249	7572298	2	2	0	2	0	16
III	7707306	7707358	2	2	0	1	0	14
III	7762320	7762369	2	2	0	1	0	13
III	7765164	7765211	2	2	0	1	0	14
III	7972598	7972644	2	2	0	1	0	17
III	7973076	7973193	2	2	0	2	0	14
III	8049276	8049541	2	2	0	1	0	13
III	8086841	8086902	1	1	0	1	0	12
III	8129835	8129977	2	2	0	3	0	18
III	8130994	8132217	1	1	0	1	0	15
III	8140079	8140193	2	2	0	1	0	18
III	8157607	8158093	2	2	0	1	0	18
III	8162893	8162942	2	2	0	1	0	12
III	8192210	8192253	1	1	0	1	0	15
III	8270082	8270126	1	1	0	1	0	16
III	8319014	8319070	2	2	0	1	0	12
III	8331532	8331600	2	2	0	1	0	14
III	8342308	8342529	2	2	0	0	1	18
III	8342308	8350724	2	2	0	0	1	18
III	8350503	8350724	2	2	0	0	1	18
III	8357546	8357598	2	2	0	1	0	15
III	8357895	8357943	2	2	0	1	0	16
III	8364196	8364645	1	1	0	1	0	13
III	8374641	8374687	1	1	0	1	0	15
III	8378147	8378446	1	1	0	1	0	13
III	8399880	8399925	2	2	0	1	0	13
III	8400056	8400100	2	2	0	2	0	17
III	8444396	8444442	2	2	0	1	0	14
III	8553404	8553507	1	1	0	1	0	13
III	8606125	8606177	1	1	0	1	0	13
III	8725754	8725806	2	2	0	1	0	12
III	8741118	8741344	2	2	0	1	0	15
III	8753314	8753362	2	2	0	1	0	17
III	8776755	8777038	1	1	0	1	0	12
III	8887883	8887996	1	1	0	3	0	15
III	9004030	9004078	1	1	0	1	0	15
III	9005838	9005885	2	2	0	1	0	18
III	9059634	9059681	1	1	0	1	0	12
III	9080514	9080568	2	2	0	1	0	15
III	9082338	9082409	1	1	0	5	0	15
III	9226800	9227021	2	2	0	2	0	16
III	9233583	9234205	2	2	0	1	0	18
III	9331989	9332033	1	1	0	1	0	13
III	9337259	9337675	2	2	0	1	0	17
III	9406518	9406564	2	2	0	1	0	18
III	9461916	9461962	1	1	0	1	0	12
III	9466296	9466344	1	1	0	1	0	16
III	9504809	9504855	1	1	0	1	0	17
III	9544814	9553225	1	1	0	1	0	13
III	9554719	9554768	1	1	0	1	0	17
III	9558897	9558947	2	2	0	2	0	17
III	9559023	9559071	2	2	0	1	0	18
III	9630550	9630596	2	2	0	1	0	15
III	9630921	9630965	2	2	0	1	0	13
III	9746432	9746475	2	2	0	1	0	13
III	9752527	9752572	2	2	0	1	0	13
III	9758746	9758812	2	2	0	1	0	18
III	9759154	9759543	1	1	0	1	0	16
III	9759973	9760029	1	1	0	1	0	16
III	9779177	9779384	2	2	0	1	0	18
III	9782651	9782696	1	1	0	1	0	15
III	9816447	9816491	2	2	0	1	0	13
III	9825126	9825180	2	2	0	2	0	14
III	9830854	9830900	1	1	0	1	0	14
III	9866345	9866386	2	2	0	1	0	14
III	9947572	9947630	1	1	0	1	0	12
III	9962195	9962761	1	1	0	1	0	15
III	10046824	10047052	2	2	0	1	0	15
III	10052989	10053036	1	1	0	0	1	17
III	10176748	10176793	1	1	0	1	0	17
III	10215536	10215584	2	2	0	1	0	15
III	10248400	10248455	2	2	0	1	0	14
III	10334839	10334891	1	1	0	1	0	14
III	10338018	10339002	1	1	0	1	0	16
III	10399555	10400027	2	2	0	1	0	12
III	10506374	10506429	2	2	0	3	0	17
III	10675632	10676453	1	1	0	1	0	12
III	10724699	10725322	2	2	0	1	0	14
III	10739351	10739656	2	2	0	1	0	12
III	10746983	10747029	2	2	0	1	0	12
III	10747561	10747608	2	2	0	4	0	13
III	10748635	10748676	1	1	0	2	0	14
III	10755195	10755468	2	2	0	1	0	12
III	10840918	10841888	2	2	0	1	0	17
III	10948202	10949136	1	1	0	1	0	16
III	11063779	11063872	1	1	0	1	0	12
III	11173865	11174787	2	2	0	1	0	13
III	11373213	11373360	2	2	0	1	0	18
III	11704091	11704136	1	1	0	1	0	13
III	11829047	11829897	1	1	0	1	0	18
III	12054795	12055075	2	2	0	1	0	15
III	12117353	12117726	2	2	0	1	0	12
III	12251791	12253352	2	2	0	1	0	13
III	12308519	12309717	1	1	0	1	0	15
III	12352330	12353668	1	1	0	1	0	16
III	12375963	12376010	2	2	0	1	0	13
III	12379174	12379217	2	2	0	1	0	16
III	12428632	12428687	1	1	0	2	0	13
III	12429512	12429558	2	2	0	2	0	12
III	12450869	12452276	2	2	0	1	0	16
III	12480115	12480941	1	1	0	1	0	16
III	12496225	12496269	1	1	0	1	0	17
III	12687690	12687736	2	2	0	1	0	12
III	12740232	12741822	1	1	0	1	0	18
III	12820327	12821085	1	1	0	1	0	13
III	12821341	12821774	1	1	0	1	0	16
III	12875112	12875165	1	1	0	1	0	15
III	12876823	12876876	2	2	0	1	0	13
III	12926958	12927653	1	1	0	1	0	16
III	12978306	12978382	2	2	0	7	0	17
III	12979243	12979301	1	1	0	1	0	14
III	13019101	13019222	1	1	0	1	0	13
III	13293915	13293983	2	4	0	0	1	17
III	13294312	13294356	2	2	0	0	1	14
III	13344290	13344335	1	1	0	1	0	13
III	13400203	13400352	1	1	0	1	0	17
III	13426429	13426477	1	1	0	1	0	16
III	13463462	13463506	1	1	0	1	0	18
III	13463728	13463780	1	1	0	3	0	16
III	13547158	13547483	2	2	0	1	0	12
III	13621663	13621705	2	2	0	2	0	16
III	13641964	13642117	2	2	0	1	0	14
III	13715852	13718353	1	1	0	1	0	15
III	13755481	13755526	1	1	0	1	0	16
IV	238076	238219	2	2	0	1	0	14
IV	254586	254628	2	2	0	1	0	17
IV	315438	315678	2	2	0	1	0	16
IV	326531	326633	2	2	0	1	0	18
IV	372128	372807	2	2	0	1	0	16
IV	385978	386093	1	1	0	2	0	12
IV	386304	386432	1	1	0	3	0	15
IV	597349	597394	1	1	0	1	0	16
IV	653844	654065	2	2	0	1	0	13
IV	654203	654399	2	2	0	1	0	16
IV	657370	657861	1	1	0	1	0	14
IV	849577	849875	2	2	0	1	0	16
IV	988326	988382	2	2	0	1	0	14
IV	1056131	1056171	2	2	0	1	0	14
IV	1107634	1108812	1	1	0	1	0	15
IV	1108947	1109214	1	1	0	1	0	17
IV	1109422	1109895	1	1	0	1	0	18
IV	1123664	1124823	2	2	0	2	0	13
IV	1313417	1315286	1	1	0	1	0	16
IV	1419573	1419720	2	2	0	2	0	17
IV	1659833	1659887	1	1	0	2	0	13
IV	1710367	1710565	1	1	0	2	0	17
IV	1720929	1720979	1	1	0	1	0	12
IV	1741624	1743946	2	2	0	1	0	14
IV	1877821	1879843	1	1	0	1	0	14
IV	2089629	2089735	1	1	0	1	0	14
IV	2178139	2178189	1	1	0	1	0	17
IV	2314000	2314396	2	2	0	1	0	17
IV	2349830	2351508	1	1	0	0	1	13
IV	2496750	2497316	1	1	0	3	0	15
IV	2639698	2640561	2	2	0	1	0	17
IV	2670198	2670473	1	1	0	1	0	15
IV	2676950	2677006	1	1	0	1	0	16
IV	2718658	2719733	2	2	0	1	0	12
IV	2721104	2722898	2	2	0	1	0	15
IV	2725347	2725442	2	2	0	1	0	16
IV	2891874	2891927	2	2	0	1	0	14
IV	2892289	2892396	2	2	0	1	0	15
IV	2928287	2928348	2	2	0	3	0	18
IV	2986741	2987601	2	2	0	1	0	17
IV	3028733	3028798	2	2	0	1	0	16
IV	3057812	3058675	1	1	0	0	1	14
IV	3142004	3142846	1	1	0	0	1	14
IV	3216082	3217060	1	1	0	1	0	14
IV	3386172	3386696	1	1	0	1	0	16
IV	3402631	3403573	1	1	0	1	0	18
IV	3439722	3439779	1	1	0	1	0	12
IV	3508242	3508508	2	2	0	1	0	14
IV	3872126	3872171	2	2	0	1	0	16
IV	4177730	4178165	1	1	0	1	0	18
IV	4389345	4389398	2	2	0	2	0	14
IV	4389751	4389890	2	2	0	2	0	16
IV	4390041	4390336	2	2	0	0	3	16
IV	4390461	4390561	2	2	0	0	3	17
IV	4446406	4446455	1	1	0	2	0	15
IV	4469485	4469718	2	2	0	1	0	16
IV	4607139	4607189	1	1	0	1	0	13
IV	4701911	4702544	2	2	0	1	0	16
IV	4711834	4711882	2	2	0	1	0	17
IV	4744829	4744885	2	2	0	1	0	14
IV	4761740	4761787	1	1	0	0	2	17
IV	4803997	4804044	2	2	0	1	0	14
IV	4807157	4807209	2	2	0	1	0	16
IV	5175046	5175506	1	1	0	1	0	14
IV	5176163	5176749	1	1	0	1	0	12
IV	5209906	5210162	1	1	0	1	0	15
IV	5362636	5362930	2	2	0	1	0	13
IV	5386848	5387281	2	2	0	1	0	15
IV	5392354	5392398	1	1	0	1	0	12
IV	5848949	5849317	1	1	0	1	0	14
IV	5938141	5938189	2	2	0	1	0	13
IV	5947317	5947429	2	2	0	4	0	17
IV	6325234	6325310	1	1	0	1	0	17
IV	6374502	6374549	2	2	0	1	0	17
IV	6424722	6424770	2	2	0	3	0	17
IV	6425675	6425758	2	2	0	2	0	17
IV	6524171	6524224	1	1	0	1	0	12
IV	6527120	6527164	2	2	0	1	0	13
IV	6584147	6584191	2	2	0	1	0	15
IV	6741755	6741956	2	2	0	1	0	12
IV	6746717	6746768	2	2	0	1	0	15
IV	6757418	6757464	1	1	0	1	0	14
IV	6780613	6780699	2	2	0	1	0	16
IV	6805059	6805114	1	1	0	1	0	12
IV	6877585	6877631	2	2	0	1	0	18
IV	6887329	6887370	2	2	0	1	0	17
IV	6904226	6904271	1	1	0	2	0	14
IV	7008275	7009099	1	1	0	1	0	18
IV	7034250	7034290	2	2	0	1	0	14
IV	7084357	7084402	2	2	0	4	0	15
IV	7104279	7104336	1	1	0	2	0	14
IV	7228139	7228182	2	2	0	1	0	16
IV	7313154	7313199	2	2	0	7	0	18
IV	7313506	7313555	2	2	0	3	0	17
IV	7385781	7385832	2	2	0	1	0	13
IV	7394867	7394942	1	1	0	1	0	18
IV	7513702	7513749	1	1	0	1	0	16
IV	7546904	7547012	2	2	0	1	0	13
IV	7561357	7561469	2	2	0	1	0	15
IV	7579615	7579658	2	2	0	1	0	14
IV	7634280	7634326	1	1	0	1	0	12
IV	7642254	7642299	2	2	0	1	0	16
IV	7646734	7647026	2	2	0	1	0	17
IV	7648101	7648544	2	2	0	1	0	14
IV	7689142	7689191	1	1	0	1	0	17
IV	7704816	7705481	2	2	0	1	0	14
IV	7762917	7762971	2	2	0	1	0	15
IV	7811534	7811645	2	2	0	1	0	17
IV	7827676	7828262	2	2	0	1	0	15
IV	7925938	7925984	2	2	0	4	0	15
IV	7926186	7926234	2	2	0	1	0	12
IV	7982596	7982645	1	1	0	1	0	15
IV	8159497	8159696	1	1	0	1	0	13
IV	8186770	8187066	1	1	0	1	0	14
IV	8189523	8189577	2	2	0	1	0	14
IV	8198631	8198834	2	2	0	1	0	12
IV	8226184	8226235	1	1	0	1	0	18
IV	8261819	8261875	1	1	0	1	0	12
IV	8265824	8265871	1	1	0	11	0	18
IV	8266139	8266184	1	1	0	8	0	17
IV	8288449	8288548	2	2	0	3	0	13
IV	8299067	8299187	1	1	0	1	0	12
IV	8378574	8378619	2	2	0	2	0	15
IV	8436414	8436461	1	1	0	1	0	12
IV	8457362	8457455	1	1	0	1	0	13
IV	8477471	8477523	1	1	0	2	0	16
IV	8477822	8477869	1	1	0	1	0	15
IV	8727171	8727234	1	1	0	1	0	17
IV	8915967	8916018	2	2	0	2	0	13
IV	8977907	8978585	1	1	0	1	0	14
IV	9011404	9012040	1	1	0	1	0	12
IV	9019875	9020252	2	2	0	1	0	15
IV	9042768	9042822	2	2	0	1	0	12
IV	9098585	9098629	1	1	0	1	0	13
IV	9316706	9316750	1	1	0	1	0	18
IV	9322008	9322130	1	1	0	1	0	14
IV	9439514	9439674	2	2	0	1	0	14
IV	9523972	9524489	2	2	0	1	0	17
IV	9526534	9526992	1	1	0	1	0	13
IV	9698257	9700001	2	2	0	1	0	13
IV	9740452	9740514	2	2	0	1	0	15
IV	9829806	9829851	1	1	0	1	0	15
IV	9863218	9863266	1	1	0	1	0	12
IV	9996071	9996122	2	2	0	1	0	12
IV	10099608	10099725	1	1	0	1	0	14
IV	10145671	10145713	1	1	0	1	0	15
IV	10177057	10177099	1	1	0	2	0	13
IV	10177248	10177299	1	1	0	2	0	13
IV	10219837	10219985	2	2	0	1	0	17
IV	10282511	10282559	2	2	0	1	0	13
IV	10548467	10554425	1	1	0	1	0	13
IV	10678067	10678115	1	1	0	1	0	12
IV	10695575	10695736	2	2	0	1	0	12
IV	10696794	10697007	2	2	0	1	0	13
IV	11063739	11063784	2	2	0	1	0	13
IV	11081915	11081961	2	2	0	1	0	14
IV	11082136	11082183	2	2	0	2	0	14
IV	11084606	11084648	1	1	0	1	0	16
IV	11110384	11110431	2	2	0	5	0	16
IV	11110561	11110611	2	2	0	4	0	12
IV	11118674	11118794	2	2	0	1	0	15
IV	11119784	11120631	1	1	0	1	0	15
IV	11131559	11132340	1	1	0	1	0	13
IV	11133461	11133510	1	1	0	1	0	12
IV	11147740	11147787	2	2	0	2	0	17
IV	11148517	11148559	2	2	0	2	0	15
IV	11153185	11153237	1	1	0	1	0	14
IV	11209734	11209785	2	2	0	1	0	12
IV	11210279	11210339	2	2	0	1	0	14
IV	11279055	11280053	1	1	0	1	0	17
IV	11313145	11313193	2	2	0	1	0	18
IV	11330785	11330831	2	2	0	1	0	13
IV	11375732	11375778	1	1	0	1	0	16
IV	11376591	11376636	1	1	0	4	0	18
IV	11376970	11377012	1	1	0	4	0	12
IV	11402576	11402624	2	2	0	1	0	15
IV	11404652	11404697	1	1	0	0	1	14
IV	11412496	11412543	1	1	0	1	0	17
IV	11412748	11412800	1	1	0	1	0	16
IV	11525155	11525202	1	1	0	1	0	12
IV	11602790	11602841	1	1	0	2	0	15
IV	11603048	11603093	1	1	0	3	0	18
IV	11606133	11606309	1	1	0	1	0	17
IV	11821285	11821331	2	2	0	1	0	12
IV	11821524	11821588	2	2	0	1	0	14
IV	11821760	11821807	2	2	0	3	0	17
IV	11953528	11953574	1	1	0	1	0	15
IV	11954689	11954948	1	1	0	3	0	18
IV	11960470	11960519	2	2	0	1	0	13
IV	12055353	12055400	1	1	0	1	0	18
IV	12126158	12126260	1	1	0	1	0	14
IV	12139762	12140024	2	2	0	1	0	18
IV	12140719	12140764	2	2	0	1	0	12
IV	12208871	12208927	2	2	0	1	0	17
IV	12269161	12269287	1	1	0	2	0	16
IV	12330180	12330249	2	2	0	1	0	14
IV	12363239	12363286	1	1	0	1	0	13
IV	12390490	12390686	2	2	0	3	0	16
IV	12390808	12390884	2	2	0	2	0	16
IV	12435903	12435946	1	1	0	1	0	14
IV	12494636	12494681	1	1	0	1	0	17
IV	12645388	12645897	1	1	0	2	0	12
IV	12838989	12839059	1	1	0	1	0	15
IV	13095125	13095173	1	1	0	1	0	14
IV	13099474	13099523	1	1	0	1	0	17
IV	13239777	13239825	2	2	0	3	0	12
IV	13239934	13240143	2	2	0	3	0	17
IV	13240399	13240523	2	2	0	1	0	15
IV	13286323	13287529	2	2	0	1	0	16
IV	13325325	13325924	1	1	0	1	0	13
IV	13369319	13369361	2	2	0	1	0	13
IV	13370167	13370223	2	2	0	2	0	16
IV	13401993	13402043	1	1	0	0	2	17
IV	13486993	13487914	2	2	0	1	0	14
IV	13523434	13524356	2	2	0	2	0	16
IV	13539659	13540146	2	2	0	1	0	15
IV	13647078	13647304	2	2	0	1	0	12
IV	13663695	13664014	2	2	0	1	0	16
IV	13666512	13666569	2	2	0	1	0	14
IV	13777894	13777949	1	1	0	5	0	17
IV	13778037	13778080	1	1	0	3	0	13
IV	13778288	13778429	1	1	0	1	0	13
IV	13778553	13778601	1	1	0	2	0	15
IV	13780236	13780787	1	1	0	2	0	15
IV	13871197	13871832	2	2	0	1	0	17
IV	13882279	13882432	1	1	0	6	0	17
IV	14063031	14063070	2	2	0	1	0	17
IV	14657702	14657753	1	1	0	1	0	12
IV	14769660	14769713	1	1	0	1	0	12
IV	14791225	14791281	2	2	0	1	0	13
IV	14796641	14796688	2	2	0	1	0	15
IV	14825801	14825846	1	1	0	2	0	15
IV	14826036	14826190	1	1	0	4	0	16
IV	15035682	15036740	1	1	0	1	0	14
IV	15037491	15037540	1	1	0	2	0	17
IV	15037789	15038918	1	1	0	1	0	13
IV	15472952	15472998	1	3	0	1	0	15
IV	16958466	16960657	1	1	0	1	0	16
IV	17100487	17100531	2	2	0	1	0	12
IV	17119834	17119884	1	1	0	1	0	14
IV	17121787	17121826	1	1	0	1	0	15
IV	17253618	17253666	1	1	0	1	0	15
IV	17254403	17254657	1	1	0	1	0	15
IV	17261046	17261318	2	2	0	1	0	12
IV	17279169	17279219	1	1	0	3	0	17
IV	17280883	17280936	1	1	0	2	0	17
IV	17310810	17310852	1	1	0	1	0	18
IV	17327890	17327935	1	1	0	1	0	12
IV	17380691	17380734	1	1	0	1	0	13
IV	17466664	17466724	2	2	0	1	0	16
V	7610	7650	2	2	0	1	0	16
V	103596	103910	2	2	0	5	0	12
V	308888	310114	2	2	0	1	0	13
V	414457	414507	2	2	0	1	0	13
V	416010	416083	2	2	0	1	0	17
V	416280	416640	2	2	0	1	0	13
V	774321	774374	1	1	0	1	0	16
V	912072	913071	1	1	0	1	0	16
V	1009754	1010594	1	1	0	1	0	16
V	1045468	1045957	2	2	0	1	0	16
V	1380431	1381499	2	2	0	1	0	15
V	1477452	1477950	1	1	0	1	0	13
V	1594238	1594395	1	1	0	1	0	14
V	1816318	1817239	2	2	0	1	0	12
V	1874190	1874889	1	1	0	1	0	16
V	2068816	2068869	1	1	0	1	0	12
V	2127702	2127745	1	1	0	1	0	15
V	2323267	2323312	1	1	0	0	2	18
V	2329656	2329701	2	2	0	0	2	18
V	2784343	2784835	2	2	0	1	0	14
V	2850547	2850588	1	1	0	1	0	13
V	2872817	2872861	2	2	0	1	0	13
V	3579222	3581397	1	1	0	1	0	14
V	3584553	3584612	1	1	0	1	0	18
V	3585609	3585657	2	2	0	5	0	12
V	3585874	3585923	2	2	0	3	0	16
V	3588168	3588641	1	1	0	1	0	14
V	4144719	4144760	1	1	0	1	0	18
V	4177193	4177977	1	1	0	1	0	18
V	4483641	4484115	1	1	0	1	0	13
V	4653639	4653701	2	2	0	2	0	16
V	4754632	4754817	1	1	0	1	0	12
V	4756724	4756770	1	1	0	1	0	16
V	4975832	4975877	1	1	0	1	0	13
V	5112628	5113007	2	2	0	1	0	15
V	5419839	5419893	2	2	0	1	0	16
V	5436089	5436350	1	1	0	1	0	16
V	5470393	5470438	2	2	0	0	1	13
V	5503847	5503894	2	2	0	1	0	16
V	5503987	5504044	2	2	0	1	0	12
V	5514956	5515002	1	1	0	1	0	17
V	5661772	5661817	1	1	0	0	1	13
V	5679085	5679133	2	2	0	1	0	17
V	5700263	5700317	1	1	0	1	0	13
V	5773252	5773298	2	2	0	1	0	17
V	5773636	5773681	2	2	0	1	0	12
V	5777599	5777667	1	3	0	0	1	17
V	5836629	5836676	2	2	0	4	0	16
V	5997198	5997245	1	1	0	1	0	18
V	6029697	6030237	2	2	0	1	0	12
V	6111440	6111488	2	2	0	1	0	18
V	6277396	6277508	1	1	0	1	0	14
V	6428185	6428229	2	2	0	1	0	17
V	6434270	6434315	1	1	0	1	0	13
V	6454536	6454584	1	1	0	1	0	17
V	6486724	6487062	1	1	0	1	0	16
V	6488594	6488641	2	2	0	1	0	15
V	6515639	6515684	2	2	0	1	0	18
V	6707430	6707573	2	4	0	1	0	18
V	6784806	6784852	2	2	0	5	0	14
V	6790104	6790537	2	2	0	1	0	14
V	6836450	6836499	1	1	0	4	0	18
V	7050277	7050322	2	2	0	1	0	15
V	7061074	7061127	1	1	0	1	0	16
V	7084229	7084291	2	2	0	1	0	17
V	7332700	7332769	1	1	0	1	0	16
V	7552159	7552256	1	1	0	1	0	15
V	7775873	7775974	2	2	0	3	0	16
V	7776869	7776961	1	1	0	4	0	15
V	7983149	7983199	2	2	0	1	0	13
V	8029751	8029798	1	1	0	1	0	15
V	8030021	8030064	1	1	0	1	0	14
V	8030213	8030257	1	1	0	1	0	12
V	8040007	8040279	2	2	0	1	0	15
V	8181705	8181750	1	1	0	1	0	17
V	8272961	8273252	1	1	0	2	0	15
V	8414493	8414544	1	1	0	1	0	12
V	8465991	8466187	1	1	0	1	0	13
V	8960366	8960415	1	1	0	1	0	17
V	9154272	9154329	2	2	0	1	0	12
V	9176603	9176702	1	1	0	1	0	14
V	9235974	9236020	2	2	0	1	0	16
V	9323890	9323940	1	1	0	1	0	14
V	9346598	9346646	2	2	0	1	0	13
V	9399533	9399578	1	1	0	2	0	14
V	9490139	9491428	2	2	0	1	0	13
V	9545714	9545927	1	1	0	1	0	13
V	9635178	9635225	2	2	0	1	0	12
V	9705469	9705800	1	1	0	1	0	17
V	9730167	9732514	1	1	0	1	0	17
V	9777550	9777602	2	2	0	1	0	15
V	9783565	9783610	2	2	0	1	0	15
V	9784018	9784846	2	2	0	1	0	17
V	9787816	9787867	2	2	0	2	0	15
V	10029558	10030552	2	2	0	1	0	12
V	10132262	10132308	2	2	0	1	0	16
V	10181824	10181869	1	1	0	1	0	12
V	10204752	10204796	2	2	0	1	0	18
V	10206340	10206388	2	2	0	1	0	12
V	10207674	10207719	2	2	0	1	0	13
V	10278370	10278563	1	1	0	3	0	17
V	10340729	10340774	1	1	0	1	0	15
V	10350759	10350938	2	2	0	1	0	13
V	10373513	10373617	1	1	0	1	0	16
V	10535047	10535149	2	2	0	1	0	15
V	10565077	10565643	1	1	0	1	0	17
V	10661244	10661288	2	2	0	1	0	16
V	10738578	10738925	1	1	0	1	0	15
V	10941836	10942109	1	1	0	1	0	14
V	10966486	10966529	1	1	0	3	0	18
V	10966663	10966988	1	1	0	1	0	12
V	10967465	10967655	1	1	0	1	0	16
V	11072172	11072224	2	2	0	0	7	16
V	11072172	11077111	2	2	0	0	7	16
V	11072724	11081566	2	2	0	0	1	13
V	11072750	11081592	1	1	0	0	1	13
V	11073006	11073053	2	2	0	0	2	15
V	11073006	11077937	2	2	0	0	2	15
V	11077060	11077111	2	2	0	0	7	16
V	11077893	11077937	2	2	0	1	1	16
V	11081263	11081310	1	1	0	0	2	15
V	11082092	11082143	1	1	0	0	7	16
V	11117546	11117598	1	1	0	1	0	12
V	11123368	11123412	2	2	0	4	0	18
V	11125303	11125348	1	1	0	1	0	13
V	11147430	11147477	1	1	0	1	0	12
V	11238767	11238814	2	2	0	1	0	14
V	11241292	11241342	1	1	0	1	0	13
V	11283936	11284390	1	1	0	2	0	17
V	11504249	11504294	2	2	0	1	0	18
V	11731530	11731632	2	2	0	1	0	15
V	11788213	11788293	1	1	0	1	0	15
V	11788392	11788435	1	1	0	1	0	14
V	11818280	11818537	2	2	0	1	0	16
V	11850882	11851622	1	1	0	1	0	14
V	11934506	11934561	1	1	0	1	0	16
V	12056883	12056939	2	2	0	1	0	14
V	12192398	12192443	1	1	0	1	0	17
V	12205066	12205116	1	1	0	1	0	12
V	12271408	12271465	2	2	0	1	0	12
V	12287569	12287984	2	2	0	1	0	14
V	12318742	12318923	1	1	0	2	0	15
V	12319064	12319926	1	1	0	1	0	12
V	12413187	12413239	2	2	0	1	0	14
V	12483392	12483897	1	1	0	1	0	15
V	12496029	12496073	2	2	0	1	0	12
V	12501376	12501664	1	1	0	1	0	15
V	12597179	12597223	2	2	0	1	0	15
V	12758105	12758149	2	2	0	1	0	15
V	12954956	12955064	1	1	0	1	0	15
V	12966277	12966322	2	2	0	1	0	12
V	13086851	13087044	1	1	0	1	0	18
V	13128558	13128609	2	2	0	1	0	18
V	13153489	13153619	1	1	0	1	0	18
V	13179603	13179647	1	1	0	1	0	12
V	13199316	13199363	2	2	0	1	0	15
V	13273764	13274326	2	2	0	1	0	13
V	13311055	13311100	2	2	0	2	0	15
V	13311454	13311508	2	2	0	1	0	12
V	13464236	13465245	1	1	0	1	0	12
V	13468805	13468855	1	1	0	1	0	14
V	13492154	13492201	2	4	0	1	0	12
V	13556164	13556206	2	2	0	1	0	12
V	13569517	13569562	1	1	0	1	0	15
V	13624896	13624939	2	2	0	1	0	17
V	13653879	13653928	2	2	0	1	0	12
V	13680085	13680783	1	1	0	1	0	16
V	13756219	13756264	2	2	0	1	0	17
V	13823420	13823464	1	1	0	1	0	12
V	13829639	13829830	1	1	0	1	0	16
V	13875312	13875358	1	1	0	1	0	12
V	14172162	14172204	2	2	0	1	0	16
V	14349747	14349822	1	1	0	1	0	16
V	14353052	14353151	1	1	0	1	0	18
V	14599597	14599661	1	1	0	1	0	17
V	14613050	14613092	1	1	0	1	0	16
V	14686314	14686360	1	1	0	2	0	17
V	14687066	14687113	1	1	0	3	0	14
V	14830111	14830166	2	2	0	1	0	13
V	14830318	14830760	2	2	0	1	0	17
V	14920669	14920865	2	2	0	1	0	12
V	15000344	15000387	2	2	0	1	0	15
V	15001052	15001098	2	2	0	1	0	12
V	15057779	15057831	2	2	0	1	0	13
V	15069377	15069431	1	1	0	1	0	14
V	15085245	15085293	2	2	0	1	0	15
V	15135943	15135995	2	2	0	2	0	16
V	15186878	15186991	2	2	0	2	0	18
V	15190323	15190632	1	1	0	2	0	18
V	15395906	15395956	1	1	0	1	0	17
V	15512339	15512610	1	1	0	4	0	15
V	15652968	15653175	2	2	0	1	0	16
V	15763514	15764134	2	2	0	1	0	15
V	16057747	16057962	2	2	0	2	0	14
V	16058404	16058450	2	2	0	1	0	12
V	16592956	16593523	2	2	0	1	0	12
V	16593972	16594512	2	2	0	0	1	13
V	16594612	16595087	2	2	0	1	0	15
V	16800157	16801519	1	1	0	1	0	15
V	16810646	16811524	1	1	0	1	0	15
V	17725611	17726266	1	1	0	1	0	16
V	17888790	17888840	2	2	0	1	0	16
V	17963738	17965133	2	2	0	1	0	12
V	17971582	17973065	2	2	0	1	0	16
V	17976313	17976990	2	2	0	1	0	13
V	18088976	18090258	1	1	0	1	0	15
V	18460347	18460536	2	2	0	1	0	13
V	18582780	18582833	1	1	0	1	0	12
V	18884659	18885846	2	2	0	1	0	15
V	19189493	19189597	2	2	0	1	0	18
V	19520336	19520953	2	2	0	1	0	12
V	19750623	19755241	2	2	0	0	1	18
V	19754180	19755241	2	2	0	0	1	18
V	19842803	19842846	2	2	0	1	0	15
V	20080049	20080197	2	2	0	1	0	13
V	20269381	20269434	2	2	0	2	0	14
V	20468741	20468797	2	2	0	0	3	12
V	20480312	20480367	1	1	0	0	3	12
V	20498243	20498995	2	2	0	3	0	16
V	20720033	20723838	2	2	0	1	0	14
X	32858	33908	2	2	0	0	1	13
X	59369	59469	1	1	0	0	3	17
X	59594	59887	1	1	0	0	3	16
X	244825	247810	2	2	0	0	1	17
X	308071	308114	1	1	0	1	0	16
X	333712	334243	1	1	0	1	0	16
X	375066	375389	1	1	0	1	0	12
X	421859	421911	1	1	0	2	0	12
X	872885	872930	1	1	0	1	0	14
X	917469	917890	1	1	0	1	0	14
X	1099823	1099870	1	1	0	1	0	12
X	1213507	1214006	2	2	0	1	0	16
X	2696305	2696355	1	1	0	1	0	17
X	2699031	2699330	2	2	0	1	0	12
X	3037513	3037557	2	2	0	1	0	17
X	3229554	3229604	2	2	0	1	0	16
X	3238084	3238128	2	2	0	1	0	18
X	3361454	3361501	2	2	0	1	0	17
X	3404345	3404414	1	1	0	4	0	17
X	3404700	3404746	1	1	0	0	7	17
X	3407785	3407833	1	1	0	0	11	18
X	3408063	3408107	1	1	0	4	0	18
X	3408244	3408295	1	1	0	3	4	15
X	3501398	3501449	1	1	0	1	0	18
X	3559153	3559204	2	2	0	2	4	16
X	3559341	3559389	2	2	0	0	7	17
X	3559341	3567953	2	2	0	0	7	17
X	3559619	3559667	2	2	0	0	11	18
X	3559619	3568231	2	2	0	0	11	18
X	3562706	3562752	2	2	0	0	7	17
X	3562706	3571316	2	2	0	0	7	17
X	3563038	3563101	2	2	0	2	0	15
X	3567718	3567768	2	2	0	4	0	14
X	3567905	3567953	2	2	0	3	2	15
X	3568183	3568231	2	2	0	0	11	18
X	3571270	3571316	2	2	0	0	7	17
X	3605051	3605098	2	2	0	1	0	13
X	4191333	4191381	1	1	0	1	0	18
X	4471021	4471132	1	1	0	1	0	18
X	4698017	4698062	2	2	0	1	0	17
X	4734994	4735338	1	1	0	1	0	18
X	4836123	4836171	2	2	0	1	0	14
X	4963535	4963590	1	1	0	1	0	17
X	4963770	4963824	1	1	0	7	0	13
X	5105479	5105526	1	1	0	3	0	17
X	5105774	5105821	1	1	0	4	6	16
X	5254387	5254436	1	1	0	2	0	13
X	5255916	5256350	1	1	0	1	0	15
X	5289007	5289202	1	1	0	1	0	16
X	5527572	5527614	2	2	0	1	0	16
X	5779454	5779919	2	2	0	1	0	15
X	6006843	6006891	1	1	0	1	0	17
X	6037695	6039093	2	2	0	1	0	13
X	6377302	6377355	2	2	0	1	0	17
X	6409407	6409457	2	2	0	1	0	17
X	6536112	6536743	2	2	0	2	0	13
X	6607522	6607564	1	1	0	1	0	13
X	6679579	6679629	1	1	0	1	0	13
X	6714747	6715294	1	1	0	1	0	16
X	6791763	6791815	1	1	0	2	0	14
X	6841364	6841441	1	1	0	1	0	16
X	6861270	6861312	2	2	0	1	0	14
X	7116852	7116911	2	2	0	1	0	16
X	7232301	7232355	2	2	0	1	0	17
X	7293802	7293847	1	1	0	1	0	15
X	7304270	7304312	2	2	0	1	0	16
X	7684635	7684716	1	1	0	1	0	17
X	7726136	7726184	1	1	0	2	0	12
X	7728774	7728825	1	1	0	2	0	15
X	7729111	7729155	1	1	0	1	0	12
X	7732342	7732388	1	1	0	1	0	18
X	7732636	7732683	1	1	0	1	6	16
X	7908731	7908775	2	2	0	1	0	13
X	7910165	7910805	2	2	0	1	0	16
X	8030060	8030104	1	1	0	1	0	12
X	8083134	8083182	2	4	0	1	0	14
X	8325317	8325364	2	2	0	1	0	13
X	8413888	8413936	1	1	0	1	0	17
X	8423280	8423591	2	2	0	1	0	13
X	8677327	8677406	1	1	0	1	0	12
X	8749929	8749976	2	2	0	1	0	13
X	8790151	8790205	1	1	0	1	0	16
X	8816491	8816537	1	1	0	1	0	13
X	9313868	9314343	2	2	0	1	0	17
X	9793913	9794093	2	2	0	1	0	14
X	9959125	9959272	1	1	0	1	0	17
X	10058078	10058162	2	2	0	1	0	13
X	10158447	10158497	2	2	0	1	0	16
X	10341022	10341073	2	2	0	1	0	17
X	10553278	10553326	2	2	0	1	0	16
X	11120833	11120883	2	2	0	1	0	12
X	11199534	11199582	1	1	0	2	0	17
X	11880495	11880833	1	1	0	1	0	16
X	11945798	11945857	2	2	0	1	0	18
X	11966334	11966387	1	1	0	1	0	16
X	12105083	12105139	1	1	0	2	0	16
X	12366149	12366704	1	1	0	2	0	16
X	12409179	12409279	2	2	0	1	0	12
X	12621530	12621579	1	3	0	1	0	16
X	12811537	12811582	2	2	0	1	0	17
X	13114771	13114824	1	1	0	1	0	13
X	13220528	13220573	2	2	0	1	0	13
X	13406090	13406138	1	1	0	1	0	12
X	13469422	13469469	1	1	0	2	0	18
X	13469605	13469650	1	1	0	1	0	15
X	13543755	13544007	1	1	0	1	0	18
X	13855545	13855592	1	1	0	1	0	12
X	14218546	14218592	1	1	0	1	0	17
X	14289301	14293606	2	2	0	1	0	18
X	14940697	14940741	2	2	0	1	0	12
X	14941782	14941833	2	2	0	1	0	14
X	15002501	15002560	2	2	0	2	0	13
X	15259940	15260023	2	2	0	2	0	12
X	15601250	15601563	1	1	0	1	0	18
X	15850070	15850161	1	1	0	1	0	16
X	16037378	16037485	2	2	0	1	0	14
X	16058048	16058674	2	2	0	1	0	15
X	16381115	16381172	2	2	0	1	0	15
X	16930309	16930456	1	1	0	1	0	12
X	17453553	17455247	1	1	0	1	0	12
X	17456383	17456429	2	2	0	1	0	14
X	17459233	17459491	1	1	0	1	0	17
X	17600547	17600604	1	1	0	1	0	12
X	17710702	17710749	2	2	0	0	1	17
