I	88707	89371	1	1	0	1	0	16
I	111066	111160	1	1	0	1	0	13
I	111708	111754	1	1	0	2	0	14
I	111972	112018	1	1	0	3	0	15
I	311785	311835	2	2	0	1	0	16
I	380129	380182	2	2	0	1	0	14
I	380922	380970	2	2	0	1	0	18
I	535850	535898	1	1	0	1	0	15
I	538912	539452	1	1	0	1	0	16
I	853488	853560	1	1	0	1	0	15
I	903191	903252	1	1	0	1	0	13
I	1039173	1039214	1	1	0	1	0	13
I	1156890	1156970	1	1	0	4	0	15
I	1157096	1157273	1	1	0	4	0	12
I	1340769	1340824	1	1	0	1	0	18
I	1436430	1437378	1	1	0	1	0	16
I	1499515	1500687	2	2	0	1	0	13
I	1572085	1574142	1	1	0	1	0	12
I	1610504	1610562	1	1	0	1	0	15
I	1835045	1835091	1	1	0	4	0	13
I	1835230	1835277	1	1	0	3	0	12
I	1865845	1869150	2	2	0	1	0	15
I	2069294	2069342	2	2	0	2	0	17
I	2069838	2070051	2	2	0	4	0	16
I	2070208	2070439	2	2	0	1	0	17
I	2097740	2098589	1	1	0	1	0	14
I	2103290	2103937	1	1	0	1	0	14
I	2284801	2284858	2	2	0	1	0	15
I	2313464	2313507	1	1	0	1	0	13
I	2318731	2319069	2	2	0	1	0	17
I	2718330	2719103	2	2	0	1	0	13
I	2811160	2811240	1	1	0	1	0	16
I	2875972	2876144	2	2	0	2	0	17
I	2877716	2877771	1	1	0	1	0	13
I	2928452	2928508	1	1	0	1	0	14
I	2928834	2928901	1	1	0	1	0	15
I	2930089	2930173	1	1	0	1	0	13
I	3160108	3160154	2	2	0	1	0	12
I	3173869	3175051	2	2	0	1	0	16
I	3175251	3176053	2	2	0	1	0	15
I	3198723	3198772	2	2	0	1	0	12
I	3435942	3435992	2	2	0	1	0	13
I	3518266	3519258	1	1	0	1	0	17
I	3567435	3568219	2	2	0	1	0	14
I	3782349	3782394	1	1	0	1	0	17
I	3788209	3788252	1	1	0	5	0	18
I	3788419	3788468	1	1	0	2	0	14
I	3788556	3788658	1	1	0	4	0	14
I	3832869	3832928	1	1	0	1	0	17
I	3909317	3909371	1	1	0	1	0	17
I	3921913	3922455	2	2	0	1	0	13
I	3923789	3923925	2	2	0	1	0	12
I	3924651	3925053	2	2	0	1	0	15
I	3985535	3985604	1	1	0	1	0	16
I	3988029	3988075	1	1	0	1	0	15
I	3988213	3988261	1	1	0	2	0	18
I	3988467	3988518	1	1	0	1	0	12
I	4138568	4138759	2	2	0	1	0	18
I	4169175	4169250	2	2	0	1	0	16
I	4269803	4269849	2	2	0	2	0	14
I	4270030	4270099	2	2	0	1	0	13
I	4372524	4372569	2	2	0	1	0	15
I	4444157	4444285	2	2	0	1	0	12
I	4510929	4510987	2	2	0	1	0	16
I	4584296	4584347	2	2	0	5	0	18
I	4585222	4585442	1	1	0	4	0	15
I	4646704	4646785	2	2	0	2	0	16
I	4756369	4756420	1	1	0	1	0	16
I	4789278	4789349	1	1	0	0	1	16
I	4789278	4790412	1	1	0	0	1	16
I	4790342	4790412	1	1	0	4	1	16
I	4807411	4807843	1	1	0	1	0	17
I	4809289	4809353	1	1	0	1	0	14
I	5000352	5000400	1	1	0	1	0	13
I	5019377	5019783	2	2	0	1	0	15
I	5019891	5019940	2	2	0	2	0	18
I	5081803	5081846	2	2	0	1	0	12
I	5135882	5135926	1	1	0	1	0	14
I	5180958	5181002	1	1	0	1	0	14
I	5184971	5185299	1	1	0	1	0	12
I	5259859	5260283	1	1	0	1	0	16
I	5274127	5274172	2	2	0	2	0	17
I	5281225	5281271	2	2	0	1	0	12
I	5403456	5403510	2	2	0	1	0	18
I	5484960	5485051	2	2	0	3	0	16
I	5485592	5485707	2	2	0	1	0	16
I	5506843	5506895	2	2	0	1	0	13
I	5508087	5508666	2	2	0	1	0	15
I	5568078	5568124	2	2	0	1	0	12
I	5569887	5569981	2	2	0	1	0	12
I	5609687	5609924	2	2	0	1	0	13
I	5620079	5620125	1	1	0	4	0	16
I	5656942	5657050	2	2	0	1	0	13
I	5675693	5676064	1	1	0	1	0	16
I	5679589	5679632	1	1	0	1	0	12
I	5817092	5817179	2	2	0	1	0	14
I	5823229	5823299	2	2	0	1	0	15
I	6039238	6039541	1	1	0	1	0	15
I	6039855	6040265	1	1	0	1	0	17
I	6042115	6042529	1	1	0	1	0	16
I	6044948	6045209	1	1	0	1	0	16
I	6059792	6059836	2	2	0	1	0	13
I	6060547	6060589	2	2	0	1	0	16
I	6099226	6099278	1	1	0	0	1	12
I	6178566	6178666	2	2	0	1	0	17
I	6183598	6183650	2	2	0	1	0	16
I	6191025	6191078	1	1	0	1	0	12
I	6256550	6256608	1	1	0	1	0	13
I	6274969	6275021	2	2	0	0	1	12
I	6359625	6360091	1	1	0	1	0	16
I	6368377	6368432	1	1	0	1	0	17
I	6371507	6371559	1	1	0	1	0	12
I	6384335	6384435	1	1	0	1	0	15
I	6422282	6422326	1	1	0	1	0	14
I	6463692	6463739	1	1	0	1	0	12
I	6464619	6464673	2	2	0	1	0	17
I	6471510	6471552	2	2	0	1	0	15
I	6474521	6474942	1	1	0	1	0	12
I	6497775	6498081	1	1	0	1	0	18
I	6514957	6515430	1	1	0	0	1	16
I	6515387	6515430	1	1	0	0	1	16
I	6539260	6539970	2	2	0	1	0	12
I	6544758	6544804	1	1	0	1	0	16
I	6565158	6565204	2	2	0	1	0	12
I	6570225	6570273	1	1	0	1	0	17
I	6728606	6729159	2	2	0	2	0	12
I	6746395	6747276	2	2	0	1	0	16
I	6789233	6789437	2	4	0	2	0	17
I	6789609	6789654	2	2	0	3	0	15
I	6801515	6801639	1	1	0	1	0	13
I	6836707	6836774	1	1	0	3	0	17
I	6841503	6841964	1	1	0	1	0	15
I	6920116	6920156	2	2	0	1	0	17
I	6947637	6947685	2	2	0	1	0	17
I	6972816	6973121	2	2	0	1	0	14
I	6974840	6974931	1	1	0	1	0	13
I	7017022	7017100	2	2	0	1	0	13
I	7017565	7017620	2	2	0	1	0	13
I	7069002	7069075	2	2	0	1	0	14
I	7091111	7091155	1	1	0	1	0	16
I	7096670	7096718	1	1	0	1	0	17
I	7096824	7096873	1	1	0	1	0	12
I	7097051	7097095	1	1	0	1	0	13
I	7226953	7227032	1	1	0	1	0	18
I	7249055	7249108	2	2	0	1	0	17
I	7280145	7280188	2	2	0	1	0	15
I	7351587	7351633	2	2	0	1	0	15
I	7378552	7378600	2	2	0	1	0	18
I	7487295	7487341	2	2	0	1	0	13
I	7587596	7587643	2	2	0	1	0	12
I	7674934	7675175	2	2	0	1	0	18
I	7702712	7702910	1	1	0	2	0	18
I	7725291	7725338	1	1	0	1	0	16
I	7833426	7833469	2	2	0	1	0	12
I	7866589	7869966	1	1	0	1	0	18
I	7939461	7939501	1	1	0	1	0	12
I	7940630	7940671	2	2	0	1	0	15
I	8018618	8018920	1	1	0	1	0	12
I	8019851	8020785	1	1	0	1	0	18
I	8038395	8038675	2	2	0	1	0	17
I	8215511	8215567	1	1	0	1	0	14
I	8276069	8276465	2	2	0	1	0	15
I	8289352	8289883	2	2	0	1	0	16
I	8290640	8290796	2	2	0	1	0	18
I	8317032	8317423	2	2	0	1	0	15
I	8329216	8329259	2	2	0	4	0	17
I	8329453	8329499	2	2	0	2	0	13
I	8341506	8341540	1	1	0	1	0	12
I	8388093	8388140	2	2	0	1	0	16
I	8490050	8490094	1	1	0	1	0	14
I	8607672	8607734	2	2	0	1	0	12
I	8646654	8649760	1	1	0	1	0	15
I	8692246	8692295	2	2	0	1	0	17
I	8695645	8695721	2	2	0	2	0	17
I	8702567	8702615	1	1	0	1	0	18
I	8763154	8763242	1	1	0	1	0	15
I	8763490	8763644	1	1	0	1	0	15
I	8764972	8765055	1	1	0	1	0	15
I	8807239	8807289	2	2	0	1	0	17
I	8814675	8814720	1	1	0	1	0	12
I	8815726	8815780	2	2	0	2	0	12
I	8816004	8816078	2	2	0	2	0	17
I	8819008	8819060	1	1	0	1	0	16
I	8849805	8849850	2	2	0	1	0	17
I	8968794	8968944	2	2	0	1	0	12
I	9061539	9061729	2	2	0	1	0	16
I	9126855	9126906	2	2	0	1	0	18
I	9134439	9134974	1	1	0	1	0	16
I	9144217	9144300	2	2	0	1	0	15
I	9163657	9163948	1	1	0	1	0	13
I	9164164	9164209	1	1	0	3	0	17
I	9164565	9164612	1	1	0	2	0	12
I	9164790	9164835	1	1	0	3	0	17
I	9166340	9166393	1	1	0	1	0	13
I	9183904	9184250	2	2	0	1	0	16
I	9223087	9223439	2	2	0	1	0	16
I	9286334	9286388	2	2	0	1	0	13
I	9391615	9391960	2	2	0	1	0	15
I	9470236	9470280	1	1	0	0	1	16
I	9470236	9472149	1	1	0	0	1	16
I	9494368	9494473	2	2	0	1	0	12
I	9514082	9514128	1	1	0	1	0	16
I	9610063	9610111	2	2	0	1	0	17
I	9625167	9625367	2	2	0	3	0	15
I	9625538	9625580	2	2	0	1	0	15
I	9629850	9629942	1	1	0	1	0	17
I	9658386	9658428	1	1	0	1	0	13
I	9664684	9664727	2	2	0	1	0	15
I	9689307	9689652	1	1	0	2	0	13
I	9689848	9689938	1	1	0	3	0	13
I	9710608	9710655	2	2	0	1	0	16
I	9737887	9740538	1	1	0	1	0	15
I	9773308	9773759	1	1	0	1	0	12
I	9782829	9783235	2	2	0	1	0	15
I	9787108	9787157	2	2	0	1	0	14
I	9789195	9789499	1	1	0	1	0	15
I	9957967	9958019	2	2	0	1	0	17
I	9966114	9966612	1	1	0	1	0	16
I	9968196	9968542	1	1	0	1	0	18
I	9977096	9977146	2	2	0	1	0	14
I	10042141	10042822	1	1	0	1	0	18
I	10184830	10184878	2	2	0	1	0	14
I	10186356	10186402	1	1	0	1	0	12
I	10187931	10187978	2	2	0	1	0	14
I	10222038	10222085	2	2	0	1	0	14
I	10228798	10228847	2	2	0	1	0	13
I	10331036	10331110	1	1	0	3	0	15
I	10331252	10331299	1	1	0	3	0	15
I	10331477	10331578	1	1	0	4	0	18
I	10332923	10332971	2	2	0	1	0	14
I	10373705	10373772	2	2	0	2	0	17
I	10433709	10433756	2	2	0	1	0	16
I	10434042	10434087	2	2	0	2	0	13
I	10434679	10434730	2	2	0	4	0	17
I	10434925	10434975	2	2	0	1	0	16
I	10436288	10436467	1	1	0	2	0	12
I	10436617	10436669	1	1	0	2	0	17
I	10443142	10443495	2	2	0	1	0	16
I	10475755	10475802	2	2	0	1	0	16
I	10477171	10477215	2	2	0	1	0	17
I	10479781	10479911	2	2	0	1	0	16
I	10553661	10553741	2	2	0	1	0	13
I	10566963	10567009	1	1	0	1	0	14
I	10568079	10568124	1	1	0	1	0	12
I	10568451	10568495	1	1	0	2	0	15
I	10569162	10569416	1	1	0	2	0	17
I	10684018	10684060	2	2	0	1	0	12
I	10734679	10734727	1	1	0	1	0	16
I	10734813	10734871	1	1	0	2	0	14
I	10773466	10773524	1	1	0	1	0	15
I	10802192	10802999	1	1	0	1	0	15
I	11011568	11011935	2	2	0	1	0	17
I	11045452	11046102	1	1	0	1	0	13
I	11077961	11079051	2	2	0	2	0	16
I	11088546	11093798	2	2	0	1	0	14
I	11322372	11322880	2	2	0	1	0	14
I	11322984	11323057	2	2	0	1	0	14
I	11406478	11408163	2	2	0	1	0	14
I	11909732	11909949	2	2	0	3	0	16
I	11910742	11910934	2	2	0	2	0	18
I	11931174	11931333	1	1	0	1	0	12
I	11931413	11931487	1	1	0	1	0	15
I	12533503	12533744	1	1	0	1	0	18
I	12652435	12652617	1	1	0	1	0	12
I	12652747	12652799	1	1	0	1	0	12
I	12654087	12654144	1	1	0	3	0	17
I	12781814	12782104	1	1	0	1	0	17
I	12863020	12863069	2	2	0	1	0	13
I	12905458	12905504	1	1	0	1	0	15
I	12917837	12918977	1	1	0	0	3	14
I	12918925	12918977	1	1	0	0	3	14
I	12922166	12923009	1	1	0	1	0	18
I	12965521	12965570	2	2	0	2	0	17
I	13282518	13282574	2	2	0	1	0	17
I	13431197	13431252	1	1	0	1	0	14
I	13587918	13588727	2	2	0	1	0	14
I	13656560	13657237	1	1	0	1	0	13
I	13755302	13755346	2	2	0	1	0	13
I	13802555	13803632	2	2	0	1	0	15
I	13952849	13952903	1	1	0	2	0	14
I	14424239	14424606	1	1	0	1	0	14
I	14468593	14468649	2	2	0	1	0	15
I	14468790	14468842	2	2	0	1	0	12
I	14468940	14469014	2	2	0	2	0	14
I	14490779	14492497	2	2	0	1	0	13
I	14567498	14570052	2	2	0	1	0	15
I	14622898	14623009	2	2	0	1	0	14
I	14623899	14624029	2	2	0	1	0	18
I	14624148	14624785	2	2	0	2	0	14
I	14624920	14629884	2	2	0	1	0	15
I	14630780	14630914	2	2	0	1	0	14
I	14635319	14636285	2	2	0	1	0	15
I	14720008	14720058	2	2	0	1	0	16
I	14737796	14737845	1	1	0	1	0	17
I	14856391	14856442	2	2	0	1	0	12
I	14856932	14856986	2	2	0	1	0	16
I	14862027	14862507	2	2	0	1	0	13
II	47642	47986	1	1	0	1	0	13
II	96397	96754	2	2	0	1	0	17
II	96808	97058	2	2	0	1	0	16
II	213756	214228	2	2	0	1	0	12
II	286692	286767	1	1	0	1	0	15
II	403272	403341	1	1	0	1	0	14
II	474440	475118	2	2	0	1	0	13
II	475797	475842	2	2	0	1	0	15
II	476935	477021	1	1	0	1	0	12
II	487953	488417	1	1	0	1	0	16
II	526714	527519	1	1	0	1	0	18
II	581242	581657	1	1	0	1	0	13
II	597666	597792	2	2	0	1	0	15
II	1099445	1099596	2	2	0	1	0	12
II	1122867	1122963	2	2	0	1	0	16
II	1310643	1311275	1	1	0	1	0	13
II	1319979	1320025	1	1	0	1	0	13
II	1321447	1321493	1	1	0	1	0	16
II	1322163	1322213	1	1	0	1	0	17
II	1416557	1419728	1	1	0	1	0	14
II	1508661	1508738	1	1	0	1	0	12
II	2237147	2238113	1	1	0	1	0	15
II	2238510	2240359	1	1	0	0	1	16
II	2239360	2240359	1	1	0	0	1	16
II	2241730	2242494	1	1	0	1	0	17
II	2461251	2461794	2	2	0	1	0	13
II	3082986	3083828	1	1	0	1	0	18
II	3347857	3347914	2	2	0	1	0	17
II	3470395	3470436	2	2	0	1	0	16
II	3503085	3503172	1	1	0	1	0	13
II	3921804	3924460	2	2	0	1	0	12
II	3935512	3935564	1	1	0	1	0	15
II	4043968	4044025	2	2	0	1	0	13
II	4430252	4430814	1	1	0	2	0	15
II	4523031	4523074	2	2	0	1	0	14
II	4696910	4696976	2	2	0	1	0	14
II	4704295	4704340	2	2	0	1	0	13
II	4709528	4709579	1	1	0	1	0	12
II	4713069	4713426	1	1	0	1	0	16
II	4727537	4727583	2	2	0	1	0	14
II	4740617	4740661	1	1	0	1	0	14
II	4741123	4741169	1	1	0	1	0	15
II	4792637	4792681	1	1	0	1	0	18
II	4867148	4867222	1	1	0	0	1	12
II	4867148	4870330	1	1	0	0	1	12
II	4870580	4870707	2	2	0	2	0	13
II	4941015	4941055	2	2	0	1	0	12
II	4945681	4945735	2	2	0	1	0	17
II	4957560	4957605	2	2	0	2	0	18
II	5054705	5054814	2	2	0	1	0	13
II	5055988	5056033	1	1	0	1	0	18
II	5062229	5062276	1	1	0	1	0	15
II	5065569	5065830	1	1	0	1	0	12
II	5279570	5279614	2	2	0	1	0	15
II	5379218	5379281	1	1	0	3	0	14
II	5387950	5388426	2	2	0	1	0	13
II	5397875	5397922	2	2	0	1	0	14
II	5457467	5457547	1	1	0	1	0	12
II	5457921	5458001	1	1	0	1	0	17
II	5503076	5503127	1	1	0	1	0	17
II	5587015	5587210	1	1	0	1	0	12
II	5658131	5658177	2	2	0	1	0	13
II	5696132	5696186	1	1	0	1	0	14
II	5718734	5719114	1	1	0	1	0	18
II	5827888	5828089	2	2	0	1	0	14
II	5828294	5828340	2	2	0	1	0	13
II	5915322	5915372	1	1	0	1	0	12
II	5939354	5939409	1	1	0	1	0	17
II	6048890	6048935	1	1	0	1	0	14
II	6049028	6049076	1	1	0	2	0	12
II	6124847	6124890	1	1	0	1	0	15
II	6200111	6200176	1	1	0	2	0	16
II	6252044	6252124	1	1	0	1	0	15
II	6278243	6278287	1	1	0	1	0	17
II	6373264	6373412	1	1	0	2	0	16
II	6588204	6588252	2	2	0	3	0	15
II	6588362	6588407	2	2	0	1	0	16
II	6588522	6588565	2	2	0	3	0	13
II	6594050	6594098	2	2	0	1	0	12
II	6743339	6743382	1	1	0	1	0	17
II	6743907	6743952	1	1	0	1	0	14
II	6855039	6855252	2	2	0	1	0	16
II	6855571	6855616	2	2	0	2	0	14
II	6857870	6857918	2	2	0	1	0	18
II	6893230	6893276	2	2	0	1	0	17
II	6927910	6932192	2	2	0	1	0	14
II	6934156	6940748	1	1	0	1	0	17
II	7075215	7075288	1	1	0	1	0	17
II	7105619	7105842	1	1	0	2	0	15
II	7106006	7106049	1	1	0	3	0	16
II	7106188	7106233	1	1	0	2	0	14
II	7131785	7131826	2	2	0	1	0	13
II	7133050	7133094	1	1	0	1	0	17
II	7134454	7134501	1	1	0	1	0	18
II	7135746	7135792	1	1	0	1	0	17
II	7353907	7353960	2	2	0	1	0	18
II	7376362	7376411	1	1	0	1	0	16
II	7601236	7601288	1	1	0	1	0	12
II	7662921	7662970	2	2	0	1	0	13
II	7664782	7664829	1	1	0	1	0	17
II	7665841	7665889	1	1	0	1	0	12
II	7775742	7775798	2	2	0	1	0	12
II	7945057	7945102	2	2	0	1	0	16
II	8023402	8023449	2	2	0	1	0	17
II	8045326	8045434	1	1	0	1	0	18
II	8046719	8046798	1	1	0	1	0	15
II	8067671	8067721	1	1	0	1	0	17
II	8069043	8069090	2	2	0	1	0	12
II	8112844	8112893	2	2	0	1	0	18
II	8144361	8144406	1	1	0	1	0	14
II	8161338	8161383	2	2	0	1	0	18
II	8185522	8185565	1	1	0	1	0	14
II	8186340	8186384	1	1	0	1	0	15
II	8214870	8215371	2	2	0	1	0	18
II	8218838	8218891	1	1	0	1	0	16
II	8282144	8282191	2	2	0	1	0	12
II	8308797	8308840	2	2	0	1	0	18
II	8323170	8323225	2	2	0	1	0	17
II	8526120	8526162	1	1	0	1	0	17
II	8560012	8560087	2	2	0	1	0	18
II	8560241	8560826	2	2	0	1	0	12
II	8570122	8570173	1	1	0	2	0	14
II	8570357	8570401	1	1	0	4	0	15
II	8570741	8570788	1	1	0	3	0	16
II	8576655	8576701	1	1	0	2	0	12
II	8579540	8579586	1	1	0	1	0	13
II	8602942	8603114	1	1	0	3	0	13
II	8607224	8607448	1	1	0	1	0	13
II	8789461	8789562	1	1	0	1	0	12
II	8889198	8889241	1	1	0	1	0	13
II	8907288	8907724	1	1	0	1	0	12
II	8929265	8929310	1	1	0	2	0	13
II	8938605	8938732	1	1	0	1	0	17
II	8962260	8962670	2	2	0	1	0	12
II	9056912	9057003	2	2	0	3	0	15
II	9177467	9177662	1	1	0	1	0	16
II	9278086	9278134	2	2	0	2	0	16
II	9287876	9288158	1	1	0	1	0	12
II	9332759	9332812	1	1	0	1	0	12
II	9350960	9351008	2	2	0	2	0	13
II	9524310	9524356	1	1	0	1	0	12
II	9525250	9525298	1	1	0	1	0	14
II	9623989	9624044	2	2	0	1	0	14
II	9772956	9773005	2	2	0	1	0	14
II	9887240	9887284	2	2	0	1	0	12
II	9939269	9939313	1	1	0	1	0	18
II	9967578	9967623	2	2	0	2	0	13
II	10000504	10000774	2	2	0	1	0	15
II	10010406	10010458	2	2	0	1	0	12
II	10100449	10100498	1	1	0	1	0	17
II	10171803	10171854	1	1	0	0	1	14
II	10197708	10197760	1	1	0	1	0	15
II	10240666	10241533	2	2	0	1	0	16
II	10249366	10249411	1	1	0	1	0	15
II	10301688	10301734	1	1	0	2	0	13
II	10303377	10303424	2	2	0	1	0	12
II	10303566	10303617	2	2	0	1	0	14
II	10394660	10394711	1	1	0	0	1	14
II	10418791	10418838	1	1	0	1	0	17
II	10560713	10560967	2	2	0	2	0	14
II	10582713	10582765	1	1	0	1	0	16
II	10590975	10591399	1	1	0	1	0	18
II	10658379	10658458	2	2	0	2	0	14
II	10707360	10707406	1	1	0	2	0	15
II	10814317	10814951	2	2	0	1	0	17
II	10869705	10869756	1	1	0	1	0	17
II	10876485	10877021	1	1	0	1	0	17
II	10883830	10883877	2	2	0	1	0	17
II	11013253	11013306	2	2	0	1	0	12
II	11013392	11013683	2	2	0	1	0	15
II	11040747	11041112	2	2	0	1	0	17
II	11097035	11097087	2	2	0	3	0	14
II	11125627	11125901	2	2	0	5	0	18
II	11126228	11126275	2	2	0	1	0	16
II	11189026	11189219	1	1	0	1	0	12
II	11234688	11234729	2	2	0	1	0	15
II	11427327	11427373	1	1	0	1	0	16
II	11540365	11540437	2	2	0	1	0	14
II	11544321	11544368	2	2	0	1	0	12
II	11586954	11587004	1	1	0	1	0	17
II	11653317	11653362	1	1	0	1	0	17
II	11712684	11712985	1	1	0	1	0	13
II	11713343	11713444	1	1	0	1	0	13
II	11726220	11726266	1	1	0	1	0	14
II	11729550	11729606	1	1	0	2	0	13
II	11744380	11744430	2	2	0	1	0	13
II	11745571	11745719	2	2	0	1	0	12
II	11966292	11966441	2	2	0	1	0	16
II	11967433	11967478	2	2	0	1	0	17
II	11978923	11979047	2	2	0	1	0	18
II	11981097	11982033	1	1	0	1	0	17
II	12170525	12170575	1	1	0	1	0	13
II	12896188	12896519	1	1	0	1	0	14
II	13040421	13041452	2	2	0	1	0	17
II	13389855	13390653	1	1	0	1	0	14
II	13723552	13724598	1	1	0	1	0	15
II	13748293	13749703	1	1	0	1	0	12
II	14126677	14126769	2	2	0	1	0	17
II	14162813	14164242	1	1	0	1	0	12
II	14263264	14264749	2	2	0	1	0	12
II	14347357	14347780	2	2	0	1	0	18
II	14350293	14350341	1	1	0	1	0	13
II	14400752	14400791	1	1	0	1	0	18
II	14406470	14406520	1	1	0	1	0	17
II	14529126	14529180	1	1	0	1	0	13
II	14602700	14602918	1	1	0	1	0	17
II	14661938	14662037	2	2	0	1	0	16
II	14815742	14816041	1	1	0	1	0	18
II	15010266	15010310	2	2	0	1	0	16
II	15121858	15121907	1	1	0	1	0	16
III	83559	84205	2	2	0	1	0	16
III	191090	191764	1	1	0	1	0	12
III	591630	591965	2	2	0	1	0	12
III	599718	600034	2	2	0	1	0	17
III	728427	728881	2	2	0	1	0	18
III	782968	783011	2	2	0	1	0	12
III	794371	794569	1	1	0	1	0	14
III	794670	794937	1	1	0	4	0	17
III	798632	799586	1	1	0	1	0	13
III	808123	809327	1	1	0	1	0	16
III	854734	854783	1	1	0	1	0	12
III	882059	882105	2	2	0	1	0	14
III	901235	901279	2	2	0	1	0	18
III	910463	910506	2	2	0	3	0	16
III	911419	911463	1	1	0	1	0	14
III	1092878	1094227	1	1	0	1	0	14
III	1419262	1419330	1	1	0	5	0	15
III	1510959	1512880	2	2	0	1	0	12
III	1772832	1773997	2	2	0	1	0	17
III	1917190	1917238	1	1	0	1	0	16
III	1950772	1951072	1	1	0	1	0	18
III	1957680	1957726	2	2	0	1	0	16
III	2102500	2102717	1	3	0	1	0	12
III	2115232	2115907	2	2	0	1	0	15
III	2344181	2346413	1	1	0	1	0	14
III	2384000	2384501	1	1	0	1	0	12
III	2421744	2422450	1	1	0	1	0	17
III	2462330	2462473	1	1	0	0	1	16
III	2462330	2462752	1	1	0	0	1	16
III	2823710	2824544	1	1	0	1	0	16
III	2882612	2882909	1	1	0	1	0	14
III	3068468	3068573	1	1	0	2	0	14
III	3068744	3068972	1	1	0	1	0	12
III	3070831	3070896	1	1	0	1	0	12
III	3171801	3171912	1	1	0	1	0	12
III	3243859	3246819	2	2	0	1	0	17
III	3399042	3399092	1	1	0	1	0	18
III	3401108	3401165	2	2	0	1	0	17
III	3402978	3403153	2	2	0	1	0	15
III	3403580	3403632	2	2	0	1	0	17
III	3464314	3465031	1	1	0	1	0	14
III	3498337	3498905	2	2	0	1	0	16
III	3503086	3503132	2	2	0	3	0	17
III	3503286	3503337	2	2	0	4	0	12
III	3660927	3661831	2	2	0	1	0	17
III	3700886	3700935	2	2	0	1	0	15
III	3701320	3701365	2	2	0	1	0	15
III	3800055	3800374	2	2	0	1	0	16
III	3824457	3824502	1	1	0	1	0	15
III	3865326	3865449	1	1	0	3	0	14
III	3869070	3869204	1	1	0	6	0	16
III	3909401	3909453	2	2	0	2	0	12
III	3910662	3911220	2	2	0	1	0	13
III	3999745	4000178	2	2	0	2	0	13
III	4016260	4016314	2	2	0	1	0	12
III	4016789	4016865	2	2	0	4	0	15
III	4085387	4085427	2	2	0	1	0	16
III	4165361	4165917	2	2	0	1	0	14
III	4205517	4205573	1	1	0	1	0	14
III	4206792	4206840	1	1	0	1	0	13
III	4207931	4207973	1	1	0	1	0	15
III	4310679	4310731	2	2	0	1	0	12
III	4310878	4311050	2	2	0	1	0	12
III	4344095	4344146	1	1	0	1	0	14
III	4344933	4344987	1	1	0	1	0	13
III	4476070	4476114	1	1	0	6	0	16
III	4490411	4490456	1	1	0	2	0	14
III	4498554	4498959	2	2	0	1	0	16
III	4500422	4500466	2	2	0	1	0	14
III	4507870	4507976	2	2	0	1	0	13
III	4558292	4558611	1	1	0	1	0	13
III	4580639	4580691	1	1	0	1	0	18
III	4580988	4581038	1	1	0	1	0	17
III	4591079	4591126	1	1	0	1	0	14
III	4598901	4598946	2	2	0	1	0	12
III	4605939	4605983	2	2	0	1	0	18
III	4737785	4738335	2	2	0	1	0	16
III	4749841	4749884	1	1	0	0	1	14
III	4752280	4752323	2	2	0	0	1	14
III	4753383	4753429	2	2	0	1	0	17
III	4753842	4753913	2	2	0	2	0	17
III	4754818	4754868	1	1	0	1	0	18
III	4756416	4756494	1	1	0	1	0	12
III	4757901	4758129	1	1	0	1	0	14
III	4779774	4779817	2	2	0	1	0	17
III	4794574	4794623	1	1	0	1	0	18
III	4853056	4853241	1	1	0	1	0	18
III	4888836	4889267	2	2	0	1	0	14
III	4892399	4892852	2	2	0	1	0	16
III	4916322	4916367	2	2	0	1	0	15
III	4936687	4936731	1	1	0	1	0	13
III	5012327	5012455	2	2	0	1	0	16
III	5015020	5016296	2	2	0	1	0	17
III	5186458	5186507	1	1	0	1	0	13
III	5197196	5197239	2	2	0	1	0	16
III	5205958	5206032	2	2	0	1	0	12
III	5228649	5228697	1	1	0	1	0	14
III	5229328	5229374	1	1	0	1	0	13
III	5233656	5233879	1	1	0	1	0	13
III	5274504	5274637	2	2	0	1	0	15
III	5309351	5309399	1	1	0	1	0	16
III	5349019	5349067	2	2	0	1	0	14
III	5537822	5537895	2	2	0	1	0	14
III	5565533	5566673	1	1	0	2	1	17
III	5592212	5592353	1	1	0	1	0	15
III	5593558	5593609	1	1	0	2	0	18
III	5594001	5594066	1	1	0	1	0	12
III	5679347	5679575	1	1	0	3	0	15
III	5679714	5679880	1	1	0	1	0	13
III	5705801	5705896	2	2	0	6	0	18
III	5713701	5713746	1	1	0	1	0	17
III	5729806	5729856	1	1	0	1	0	13
III	5830717	5831066	2	2	0	1	0	15
III	5879030	5879074	1	1	0	1	0	12
III	5961353	5961408	1	1	0	1	0	15
III	6008759	6008804	2	4	0	1	0	17
III	6115109	6115161	2	2	0	1	0	15
III	6156919	6157606	2	2	0	1	0	15
III	6207134	6207178	1	1	0	1	0	17
III	6207329	6207427	1	1	0	1	0	14
III	6207561	6207730	1	1	0	9	0	17
III	6246692	6246738	2	2	0	1	0	13
III	6247592	6247641	2	2	0	1	0	13
III	6250145	6250311	1	1	0	1	0	12
III	6278024	6278063	2	2	0	1	0	17
III	6338931	6338979	2	2	0	1	0	13
III	6371803	6371850	1	1	0	1	0	15
III	6374681	6374852	2	2	0	1	1	14
III	6380026	6380074	1	1	0	2	0	16
III	6387712	6387762	1	1	0	1	0	12
III	6416490	6416671	2	2	0	1	0	15
III	6417568	6417621	2	2	0	1	0	14
III	6460840	6461168	1	1	0	1	0	16
III	6490688	6490773	1	1	0	1	0	17
III	6607772	6607818	2	2	0	1	0	12
III	6721953	6722000	2	2	0	1	0	16
III	6724581	6724627	1	1	0	1	0	16
III	6725435	6725479	1	1	0	1	0	15
III	6726942	6727460	1	1	0	1	0	18
III	6727618	6727695	1	1	0	1	0	16
III	6797023	6797170	1	1	0	1	0	16
III	6957958	6958056	1	1	0	1	0	16
III	6970397	6970445	2	2	0	6	0	18
III	6971267	6971314	2	2	0	4	0	14
III	6971484	6971536	2	2	0	8	0	18
III	6972447	6972491	1	1	0	1	0	14
III	6982617	6982660	1	1	0	0	1	14
III	6984868	6984911	2	2	0	0	1	14
III	7022201	7022249	1	1	0	1	0	15
III	7022509	7022556	1	1	0	1	0	13
III	7102759	7102804	2	2	0	1	0	14
III	7103492	7103534	2	2	0	4	0	15
III	7103877	7103919	2	2	0	1	0	16
III	7157743	7157792	2	2	0	1	0	17
III	7167892	7167959	1	1	0	1	0	14
III	7179225	7179272	2	2	0	1	0	12
III	7189340	7189388	2	2	0	3	0	18
III	7189477	7189575	2	2	0	1	0	14
III	7198393	7198443	2	2	0	1	0	16
III	7208584	7208810	1	1	0	4	0	16
III	7208995	7209192	1	1	0	1	0	18
III	7209381	7209602	1	1	0	4	0	17
III	7211580	7212734	1	1	0	1	0	17
III	7214295	7214344	1	1	0	1	0	12
III	7225208	7225253	2	2	0	1	0	12
III	7229246	7229293	2	2	0	1	0	17
III	7310539	7310611	2	2	0	1	0	13
III	7311372	7311421	1	1	0	1	0	12
III	7379572	7379623	2	2	0	1	0	16
III	7481621	7481665	2	2	0	2	0	14
III	7496528	7496675	2	2	0	2	0	13
III	7497094	7497138	2	2	0	1	0	15
III	7572249	7572298	2	2	0	1	0	16
III	7572432	7572482	2	2	0	1	0	12
III	7573659	7573703	1	3	0	1	0	15
III	7589657	7589702	1	1	0	1	0	16
III	7765779	7765869	2	2	0	1	0	13
III	7887355	7887778	2	2	0	1	0	16
III	7923290	7923575	2	2	0	1	0	13
III	7934906	7934963	1	1	0	1	0	16
III	7951308	7951427	2	2	0	1	0	12
III	7973076	7973193	2	2	0	1	0	14
III	7973803	7973846	1	1	0	2	0	12
III	7985755	7985800	1	1	0	1	0	16
III	7985920	7986022	1	1	0	1	0	16
III	8018018	8018083	2	2	0	1	0	14
III	8019661	8019735	2	2	0	1	0	15
III	8049276	8049541	2	2	0	2	0	13
III	8049678	8049724	2	2	0	2	0	18
III	8082768	8082811	1	1	0	1	0	12
III	8102811	8102856	1	1	0	1	0	16
III	8129835	8129977	2	2	0	1	0	13
III	8141079	8141126	2	2	0	1	0	17
III	8156151	8156233	2	2	0	1	0	17
III	8225660	8225704	1	1	0	1	0	13
III	8246863	8246946	1	1	0	1	0	16
III	8358753	8358806	1	1	0	1	0	14
III	8400450	8400796	2	2	0	1	0	12
III	8406739	8406783	1	1	0	1	0	14
III	8447892	8447934	1	1	0	1	0	13
III	8607877	8607925	2	2	0	1	0	12
III	8617859	8617911	2	2	0	1	0	17
III	8618349	8618393	2	2	0	1	0	14
III	8681780	8682388	2	2	0	1	0	17
III	8690839	8690886	1	1	0	1	0	16
III	8967048	8967102	2	2	0	1	0	15
III	8970342	8970388	2	2	0	1	0	12
III	8996100	8996147	2	2	0	1	0	15
III	9004305	9004350	1	1	0	2	0	17
III	9080655	9080702	2	2	0	2	0	17
III	9082338	9082409	1	1	0	5	0	15
III	9130371	9130419	1	1	0	1	0	12
III	9228079	9228122	2	2	0	1	0	14
III	9369237	9369288	1	1	0	1	0	16
III	9488795	9488847	1	1	0	1	0	15
III	9529725	9529768	1	1	0	1	0	16
III	9612666	9613044	2	2	0	1	0	16
III	9626992	9627546	2	2	0	1	0	13
III	9631069	9631123	2	2	0	1	0	14
III	9695088	9695133	2	2	0	1	0	17
III	9719064	9719108	2	2	0	1	0	16
III	9745974	9746022	2	2	0	1	0	15
III	9748493	9748539	1	1	0	1	0	15
III	9752527	9752572	2	2	0	1	0	18
III	9761854	9761912	2	2	0	1	0	14
III	9782651	9782696	1	1	0	1	0	13
III	9825126	9825180	2	2	0	1	0	17
III	9832171	9832216	1	1	0	1	0	12
III	9855584	9856090	2	2	0	1	0	15
III	9952503	9952730	2	2	0	1	0	13
III	9961665	9962086	1	1	0	1	0	12
III	10092824	10092881	2	2	0	1	0	15
III	10119222	10119270	2	2	0	1	0	15
III	10121018	10121075	1	1	0	1	0	16
III	10441404	10441697	2	2	0	1	0	17
III	10458939	10458990	2	2	0	1	0	16
III	10459133	10459405	2	2	0	1	0	15
III	10595887	10596228	2	2	0	1	0	13
III	10644067	10644126	1	1	0	2	0	12
III	10712537	10713542	2	2	0	1	0	13
III	10713786	10714425	2	2	0	1	0	14
III	10891611	10892490	1	1	0	1	0	17
III	10983034	10983145	2	2	0	0	1	12
III	10983034	10985503	2	2	0	0	1	12
III	10985447	10985503	2	2	0	0	1	12
III	11105025	11105068	2	2	0	0	1	15
III	11120073	11120119	1	1	0	1	0	13
III	11120374	11120417	1	1	0	0	1	15
III	11265380	11265433	2	2	0	1	0	14
III	11326917	11327850	2	2	0	1	0	13
III	11329047	11330789	2	2	0	1	0	13
III	11373526	11374258	2	2	0	1	0	15
III	11824156	11824209	1	1	0	1	0	17
III	11915511	11915566	2	2	0	2	0	16
III	11921250	11921301	1	1	0	1	0	18
III	12226070	12226118	2	2	0	1	0	13
III	12367817	12367875	2	2	0	2	0	15
III	12464061	12465487	1	1	0	1	0	14
III	12656606	12660569	2	2	0	1	0	17
III	12711694	12711741	1	1	0	1	0	16
III	12876509	12876561	2	2	0	1	0	15
III	12905826	12905932	1	1	0	2	0	16
III	12975462	12976376	2	2	0	1	0	18
III	12978306	12978382	2	2	0	4	0	18
III	13019289	13019346	1	1	0	2	0	14
III	13261864	13261909	1	1	0	1	0	13
III	13371735	13372424	2	2	0	1	0	18
III	13459420	13460702	2	2	0	1	0	14
III	13463289	13463396	1	1	0	2	0	13
III	13463462	13463506	1	1	0	3	0	18
III	13463728	13463780	1	1	0	2	0	16
III	13551354	13551447	2	2	0	1	0	15
III	13564011	13564249	2	2	0	1	0	13
III	13604714	13604763	2	2	0	2	0	13
III	13605231	13605565	2	2	0	3	0	16
III	13615007	13615470	2	2	0	2	0	15
III	13641964	13642117	2	2	0	1	0	14
III	13766027	13768024	2	2	0	1	0	14
III	13769011	13769056	2	2	0	1	0	15
III	13774769	13775116	1	1	0	1	0	12
IV	126881	127390	1	1	0	1	0	12
IV	286119	286300	1	1	0	1	0	16
IV	315438	315678	2	2	0	1	0	12
IV	326248	326313	2	2	0	2	0	15
IV	328355	328400	1	1	0	1	0	14
IV	382706	382755	2	2	0	1	0	12
IV	385978	386093	1	1	0	1	0	17
IV	386304	386432	1	1	0	2	0	15
IV	387347	387402	1	1	0	2	0	16
IV	415959	416094	2	2	0	1	0	17
IV	418592	419122	2	2	0	1	0	14
IV	1123664	1124823	2	2	0	3	0	15
IV	1217133	1218140	1	1	0	1	0	16
IV	1273241	1273289	1	1	0	1	0	17
IV	1290018	1291431	1	1	0	1	0	15
IV	1334463	1335187	1	1	0	1	0	16
IV	1419573	1419720	2	2	0	1	0	14
IV	1500054	1500838	1	1	0	1	0	14
IV	1503521	1506104	1	1	0	1	0	14
IV	1509446	1509594	1	1	0	1	0	14
IV	1642087	1644003	2	2	0	1	0	14
IV	1660391	1660438	1	1	0	1	0	13
IV	1720929	1720979	1	1	0	1	0	12
IV	1962095	1962453	1	1	0	1	0	13
IV	1962636	1962940	1	1	0	1	0	13
IV	1973828	1973879	1	1	0	1	0	12
IV	2206629	2207777	1	1	0	1	0	13
IV	2311172	2312623	2	2	0	1	0	15
IV	2494975	2495027	2	2	0	2	0	16
IV	2571507	2571560	1	1	0	1	0	15
IV	2716867	2718007	2	2	0	1	0	13
IV	2806065	2806109	1	1	0	1	0	17
IV	2992488	2995249	2	2	0	1	0	15
IV	3296044	3296097	1	1	0	1	0	12
IV	3438479	3438531	1	1	0	1	0	15
IV	3685457	3686102	2	2	0	1	0	15
IV	4172694	4173738	1	1	0	1	0	16
IV	4387797	4388181	1	1	0	1	0	14
IV	4389345	4389398	2	2	0	1	0	16
IV	4390041	4390336	2	2	0	0	3	16
IV	4390461	4390561	2	2	0	0	1	14
IV	4442701	4442751	2	2	0	1	0	15
IV	4647837	4648022	1	1	0	2	0	16
IV	4651113	4651237	1	1	0	1	0	16
IV	4659849	4660086	2	2	0	1	0	12
IV	4707090	4707141	2	2	0	1	0	13
IV	4707328	4708257	2	2	0	1	0	13
IV	4749515	4749562	2	2	0	2	0	17
IV	4996574	4996690	1	1	0	0	2	15
IV	4996574	4996729	1	1	0	0	2	15
IV	4996574	4996807	1	1	0	0	2	15
IV	5087339	5087390	2	2	0	2	0	12
IV	5209906	5210162	1	1	0	1	0	16
IV	5362636	5362930	2	2	0	1	0	18
IV	5375165	5376368	2	2	0	1	0	14
IV	5392782	5392827	1	1	0	1	0	15
IV	5394551	5394687	2	2	0	1	0	12
IV	5451879	5452036	2	2	0	1	0	13
IV	5655909	5660255	2	2	0	1	0	14
IV	5947317	5947429	2	2	0	5	0	17
IV	5984746	5984795	1	1	0	1	0	15
IV	6016524	6016954	1	1	0	1	0	17
IV	6022158	6022204	2	2	0	1	0	12
IV	6101460	6101507	1	1	0	1	0	18
IV	6324286	6324332	1	1	0	2	0	18
IV	6324639	6324725	1	1	0	1	0	16
IV	6369114	6369171	2	2	0	1	0	16
IV	6425020	6425098	2	2	0	4	0	16
IV	6425482	6425529	2	2	0	1	0	15
IV	6425675	6425758	2	2	0	1	0	13
IV	6563648	6563767	1	1	0	1	0	16
IV	6644408	6644454	1	1	0	1	0	16
IV	6761399	6761474	1	1	0	1	0	18
IV	6761618	6761663	1	1	0	1	0	15
IV	6791450	6791550	1	1	0	2	0	15
IV	6907072	6907117	2	2	0	1	0	14
IV	6918570	6918615	2	2	0	1	0	15
IV	6976367	6976414	2	2	0	2	0	15
IV	7007831	7007880	1	3	0	1	0	16
IV	7044238	7044440	2	2	0	1	0	16
IV	7084357	7084402	2	2	0	1	0	13
IV	7102199	7102242	2	2	0	1	0	13
IV	7139021	7139087	2	2	0	1	0	17
IV	7150352	7150403	1	1	0	1	0	14
IV	7182150	7182200	1	1	0	1	0	13
IV	7313154	7313199	2	2	0	6	0	15
IV	7313506	7313555	2	2	0	3	0	16
IV	7364406	7364597	2	2	0	0	1	15
IV	7364873	7364921	2	2	0	0	1	15
IV	7375337	7375385	1	1	0	0	1	15
IV	7375661	7375852	1	1	0	0	1	15
IV	7472346	7472403	2	2	0	1	0	14
IV	7472517	7472561	2	2	0	1	0	13
IV	7506813	7506858	2	2	0	1	0	14
IV	7507117	7507273	2	2	0	1	0	17
IV	7519561	7519711	2	2	0	1	0	16
IV	7544227	7544272	2	2	0	1	0	18
IV	7548651	7548693	1	1	0	1	0	16
IV	7774872	7774926	1	1	0	1	0	12
IV	7795905	7795958	2	2	0	1	0	12
IV	7827463	7827568	2	2	0	1	0	14
IV	7926186	7926234	2	2	0	2	0	17
IV	7982596	7982645	1	1	0	1	0	12
IV	8081606	8082013	1	1	0	1	0	16
IV	8134231	8134834	2	2	0	1	0	12
IV	8202044	8202088	2	2	0	1	0	16
IV	8265824	8265871	1	1	0	7	0	17
IV	8266139	8266184	1	1	0	2	0	15
IV	8300154	8300195	1	1	0	1	0	17
IV	8378574	8378619	2	2	0	1	0	16
IV	8380089	8380273	1	1	0	1	0	12
IV	8390287	8390710	2	2	0	0	1	13
IV	8416073	8416496	2	2	0	0	1	13
IV	8419501	8419911	2	2	0	1	0	14
IV	8461563	8461607	2	2	0	1	0	15
IV	8478090	8478318	1	1	0	1	0	13
IV	8498534	8498579	2	2	0	1	0	16
IV	8512624	8512701	1	1	0	1	0	14
IV	8535979	8536340	1	1	0	1	0	12
IV	8536708	8536904	1	1	0	1	0	12
IV	8592881	8592930	1	1	0	2	0	14
IV	8686333	8686382	2	2	0	1	0	13
IV	8687071	8687224	2	2	0	1	0	17
IV	8726856	8726931	1	1	0	1	0	17
IV	8727544	8727588	1	1	0	1	0	15
IV	8739832	8739882	2	2	0	1	0	18
IV	8860724	8860965	1	1	0	1	0	16
IV	8889340	8889385	1	1	0	1	0	14
IV	9094345	9094388	2	2	0	1	0	15
IV	9129762	9129883	1	1	0	1	0	17
IV	9237908	9238056	1	1	0	1	0	12
IV	9262612	9262657	2	2	0	2	0	14
IV	9319464	9319790	1	1	0	1	0	13
IV	9319879	9319931	1	1	0	1	0	16
IV	9320982	9321037	2	2	0	2	0	12
IV	9321901	9321948	1	1	0	1	0	12
IV	9337747	9337831	1	1	0	1	0	13
IV	9375947	9375988	1	1	0	1	0	17
IV	9524589	9524638	2	2	0	1	0	12
IV	9526534	9526992	1	1	0	1	0	17
IV	9527785	9528010	1	1	0	1	0	13
IV	9563409	9563514	1	1	0	3	0	17
IV	9645970	9646018	2	2	0	1	0	16
IV	9739651	9739695	2	2	0	1	0	13
IV	9800613	9800689	1	1	0	1	0	18
IV	9804827	9805137	1	1	0	1	0	13
IV	9858590	9858637	1	1	0	1	0	14
IV	9861241	9861290	1	1	0	1	0	13
IV	10005109	10005166	1	1	0	1	0	17
IV	10129448	10129499	1	1	0	1	0	15
IV	10177057	10177099	1	1	0	3	0	12
IV	10178489	10178542	1	1	0	1	0	12
IV	10182168	10182491	1	1	0	2	0	13
IV	10220781	10220937	2	2	0	1	0	16
IV	10279794	10279840	2	2	0	1	0	12
IV	10385976	10386026	1	1	0	1	0	17
IV	10557512	10557602	1	1	0	1	0	15
IV	10777155	10777413	1	1	0	1	0	18
IV	10823889	10823941	1	1	0	1	0	14
IV	10931952	10932236	2	2	0	1	0	13
IV	10937733	10937796	1	1	0	1	0	12
IV	11020621	11020909	1	1	0	1	0	16
IV	11036714	11036758	1	1	0	1	0	17
IV	11063919	11063966	2	2	0	1	0	17
IV	11080459	11080508	2	2	0	1	0	18
IV	11081915	11081961	2	2	0	1	0	13
IV	11110384	11110431	2	2	0	3	0	14
IV	11121650	11121723	1	1	0	1	0	16
IV	11130696	11130743	1	1	0	1	0	12
IV	11181705	11181756	2	6	0	1	0	15
IV	11183732	11183782	1	1	0	1	0	12
IV	11210657	11210729	2	2	0	1	0	15
IV	11246763	11246806	2	2	0	1	0	16
IV	11322973	11323031	1	1	0	2	0	16
IV	11329267	11329313	2	2	0	1	0	18
IV	11355553	11355996	2	2	0	1	0	12
IV	11375405	11375452	1	1	0	2	0	13
IV	11376115	11376162	1	1	0	1	0	16
IV	11376591	11376636	1	1	0	4	0	18
IV	11376970	11377012	1	1	0	1	0	12
IV	11405556	11405872	1	1	0	1	0	14
IV	11412496	11412543	1	1	0	1	0	13
IV	11481169	11481216	1	1	0	1	0	15
IV	11521432	11521477	1	1	0	1	0	15
IV	11521939	11521982	1	1	0	1	0	13
IV	11602790	11602841	1	1	0	4	0	18
IV	11652672	11652723	1	1	0	2	0	17
IV	11750744	11750787	1	1	0	1	0	17
IV	11820781	11820824	2	2	0	1	0	12
IV	11821285	11821331	2	2	0	1	0	14
IV	11914369	11914423	2	2	0	1	0	13
IV	11914761	11915058	2	2	0	1	0	17
IV	11973747	11974055	2	2	0	1	0	14
IV	11974454	11974512	2	2	0	1	0	12
IV	12077583	12077649	2	2	0	1	0	12
IV	12109642	12110101	2	2	0	1	0	16
IV	12140473	12140520	2	2	0	1	0	13
IV	12269161	12269287	1	1	0	2	0	16
IV	12390490	12390686	2	2	0	2	0	16
IV	12390808	12390884	2	2	0	11	0	16
IV	12409824	12409873	1	1	0	1	0	14
IV	12568304	12568350	1	1	0	1	0	12
IV	12602832	12604088	2	2	0	1	0	16
IV	12643864	12644263	1	1	0	1	0	13
IV	12649176	12649227	1	1	0	1	0	14
IV	12838639	12838688	1	1	0	1	0	12
IV	12838989	12839059	1	1	0	2	0	13
IV	13033176	13033228	1	1	0	1	0	13
IV	13079592	13080766	1	1	0	1	0	13
IV	13099070	13099122	1	1	0	1	0	12
IV	13202003	13203190	2	2	0	1	0	13
IV	13238698	13238755	2	2	0	1	0	13
IV	13239777	13239825	2	2	0	2	0	14
IV	13317464	13318261	1	1	0	1	0	13
IV	13352602	13352649	2	2	0	1	0	14
IV	13354882	13354931	1	1	0	1	0	15
IV	13370167	13370223	2	2	0	4	0	18
IV	13419541	13420910	1	1	0	1	0	14
IV	13510888	13510934	2	2	0	2	0	13
IV	13513715	13514519	2	2	0	1	0	17
IV	13647078	13647304	2	2	0	2	0	14
IV	13777894	13777949	1	1	0	4	0	18
IV	13882279	13882432	1	1	0	3	0	14
IV	13882887	13882932	1	1	0	1	0	13
IV	14076062	14076122	1	1	0	1	0	17
IV	14464891	14464969	1	1	0	2	0	12
IV	14496489	14500442	2	2	0	1	0	16
IV	14635251	14635369	1	1	0	1	0	13
IV	14823343	14823456	2	2	0	1	0	18
IV	14824023	14824071	2	2	0	1	0	12
IV	14825801	14825846	1	1	0	2	0	16
IV	14826036	14826190	1	1	0	2	0	14
IV	16198999	16199393	1	1	0	1	0	17
IV	16848606	16850156	2	2	0	1	0	14
IV	17081760	17082530	2	2	0	1	0	17
IV	17104880	17105585	2	2	0	1	0	12
IV	17280008	17280201	1	1	0	2	0	13
IV	17471655	17471862	2	2	0	1	0	15
V	7391	7432	2	2	0	1	0	12
V	120871	121244	2	2	0	1	0	12
V	179387	180191	1	1	0	1	0	18
V	210774	210820	2	2	0	1	0	15
V	416280	416640	2	2	0	1	0	13
V	1010780	1012119	1	1	0	1	0	15
V	1157107	1157163	1	1	0	2	0	17
V	1396102	1397129	2	2	0	1	0	13
V	1475142	1475311	1	1	0	1	0	14
V	1475788	1475840	1	1	0	2	0	15
V	1475941	1476000	1	1	0	1	0	13
V	1816318	1817239	2	2	0	1	0	14
V	1846723	1846801	1	1	0	1	0	17
V	2127853	2127898	1	1	0	1	0	12
V	2133588	2133670	2	2	0	1	0	13
V	2602502	2602554	2	2	0	1	0	16
V	2696304	2697149	1	1	0	1	0	12
V	2810993	2811036	1	1	0	1	0	16
V	3582676	3582731	1	1	0	1	0	13
V	3583289	3583594	1	1	0	1	0	12
V	3585609	3585657	2	2	0	1	0	17
V	3585874	3585923	2	2	0	4	0	17
V	4371043	4371099	2	2	0	1	0	12
V	4371951	4371999	1	1	0	1	0	15
V	4374289	4374338	2	2	0	1	0	13
V	4632205	4634765	1	1	0	2	0	16
V	4635015	4635071	1	1	0	2	0	14
V	4961400	4961442	2	2	0	1	0	17
V	5269888	5269935	1	1	0	1	0	15
V	5325225	5325273	2	2	0	1	0	15
V	5411876	5412439	1	1	0	1	0	16
V	5429011	5429058	1	1	0	1	0	18
V	5429356	5429553	1	1	0	1	0	15
V	5680915	5681194	2	2	0	1	0	17
V	5700263	5700317	1	1	0	1	0	14
V	5700762	5700811	1	1	0	1	0	15
V	5721138	5721182	1	1	0	1	0	17
V	5774283	5774599	2	2	0	1	0	13
V	5941808	5941867	1	1	0	1	0	13
V	6261910	6261959	2	2	0	1	0	14
V	6325246	6325317	1	1	0	1	0	17
V	6393357	6393408	2	2	0	0	1	17
V	6393357	6402055	2	2	0	0	1	17
V	6402004	6402055	2	2	0	0	1	17
V	6491155	6491205	2	2	0	1	0	13
V	6515639	6515684	2	2	0	1	0	14
V	6575553	6575595	2	2	0	1	0	16
V	6767606	6768368	2	2	0	1	0	13
V	6784806	6784852	2	2	0	1	0	12
V	6836450	6836499	1	1	0	4	0	17
V	7576374	7576424	1	1	0	1	0	14
V	7776869	7776961	1	1	0	2	0	15
V	8040007	8040279	2	2	0	1	0	15
V	8215864	8216394	2	2	0	1	0	12
V	8222086	8222129	1	1	0	1	0	16
V	8268346	8268452	2	2	0	2	0	13
V	8302343	8302391	2	2	0	1	0	12
V	8384567	8384612	1	1	0	1	0	12
V	8631063	8631109	2	2	0	1	0	14
V	8731945	8731988	1	1	0	1	0	17
V	9088269	9088323	1	1	0	0	1	13
V	9089574	9089628	2	2	0	0	1	13
V	9116507	9116549	1	1	0	1	0	18
V	9177502	9177548	1	1	0	1	0	12
V	9214253	9214301	2	2	0	1	0	13
V	9216436	9216482	2	2	0	2	0	16
V	9264600	9264861	2	2	0	1	0	16
V	9323585	9323652	1	1	0	1	0	18
V	9326388	9326432	1	1	0	1	0	15
V	9327617	9328862	2	2	0	1	0	13
V	9537206	9537250	1	1	0	1	0	15
V	9543354	9543408	2	2	0	1	0	17
V	9690396	9690445	2	2	0	2	0	18
V	9693599	9693654	1	1	0	1	0	13
V	9706118	9706162	1	1	0	1	0	15
V	9726431	9726488	2	2	0	1	0	12
V	9787816	9787867	2	2	0	1	0	12
V	9789232	9789274	2	2	0	1	0	18
V	9852162	9852309	2	2	0	1	0	12
V	9951380	9951546	1	1	0	1	0	17
V	9951687	9951735	1	1	0	1	0	18
V	9979642	9979698	2	2	0	1	0	13
V	9992593	9992637	1	1	0	1	0	17
V	10087675	10087723	1	1	0	1	0	14
V	10180696	10180742	1	1	0	1	0	18
V	10249060	10249854	1	1	0	1	0	12
V	10250227	10250271	1	1	0	1	0	14
V	10280782	10281018	2	2	0	1	0	15
V	10337528	10337624	2	2	0	1	0	15
V	10574632	10574933	1	1	0	1	0	17
V	10575099	10575175	1	3	0	1	0	17
V	10578689	10578733	2	2	0	1	0	17
V	10578865	10578935	2	2	0	1	0	16
V	10738414	10738468	1	1	0	1	0	13
V	10792254	10792344	2	2	0	1	0	13
V	10792604	10792647	2	2	0	1	0	14
V	10966663	10966988	1	1	0	1	0	13
V	10967465	10967655	1	1	0	1	0	16
V	11072172	11072224	2	2	0	0	12	15
V	11072172	11077111	2	2	0	0	12	15
V	11073006	11073053	2	2	0	0	2	16
V	11073006	11077937	2	2	0	0	2	16
V	11077060	11077111	2	2	0	0	12	15
V	11077893	11077937	2	2	0	3	0	16
V	11081263	11081310	1	1	0	0	2	16
V	11082092	11082143	1	1	0	0	12	15
V	11117537	11117598	1	1	0	1	0	17
V	11123150	11123193	2	2	0	1	0	15
V	11385928	11386044	2	2	0	0	1	18
V	11389189	11389305	1	1	0	0	1	18
V	11506386	11506876	1	1	0	1	0	15
V	11511671	11511717	1	1	0	1	0	15
V	11785002	11785049	2	2	0	2	0	15
V	11914884	11915716	1	1	0	1	0	17
V	11978862	11979464	2	2	0	2	0	16
V	12003177	12003232	1	1	0	1	0	17
V	12116526	12116572	1	1	0	1	0	14
V	12274381	12274766	1	1	0	1	0	17
V	12365469	12365518	1	1	0	1	0	16
V	12480611	12481113	1	1	0	1	0	12
V	12501376	12501664	1	1	0	1	0	17
V	12564496	12565141	1	1	0	1	0	12
V	12727860	12727905	2	2	0	2	0	14
V	12758444	12758592	2	2	0	1	0	13
V	12844112	12844159	2	2	0	2	0	16
V	13038887	13038940	2	2	0	1	0	14
V	13045585	13045743	1	1	0	1	0	12
V	13116547	13116594	1	1	0	2	0	15
V	13177975	13178026	1	1	0	1	0	12
V	13199316	13199363	2	2	0	1	0	15
V	13199316	13202156	2	2	0	0	3	18
V	13202100	13202156	2	2	0	0	3	18
V	13311799	13311847	2	2	0	1	0	15
V	13466708	13466756	1	1	0	1	0	13
V	13497779	13497965	1	1	0	1	0	17
V	13566197	13566575	1	1	0	1	0	12
V	13592229	13592289	1	1	0	1	0	13
V	13650987	13651033	2	2	0	1	0	16
V	13729239	13729286	2	2	0	1	0	16
V	13747391	13747478	2	2	0	1	0	16
V	13908413	13908460	2	2	0	1	0	17
V	13962728	13962770	1	1	0	1	0	12
V	13997536	13997584	2	2	0	1	0	16
V	14010806	14010851	2	2	0	3	0	13
V	14035998	14036044	2	2	0	1	0	17
V	14075679	14076145	1	1	0	1	0	12
V	14076332	14076565	1	1	0	1	0	12
V	14082996	14083046	1	1	0	2	0	12
V	14168931	14168981	2	2	0	1	0	13
V	14292703	14292748	2	2	0	1	0	12
V	14416702	14416747	2	2	0	1	0	13
V	14421291	14421338	2	2	0	1	0	14
V	14422103	14422160	2	2	0	2	0	18
V	14446221	14446287	2	2	0	1	0	16
V	14454994	14455038	2	2	0	1	0	18
V	14686314	14686360	1	1	0	2	0	17
V	14830318	14830760	2	2	0	1	0	13
V	14952000	14952345	1	1	0	1	0	14
V	15001052	15001098	2	2	0	2	0	17
V	15185596	15185641	1	1	0	1	0	18
V	15186878	15186991	2	2	0	2	0	12
V	15395759	15395810	1	1	0	1	0	14
V	15512339	15512610	1	1	0	2	0	12
V	15652968	15653175	2	2	0	1	0	13
V	15655274	15656470	2	2	0	1	0	13
V	15657889	15658986	2	2	0	1	0	13
V	15875437	15875482	2	2	0	1	0	17
V	16592956	16593523	2	2	0	3	0	18
V	16593972	16594512	2	2	0	2	0	17
V	16594612	16595087	2	2	0	1	0	14
V	16794750	16794802	2	2	0	1	0	17
V	16807289	16807956	1	1	0	1	0	13
V	16808704	16809201	1	1	0	1	0	12
V	17089322	17089364	2	2	0	1	0	12
V	17602678	17602725	1	1	0	1	0	14
V	17848170	17849417	2	2	0	1	0	16
V	17883747	17884606	2	2	0	1	0	13
V	17977113	17977265	2	2	0	1	0	12
V	18037965	18040534	1	1	0	1	0	14
V	18660665	18660719	2	2	0	1	0	18
V	18661178	18662358	2	2	0	1	0	17
V	18965096	18965479	2	2	0	1	0	15
V	19643692	19643769	2	2	0	1	0	14
V	19691235	19692644	1	1	0	1	0	12
V	19750623	19755241	2	2	0	0	1	13
V	19752975	19753784	2	2	0	1	0	16
V	19754180	19755241	2	2	0	0	1	13
V	20012023	20012073	1	1	0	1	0	13
V	20468909	20469134	2	2	0	0	3	16
V	20479975	20480200	1	1	0	0	3	16
V	20498243	20498995	2	2	0	2	0	12
V	20727766	20727974	2	2	0	1	0	14
V	20737703	20738725	2	2	0	1	0	16
X	59369	59469	1	1	0	0	1	14
X	59594	59887	1	1	0	0	3	16
X	617120	617174	2	2	0	1	0	18
X	617299	620324	2	2	0	1	0	15
X	644477	644527	2	2	0	1	0	14
X	917469	917890	1	1	0	1	0	18
X	958469	959169	1	1	0	1	0	18
X	959459	959534	1	1	0	1	0	16
X	1127671	1127718	1	1	0	1	0	14
X	1129220	1129603	1	1	0	1	0	17
X	1129949	1130315	1	1	0	1	0	13
X	1168093	1168149	1	1	0	1	0	14
X	1322332	1324382	1	1	0	1	0	15
X	1980131	1980181	1	1	0	1	0	17
X	2239200	2239463	1	1	0	1	0	18
X	2241939	2241985	2	2	0	1	0	17
X	2242430	2242481	2	2	0	2	0	17
X	2364179	2364225	1	1	0	1	0	17
X	2695189	2696060	1	1	0	1	0	12
X	2697942	2697994	1	1	0	1	0	16
X	2934141	2935297	1	1	0	1	0	15
X	3025710	3025858	1	1	0	1	0	17
X	3113033	3113081	2	2	0	1	0	17
X	3233535	3233625	2	2	0	1	0	17
X	3404345	3404414	1	1	0	1	0	15
X	3404700	3404746	1	1	0	0	3	17
X	3407785	3407833	1	1	0	0	6	18
X	3408244	3408295	1	1	0	0	3	12
X	3446427	3446478	1	1	0	1	0	18
X	3559153	3559204	2	2	0	2	3	15
X	3559341	3559389	2	2	0	0	3	16
X	3559341	3567953	2	2	0	0	3	16
X	3559619	3559667	2	2	0	0	6	18
X	3559619	3568231	2	2	0	0	6	18
X	3562706	3562752	2	2	0	0	3	17
X	3562706	3571316	2	2	0	0	3	17
X	3567905	3567953	2	2	0	6	3	16
X	3568183	3568231	2	2	0	0	6	18
X	3571270	3571316	2	2	0	0	3	17
X	3598804	3598858	2	2	0	1	0	17
X	4020216	4020810	1	1	0	1	0	14
X	4496331	4496380	2	2	0	1	0	16
X	4516085	4516160	1	1	0	1	0	16
X	4734144	4734196	1	1	0	1	0	17
X	4963535	4963590	1	1	0	2	0	18
X	4963770	4963824	1	1	0	1	0	12
X	5105479	5105526	1	1	0	3	0	17
X	5105774	5105821	1	1	0	2	7	15
X	5277244	5277994	1	1	0	1	0	13
X	5468278	5468323	1	1	0	1	0	12
X	6089970	6090072	2	2	0	1	0	18
X	6128160	6128225	2	2	0	1	0	14
X	6171405	6171500	1	1	0	1	0	14
X	6410134	6410185	2	2	0	1	0	12
X	6445118	6445163	2	2	0	1	0	18
X	6533648	6534344	2	2	0	1	0	16
X	6534402	6535139	2	2	0	1	0	12
X	6742970	6743258	1	1	0	1	0	14
X	6841562	6841803	1	1	0	2	0	15
X	7315161	7315202	2	2	0	1	0	15
X	7320153	7320200	2	2	0	2	0	18
X	7395593	7395642	1	1	0	1	0	13
X	7726136	7726184	1	1	0	1	0	16
X	7729111	7729155	1	1	0	2	0	14
X	7732342	7732388	1	1	0	1	0	17
X	7732636	7732683	1	1	0	2	7	15
X	7908430	7908477	2	2	0	1	0	12
X	7908575	7908620	2	2	0	2	0	15
X	8088380	8088438	2	2	0	1	0	17
X	8420365	8420571	2	2	0	1	0	13
X	8535472	8537155	1	1	0	0	1	14
X	8537111	8537155	1	1	0	0	1	14
X	8538301	8538346	2	2	0	0	1	14
X	8538301	8541493	2	2	0	0	1	14
X	8677041	8677084	1	1	0	1	0	17
X	8722009	8722053	2	2	0	1	0	14
X	8750147	8750194	2	2	0	1	0	15
X	8789606	8789656	1	1	0	1	0	12
X	8790151	8790205	1	1	0	1	0	15
X	8802389	8802662	2	2	0	1	0	15
X	8833756	8833801	2	2	0	1	0	15
X	8918036	8918470	2	2	0	1	0	17
X	9036948	9036999	1	1	0	1	0	13
X	9114628	9114674	1	1	0	1	0	15
X	9850628	9850692	1	1	0	1	0	12
X	10101999	10102201	1	1	0	1	0	17
X	10183913	10186371	2	2	0	1	0	16
X	10197999	10198044	1	1	0	1	0	12
X	10325278	10325328	2	2	0	1	0	16
X	10781360	10781497	1	1	0	1	0	13
X	10894248	10894311	2	2	0	1	0	12
X	10898572	10898870	2	2	0	1	0	13
X	11048833	11049068	1	1	0	1	0	13
X	11075215	11075357	1	1	0	1	0	17
X	11273861	11273936	1	1	0	1	0	15
X	11347854	11348004	1	1	0	1	0	17
X	11376308	11376636	2	2	0	1	0	16
X	11452175	11453398	2	2	0	1	0	13
X	11492928	11492975	2	2	0	1	0	18
X	11494045	11494089	2	2	0	1	0	16
X	11498286	11498330	2	2	0	1	0	12
X	11512410	11512522	2	2	0	1	0	15
X	11512800	11512845	2	2	0	1	0	15
X	11879543	11879587	2	2	0	1	0	16
X	11881026	11881078	1	1	0	1	0	13
X	11882473	11882515	2	2	0	2	0	18
X	12018469	12018700	1	1	0	1	0	12
X	12105083	12105139	1	1	0	1	0	16
X	12357511	12357555	1	1	0	0	1	16
X	12357511	12360818	1	1	0	0	1	16
X	12782635	12783397	1	1	0	1	0	12
X	13310468	13311004	2	2	0	1	0	18
X	13419467	13419557	2	2	0	1	0	12
X	13469422	13469469	1	1	0	1	0	13
X	13543489	13543539	1	1	0	1	0	14
X	13767176	13767782	2	2	0	1	0	16
X	13923670	13923712	2	2	0	1	0	12
X	14082123	14082215	2	2	0	1	0	14
X	14768426	14768502	2	4	0	1	0	15
X	14817833	14817909	2	2	0	1	0	15
X	15174236	15174497	1	1	0	1	0	12
X	15211388	15211437	2	2	0	1	0	16
X	15362875	15362922	1	1	0	1	0	14
X	15857605	15857656	1	1	0	1	0	16
X	16449099	16449145	1	1	0	1	0	18
X	16615523	16616082	1	1	0	1	0	13
X	16792450	16792714	2	2	0	1	0	13
X	17024447	17024517	2	2	0	1	0	15
X	17436512	17436646	1	1	0	1	0	16
X	17455994	17456046	2	2	0	0	1	15
X	17456196	17456249	2	2	0	2	0	14
X	17456383	17456429	2	2	0	1	0	14
X	17460011	17460063	1	1	0	0	1	15
X	17523594	17523823	1	1	0	1	0	14
X	17681026	17682199	2	2	0	1	0	13
