I	17959	18005	2	2	0	1	0	17
I	53696	53943	1	1	0	1	0	16
I	94930	94975	2	4	0	1	0	15
I	109447	109491	2	2	0	1	0	17
I	111066	111160	1	1	0	1	0	17
I	111708	111754	1	1	0	2	0	14
I	380922	380970	2	2	0	1	0	16
I	508758	508804	1	1	0	1	0	12
I	511754	512480	2	2	0	1	0	12
I	619188	619246	1	1	0	0	1	12
I	1156890	1156970	1	1	0	1	0	15
I	1196093	1198543	1	1	0	1	0	16
I	1340769	1340824	1	1	0	1	0	13
I	1399348	1402091	1	1	0	1	0	16
I	1464472	1465071	1	1	0	1	0	16
I	1752938	1753998	1	1	0	1	0	14
I	1835045	1835091	1	1	0	1	0	12
I	1835230	1835277	1	1	0	3	0	17
I	2069838	2070051	2	2	0	2	0	17
I	2070208	2070439	2	2	0	1	0	16
I	2073967	2074706	1	1	0	1	0	16
I	2084417	2084478	1	1	0	1	0	18
I	2111617	2123170	1	1	0	1	0	18
I	2234403	2234687	2	2	0	1	0	13
I	2286339	2287562	2	2	0	1	0	14
I	2434553	2434604	1	1	0	1	0	15
I	2434852	2434892	1	1	0	1	0	13
I	2617606	2617654	1	1	0	1	0	13
I	2668260	2668407	1	1	0	1	0	18
I	2701682	2701729	1	1	0	0	3	18
I	2759971	2760325	2	2	0	1	0	14
I	2784763	2784813	2	2	0	0	4	17
I	2787369	2787416	1	1	0	0	4	17
I	2805723	2805799	1	1	0	1	0	15
I	2821107	2821881	2	2	0	1	0	16
I	2854141	2854190	2	2	0	1	0	15
I	2854404	2854451	2	2	0	0	3	18
I	2875602	2875649	2	2	0	2	0	17
I	2895840	2895901	2	2	0	1	0	13
I	2915936	2915982	1	1	0	1	0	12
I	2988665	2988707	2	2	0	1	0	17
I	3023394	3024864	1	1	0	1	0	15
I	3166331	3167220	1	1	0	1	0	17
I	3184596	3185596	2	2	0	1	0	18
I	3254448	3255415	1	1	0	1	0	13
I	3262447	3262555	1	1	0	1	0	12
I	3289052	3289831	1	1	0	1	0	14
I	3294034	3294252	2	2	0	1	0	16
I	3435590	3435639	2	2	0	1	0	16
I	3437523	3437579	2	2	0	2	0	13
I	3439695	3439745	2	2	0	1	0	12
I	3788419	3788468	1	1	0	2	0	15
I	3788556	3788658	1	1	0	6	0	15
I	3809593	3809638	2	2	0	1	0	12
I	3886231	3886942	2	2	0	1	0	18
I	3934189	3934258	1	1	0	0	1	14
I	3988467	3988518	1	1	0	1	0	12
I	4002833	4002891	2	2	0	1	0	17
I	4004089	4004480	2	2	0	1	0	17
I	4115282	4115371	1	1	0	0	1	15
I	4132569	4132623	1	1	0	1	0	16
I	4169541	4169610	2	2	0	0	1	14
I	4175641	4175684	1	1	0	1	0	15
I	4187639	4187694	1	1	0	0	1	12
I	4190666	4191211	1	1	0	1	0	13
I	4278949	4278994	2	2	0	1	0	12
I	4357944	4357989	1	1	0	1	0	16
I	4365627	4365673	2	2	0	1	0	14
I	4369776	4370171	1	1	0	1	0	12
I	4442852	4443543	2	2	0	1	0	18
I	4564658	4565134	1	1	0	1	0	12
I	4584061	4584108	2	2	0	1	0	16
I	4584296	4584347	2	2	0	1	0	14
I	4585800	4586051	1	1	0	1	0	18
I	4636064	4636329	2	2	0	1	0	14
I	4664783	4664819	1	1	0	1	0	13
I	4709865	4709965	2	2	0	1	0	12
I	4770388	4770434	1	1	0	1	0	17
I	4906994	4909679	1	1	0	1	0	14
I	5018927	5018981	2	2	0	6	0	18
I	5019171	5019220	2	2	0	3	0	17
I	5019377	5019783	2	2	0	6	0	18
I	5019891	5019940	2	2	0	3	0	12
I	5022416	5022838	1	1	0	1	0	16
I	5081803	5081846	2	2	0	1	0	13
I	5124347	5124396	2	2	0	1	0	13
I	5164556	5164599	2	2	0	1	0	14
I	5248689	5248737	1	1	0	1	0	16
I	5255783	5256422	2	2	0	1	0	15
I	5256581	5256822	2	2	0	1	0	13
I	5280119	5280163	2	2	0	1	0	17
I	5300089	5300139	2	2	0	1	0	13
I	5313751	5313800	2	2	0	1	0	12
I	5318764	5318806	2	2	0	1	0	13
I	5330713	5330758	2	2	0	1	0	14
I	5366203	5366249	1	1	0	1	0	12
I	5405706	5405753	2	2	0	1	0	14
I	5429267	5429310	2	2	0	1	0	12
I	5569887	5569981	2	2	0	1	0	12
I	5609687	5609924	2	2	0	4	0	16
I	5610659	5611194	2	2	0	1	0	17
I	5656566	5656619	2	2	0	1	0	14
I	5806914	5806964	2	2	0	1	0	14
I	5823792	5823841	2	2	0	1	0	14
I	5832223	5832389	1	1	0	1	0	17
I	5869238	5869328	2	2	0	1	0	16
I	5934653	5935222	1	1	0	1	0	15
I	5938154	5938216	1	1	0	1	0	17
I	6024268	6024333	2	2	0	1	0	15
I	6178879	6178921	2	2	0	1	0	14
I	6181699	6182693	2	2	0	1	0	15
I	6220206	6220367	2	2	0	1	0	18
I	6220549	6220595	2	2	0	2	0	16
I	6231928	6231972	2	2	0	0	1	13
I	6234865	6234909	1	1	0	0	1	13
I	6248917	6249297	1	1	0	1	0	16
I	6296574	6296652	1	1	0	1	0	13
I	6315343	6315436	1	1	0	1	1	14
I	6316819	6316864	1	1	0	1	0	16
I	6343866	6343974	1	1	0	1	0	14
I	6355079	6355129	1	1	0	1	0	17
I	6408362	6408407	1	1	0	1	0	17
I	6498526	6498574	1	1	0	2	0	12
I	6528209	6528250	1	1	0	2	0	17
I	6561514	6561559	1	1	0	1	0	13
I	6570777	6570977	1	1	0	1	0	14
I	6642437	6642502	2	2	0	1	0	18
I	6660694	6660738	2	2	0	1	0	18
I	6721055	6722962	2	2	0	1	0	17
I	6761875	6763262	2	2	0	1	0	18
I	6784927	6785100	1	1	0	1	0	17
I	6789609	6789654	2	2	0	2	0	14
I	6836707	6836774	1	1	0	1	0	17
I	6842648	6842696	1	1	0	1	0	16
I	6891060	6891103	1	1	0	1	0	18
I	6902417	6902491	2	2	0	1	0	17
I	6993070	6993462	2	2	0	1	0	15
I	6997694	6999460	2	2	0	1	0	14
I	7017022	7017100	2	2	0	2	0	16
I	7017401	7017450	2	2	0	1	0	15
I	7017745	7017790	2	2	0	1	0	16
I	7022656	7022763	1	1	0	1	0	15
I	7024568	7024611	1	1	0	2	0	15
I	7057955	7057999	1	1	0	1	0	17
I	7080745	7080791	2	2	0	1	0	15
I	7088965	7089016	2	2	0	1	0	14
I	7146638	7147137	2	2	0	1	0	13
I	7173530	7173592	2	2	0	1	0	14
I	7237420	7237461	1	1	0	2	0	16
I	7358916	7358964	2	2	0	1	0	16
I	7377322	7377595	2	2	0	1	0	13
I	7379533	7379654	2	2	0	2	0	12
I	7381414	7381460	2	2	0	2	0	14
I	7450903	7451022	1	1	0	1	0	13
I	7539251	7539302	2	2	0	1	0	15
I	7555299	7555342	1	1	0	1	0	14
I	7567234	7567276	1	1	0	1	0	14
I	7668836	7668904	1	1	0	2	0	13
I	7677958	7678125	1	1	0	1	0	14
I	7702712	7702910	1	1	0	1	0	14
I	7819141	7819199	1	1	0	1	0	14
I	7834769	7834813	2	2	0	1	0	13
I	7866589	7869966	1	1	0	1	0	15
I	7902115	7902337	1	1	0	1	0	13
I	7976170	7976512	2	2	0	1	0	15
I	8006878	8007172	1	1	0	1	0	13
I	8023629	8023674	2	2	0	1	0	14
I	8024075	8024120	2	2	0	1	0	15
I	8147584	8148917	1	1	0	1	0	13
I	8210941	8210994	1	1	0	1	0	15
I	8213276	8214065	2	2	0	1	0	18
I	8225837	8226118	2	2	0	1	0	15
I	8242472	8242519	1	1	0	1	0	13
I	8276069	8276465	2	2	0	1	0	14
I	8276954	8286052	2	2	0	1	0	17
I	8329216	8329259	2	2	0	2	0	15
I	8329453	8329499	2	2	0	3	0	17
I	8362953	8363034	2	2	0	1	0	12
I	8379816	8380329	2	2	0	1	0	18
I	8395137	8395188	1	1	0	1	0	14
I	8396694	8396931	1	1	0	1	0	17
I	8422068	8422115	1	1	0	1	0	17
I	8431356	8431398	2	2	0	1	0	15
I	8442837	8442887	2	2	0	1	0	14
I	8470619	8470669	2	2	0	1	0	12
I	8481679	8481944	1	1	0	1	0	18
I	8482337	8482381	1	1	0	1	0	12
I	8640629	8640679	1	1	0	1	0	14
I	8645284	8645885	1	1	0	1	0	17
I	8732679	8733145	1	1	0	1	0	13
I	8813858	8814087	1	3	0	2	0	12
I	8814201	8814543	1	1	0	1	0	17
I	8814675	8814720	1	1	0	1	0	15
I	8815726	8815780	2	2	0	3	0	17
I	8816004	8816078	2	2	0	2	0	14
I	8822636	8822782	1	1	0	1	0	14
I	8871174	8871240	1	1	0	1	0	13
I	8970654	8970698	1	1	0	1	0	16
I	8997084	8997127	2	2	0	2	0	17
I	9123616	9123702	2	2	0	1	0	18
I	9136714	9136762	2	2	0	1	0	16
I	9154463	9154590	2	2	0	2	0	14
I	9162246	9162350	2	2	0	1	0	12
I	9164565	9164612	1	1	0	1	0	12
I	9164790	9164835	1	1	0	2	0	17
I	9166340	9166393	1	1	0	2	0	12
I	9174879	9174994	1	1	0	1	0	16
I	9175203	9175279	1	1	0	1	0	15
I	9175955	9176001	1	1	0	1	0	14
I	9323316	9323413	1	1	0	1	0	15
I	9367715	9367844	2	2	0	1	0	16
I	9469785	9469965	1	1	0	0	2	14
I	9469785	9471828	1	1	0	0	2	14
I	9471645	9471828	1	1	0	0	1	12
I	9472105	9472149	1	1	0	1	0	16
I	9477520	9477864	1	1	0	1	0	16
I	9510126	9510176	1	1	0	1	0	15
I	9575856	9575943	2	2	0	1	0	13
I	9625538	9625580	2	2	0	2	0	16
I	9628501	9628548	1	1	0	1	0	15
I	9631964	9632008	1	1	0	1	0	17
I	9633455	9633501	2	2	0	1	0	16
I	9689848	9689938	1	1	0	6	0	14
I	9696263	9696571	2	2	0	1	0	16
I	9697802	9698151	2	2	0	1	0	14
I	9787108	9787157	2	2	0	1	0	18
I	9789195	9789499	1	1	0	2	0	14
I	9851413	9851553	2	2	0	1	0	17
I	9954870	9954926	2	2	0	1	0	17
I	9968762	9969186	1	1	0	1	0	14
I	9982561	9982605	2	2	0	1	0	14
I	10020424	10020472	2	6	0	1	0	16
I	10026889	10027751	1	1	0	1	0	17
I	10034222	10034325	2	2	0	1	0	18
I	10056917	10061880	2	2	0	1	0	15
I	10086869	10086950	2	2	0	1	0	17
I	10179519	10179565	1	1	0	1	0	16
I	10186770	10186816	1	1	0	1	0	12
I	10198412	10198459	2	2	0	1	0	17
I	10228798	10228847	2	2	0	1	0	14
I	10331036	10331110	1	1	0	2	0	12
I	10331252	10331299	1	1	0	1	0	13
I	10331477	10331578	1	1	0	1	0	15
I	10429804	10430125	1	1	0	1	0	15
I	10433709	10433756	2	2	0	2	0	16
I	10434042	10434087	2	2	0	2	0	15
I	10434679	10434730	2	2	0	1	0	12
I	10436288	10436467	1	1	0	2	0	16
I	10436617	10436669	1	1	0	1	0	18
I	10451742	10451793	1	1	0	1	0	13
I	10520469	10520550	1	1	0	1	0	12
I	10553661	10553741	2	2	0	2	0	13
I	10644555	10644601	1	1	0	1	0	17
I	10655321	10655654	2	2	0	1	0	16
I	10676338	10676677	2	2	0	1	0	12
I	10684018	10684060	2	2	0	1	0	16
I	10685246	10685292	2	2	0	1	0	14
I	10710138	10710180	1	1	0	1	0	13
I	10735169	10735625	1	1	0	1	0	16
I	10735751	10735805	1	1	0	1	0	14
I	10773745	10773993	1	1	0	1	0	14
I	10812662	10812707	2	2	0	0	1	18
I	10860620	10860660	1	1	0	1	0	18
I	10924719	10925081	2	2	0	1	0	14
I	11016474	11016517	1	1	0	1	0	13
I	11146548	11146900	1	1	0	1	0	14
I	11158529	11158737	2	2	0	1	0	17
I	11167774	11168511	2	2	0	1	0	17
I	11486995	11487043	2	2	0	1	0	13
I	11720267	11720313	2	2	0	1	0	12
I	11748101	11748175	2	2	0	1	0	15
I	11910578	11910662	2	2	0	1	0	12
I	11912546	11912616	2	2	0	1	0	12
I	12074403	12074702	2	2	0	1	0	17
I	12205118	12205508	1	1	0	2	0	12
I	12531979	12532043	2	2	0	2	0	14
I	12532781	12533008	1	1	0	1	0	17
I	12652747	12652799	1	1	0	1	0	16
I	12654087	12654144	1	1	0	2	0	17
I	12859772	12859818	1	1	0	1	0	12
I	12917837	12918977	1	1	0	0	2	15
I	12918925	12918977	1	1	0	0	2	15
I	12964947	12964999	2	2	0	1	0	17
I	12965521	12965570	2	2	0	1	0	18
I	12967643	12967700	2	2	0	1	0	17
I	13233077	13233126	1	1	0	1	0	16
I	13233591	13234146	1	1	0	1	0	13
I	13284237	13284922	2	2	0	1	0	14
I	13342737	13343624	1	1	0	1	0	12
I	13393782	13393833	1	1	0	1	0	16
I	13605957	13606395	2	2	0	1	0	12
I	13626742	13627650	2	2	0	1	0	17
I	13638066	13639011	2	2	0	1	0	13
I	13952849	13952903	1	1	0	1	0	13
I	14163901	14164526	1	1	0	1	0	18
I	14468790	14468842	2	2	0	1	0	12
I	14468940	14469014	2	2	0	1	0	13
I	14622898	14623009	2	2	0	1	1	13
I	14622898	14623570	2	2	0	0	1	13
I	14623149	14623827	2	2	0	3	0	18
I	14624148	14624785	2	2	0	2	0	15
I	14624920	14629884	2	2	0	1	0	17
I	14629942	14630641	2	2	0	4	0	14
I	14630780	14630914	2	2	0	1	0	14
I	14699004	14699249	1	1	0	1	0	18
I	14720982	14721030	2	2	0	1	0	13
I	14760117	14760373	1	1	0	4	0	13
I	14856391	14856442	2	2	0	2	0	12
I	14856668	14856715	2	2	0	1	0	17
I	14878242	14878892	2	2	0	1	0	18
I	15041017	15041065	2	2	0	1	0	13
II	8511	8904	1	1	0	1	0	12
II	57279	57337	1	1	0	1	0	16
II	64013	64075	1	1	0	1	0	13
II	98560	98625	1	1	0	1	0	15
II	100110	100186	1	1	0	1	0	14
II	104874	104917	1	1	0	1	0	16
II	105399	105441	1	1	0	1	0	15
II	106688	106735	1	1	0	1	0	15
II	287267	287878	1	1	0	1	0	13
II	296635	296796	2	2	0	1	0	16
II	578210	578849	2	2	0	1	0	14
II	700859	700907	2	2	0	2	0	13
II	702707	702769	1	1	0	1	0	17
II	926682	926728	2	2	0	1	0	13
II	1005350	1005394	2	2	0	0	1	12
II	1005350	1011222	2	2	0	0	1	12
II	1005350	1017040	2	2	0	0	1	12
II	1005524	1005571	2	2	0	0	3	17
II	1005524	1011399	2	2	0	0	3	17
II	1005524	1017217	2	2	0	0	3	17
II	1006080	1006126	2	2	0	0	1	16
II	1006080	1011954	2	2	0	0	1	16
II	1006080	1017772	2	2	0	0	1	16
II	1006181	1006231	2	2	0	0	3	17
II	1006181	1012059	2	2	0	0	3	17
II	1006181	1017877	2	2	0	0	3	17
II	1011178	1011222	2	2	0	0	1	12
II	1011178	1017040	2	2	0	0	1	12
II	1011352	1011399	2	2	0	0	3	17
II	1011352	1017217	2	2	0	0	3	17
II	1011908	1011954	2	2	0	0	1	16
II	1011908	1017772	2	2	0	0	1	16
II	1012009	1012059	2	2	0	0	3	17
II	1012009	1017877	2	2	0	0	3	17
II	1016996	1017040	2	2	0	0	1	12
II	1017170	1017217	2	2	0	0	3	17
II	1017726	1017772	2	2	0	0	1	16
II	1017827	1017877	2	2	0	0	3	17
II	1381415	1381600	2	2	0	1	0	16
II	1644452	1646001	2	2	0	0	1	13
II	1645961	1646001	2	2	0	0	1	13
II	2178791	2179356	1	1	0	1	0	16
II	2223377	2223422	2	2	0	1	0	14
II	2241730	2242494	1	1	0	1	0	15
II	2355740	2355923	1	1	0	1	0	13
II	2365676	2365730	2	2	0	1	0	14
II	2366575	2366618	2	2	0	1	0	17
II	2389795	2390342	2	2	0	1	0	15
II	2390471	2390530	2	2	0	1	0	18
II	2390673	2390897	2	2	0	1	0	16
II	2624097	2624142	1	1	0	1	0	15
II	2632767	2632812	1	1	0	1	0	12
II	2796469	2796512	2	2	0	1	0	16
II	2824780	2824824	1	1	0	2	0	16
II	2983481	2983816	1	1	0	1	0	15
II	3121647	3121766	1	1	0	1	0	13
II	3127369	3127411	1	1	0	1	0	12
II	3127604	3127653	1	1	0	1	0	18
II	3146709	3147075	1	1	0	1	0	14
II	3147321	3147369	1	1	0	1	0	17
II	3245268	3245523	2	2	0	6	0	13
II	3283791	3283835	2	2	0	1	0	16
II	3316436	3317455	2	2	0	0	1	14
II	3323886	3323953	1	1	0	0	1	14
II	3392210	3392255	2	2	0	1	0	13
II	3430368	3430412	1	1	0	1	0	18
II	3458735	3458784	1	1	0	1	0	16
II	3518086	3518141	1	1	0	1	0	14
II	4093929	4093982	1	1	0	1	0	16
II	4300529	4300590	1	1	0	1	0	16
II	4348950	4349903	1	1	0	1	0	14
II	4597834	4597914	2	2	0	1	0	16
II	4603659	4603709	1	1	0	1	0	15
II	4617704	4617758	2	2	0	3	0	17
II	4617871	4617922	2	2	0	1	0	14
II	4679361	4679408	1	1	0	1	0	18
II	4737796	4738062	1	1	0	1	0	14
II	4742250	4742303	1	1	0	1	0	15
II	4789241	4789294	2	2	0	1	0	18
II	4799090	4799275	2	2	0	1	0	14
II	4834725	4834768	2	2	0	1	0	12
II	4836583	4836629	2	2	0	1	0	12
II	4861334	4861474	1	1	0	1	0	17
II	4870580	4870707	2	2	0	4	0	17
II	4905924	4908807	1	1	0	1	0	16
II	4917951	4922262	2	2	0	2	0	14
II	5055988	5056033	1	1	0	1	0	12
II	5078925	5078977	2	2	0	1	0	16
II	5113983	5114027	1	1	0	1	0	14
II	5173894	5173940	2	2	0	1	0	18
II	5196459	5196505	1	1	0	2	0	17
II	5204841	5204887	1	1	0	1	0	13
II	5238168	5238210	2	2	0	1	0	12
II	5376580	5376626	1	1	0	1	0	16
II	5424468	5424515	2	2	0	1	0	18
II	5496721	5496865	1	1	0	1	0	14
II	5586430	5586737	1	1	0	2	0	15
II	5587015	5587210	1	1	0	2	0	16
II	5620136	5620191	2	2	0	1	0	12
II	5757136	5757711	2	2	0	0	1	12
II	5758098	5758507	1	1	0	0	1	12
II	5769769	5769813	1	1	0	1	0	12
II	5795649	5795692	1	1	0	2	0	17
II	5800792	5801064	2	2	0	1	0	13
II	5839819	5839864	2	2	0	1	0	14
II	5840269	5840314	2	2	0	1	0	15
II	5840512	5840768	2	2	0	1	0	13
II	6024219	6024536	2	2	0	1	0	13
II	6095803	6095849	2	2	0	1	0	12
II	6127579	6127621	1	1	0	1	0	12
II	6156739	6156785	1	1	0	2	0	18
II	6194893	6194943	1	1	0	1	0	15
II	6252044	6252124	1	1	0	1	0	16
II	6289937	6289981	2	2	0	1	0	16
II	6347347	6347398	2	2	0	1	0	16
II	6383773	6383818	1	1	0	1	0	13
II	6445694	6445745	1	1	0	1	0	15
II	6488210	6488256	1	1	0	1	0	18
II	6564050	6564117	2	2	0	1	0	16
II	6564742	6564790	2	2	0	1	0	17
II	6587166	6587212	2	2	0	1	0	16
II	6588204	6588252	2	2	0	1	0	17
II	6590559	6590606	1	1	0	1	0	13
II	6608632	6608677	2	2	0	1	0	15
II	6640149	6640743	2	2	0	1	0	13
II	6735160	6735206	1	1	0	1	0	13
II	6747881	6747927	1	1	0	1	0	14
II	6806341	6806385	2	2	0	1	0	18
II	6807129	6807176	2	2	0	1	0	17
II	6889900	6890089	2	2	0	1	0	17
II	6971368	6971657	2	4	0	1	0	16
II	7086066	7086765	2	2	0	0	1	12
II	7106006	7106049	1	1	0	2	0	17
II	7252554	7252603	2	2	0	1	0	16
II	7351118	7351163	2	2	0	1	0	12
II	7430337	7430397	2	2	0	1	0	16
II	7562088	7562146	1	1	0	1	0	14
II	7597835	7597882	2	2	0	1	0	13
II	7790953	7791111	1	1	0	2	0	16
II	7860800	7860845	1	1	0	1	0	17
II	7879168	7879240	2	2	0	1	0	15
II	7945057	7945102	2	2	0	1	0	18
II	8140750	8140808	1	1	0	1	0	17
II	8144130	8144177	1	1	0	1	0	16
II	8144361	8144406	1	1	0	1	0	13
II	8172799	8172842	2	2	0	1	0	18
II	8173714	8173758	1	1	0	1	0	14
II	8187042	8187199	1	1	0	1	0	16
II	8247667	8247709	1	1	0	0	1	14
II	8270907	8270952	1	1	0	1	0	16
II	8277106	8277148	1	1	0	1	0	14
II	8279003	8279430	1	1	0	1	0	16
II	8412789	8412833	1	1	0	1	0	13
II	8453781	8453827	2	2	0	1	0	12
II	8474474	8474516	2	2	0	0	1	14
II	8570122	8570173	1	1	0	2	0	14
II	8696775	8696823	2	2	0	1	0	14
II	8763167	8763210	2	2	0	1	0	15
II	8807404	8807457	2	2	0	1	0	14
II	8811802	8811846	1	1	0	1	0	18
II	8848221	8848265	1	1	0	1	0	15
II	8859250	8859294	2	2	0	1	0	17
II	8933295	8933339	1	1	0	1	0	13
II	8964457	8964639	2	2	0	1	0	15
II	8973245	8973288	2	2	0	1	0	16
II	8986812	8986856	2	2	0	1	0	12
II	8988663	8988714	2	2	0	1	0	12
II	9037672	9037764	2	2	0	1	0	12
II	9056693	9056742	2	2	0	1	0	12
II	9056912	9057003	2	2	0	2	0	16
II	9082798	9082844	2	2	0	1	0	15
II	9320215	9320269	1	1	0	1	0	14
II	9351815	9351865	2	2	0	1	0	15
II	9410897	9411136	2	2	0	1	0	14
II	9423678	9423796	2	2	0	1	0	16
II	9425636	9425753	2	2	0	1	0	12
II	9580872	9580919	1	1	0	1	0	17
II	9658135	9658217	2	2	0	1	0	15
II	9659871	9659969	2	2	0	1	0	16
II	9685854	9685897	2	2	0	1	0	12
II	9740295	9740345	2	2	0	1	0	18
II	9915582	9915871	2	2	0	1	0	16
II	9917651	9917875	2	2	0	1	0	13
II	9935935	9936002	2	2	0	1	0	16
II	9943631	9943677	1	1	0	1	0	17
II	9970255	9970299	2	2	0	1	0	17
II	10000979	10001048	2	2	0	1	0	13
II	10009011	10009103	1	1	0	1	0	13
II	10010007	10010075	2	2	0	1	0	18
II	10010406	10010458	2	2	0	3	0	15
II	10108223	10108265	2	2	0	1	0	13
II	10143220	10143330	2	2	0	1	0	14
II	10143629	10143744	2	2	0	1	0	12
II	10234361	10234400	2	2	0	1	0	16
II	10353983	10354026	2	2	0	1	0	16
II	10582713	10582765	1	1	0	1	0	16
II	10590975	10591399	1	1	0	1	0	17
II	10798214	10798262	2	2	0	1	0	15
II	10919985	10920029	1	1	0	0	1	17
II	10922805	10922849	2	2	0	0	1	17
II	11016530	11016741	2	2	0	1	0	16
II	11093591	11093638	1	1	0	1	0	14
II	11097035	11097087	2	2	0	1	0	16
II	11098816	11098937	1	1	0	1	0	12
II	11101171	11101514	2	2	0	1	0	12
II	11105527	11105570	1	1	0	1	0	14
II	11105886	11105929	1	1	0	1	0	14
II	11125627	11125901	2	2	0	3	0	16
II	11126228	11126275	2	2	0	4	0	17
II	11339203	11339461	2	2	0	4	1	14
II	11339531	11339579	2	2	0	1	0	16
II	11344811	11344867	2	2	0	2	0	15
II	11451173	11451223	1	1	0	1	0	14
II	11468173	11468231	1	1	0	1	0	17
II	11468966	11469020	2	2	0	1	0	16
II	11476211	11476256	2	2	0	1	0	16
II	11569877	11570046	1	1	0	1	0	14
II	11570819	11570863	1	1	0	1	0	16
II	11571864	11571910	1	1	0	2	0	14
II	11572145	11572606	1	1	0	1	0	17
II	11592854	11592898	2	2	0	1	0	17
II	11594381	11594431	2	2	0	1	0	13
II	11679568	11679612	2	2	0	1	0	17
II	11721966	11722048	1	1	0	1	0	17
II	11739902	11740596	1	1	0	1	0	12
II	11741864	11742567	1	1	0	1	0	12
II	11774352	11774400	2	2	0	3	0	17
II	11808710	11808755	1	1	0	1	0	16
II	11966706	11966785	2	2	0	1	0	12
II	12000931	12001333	1	1	0	1	0	17
II	12037578	12038489	2	2	0	1	0	15
II	12181556	12182456	2	2	0	1	0	17
II	12634293	12634354	2	2	0	1	0	12
II	12677625	12677672	2	2	0	1	0	12
II	12732492	12732604	2	2	0	1	0	15
II	12817068	12817126	2	2	0	1	0	14
II	12896188	12896519	1	1	0	8	0	18
II	12896717	12896764	1	1	0	3	0	17
II	12956160	12956400	1	1	0	1	0	16
II	12994580	12994628	2	2	0	1	0	12
II	13024070	13025038	2	2	0	1	0	14
II	13060028	13060625	1	1	0	1	0	12
II	13079473	13079525	1	1	0	0	1	17
II	13083567	13083619	2	2	0	0	1	17
II	13163025	13163349	2	2	0	1	0	13
II	13237713	13237843	2	2	0	1	0	12
II	13312844	13313853	2	2	0	1	0	14
II	13449574	13451306	2	2	0	1	0	18
II	13494452	13494520	2	2	0	1	0	17
II	13876385	13877769	1	1	0	1	0	17
II	14208878	14208921	1	1	0	1	0	13
II	14253969	14255151	1	1	0	1	0	15
II	14300188	14300925	2	2	0	1	0	13
II	14301895	14301966	2	2	0	0	1	12
II	14301895	14306199	2	2	0	0	1	12
II	14306128	14306199	2	2	0	0	1	12
II	14406943	14406992	1	1	0	2	0	12
II	14526568	14526784	2	2	0	1	0	16
II	14596342	14596497	1	1	0	1	0	16
II	14604076	14608318	1	1	0	1	0	17
II	14653816	14654218	2	2	0	1	0	15
II	14657098	14657212	2	2	0	1	0	16
II	14659368	14659534	2	2	0	1	0	15
II	15030386	15032103	1	1	0	0	1	18
II	15030386	15032758	1	1	0	0	1	18
II	15033188	15034483	1	1	0	1	0	14
II	15133308	15133581	2	2	0	1	0	12
II	15184405	15185217	2	2	0	1	0	13
III	182523	182568	1	1	0	1	0	17
III	182809	182854	1	1	0	1	0	15
III	191090	191764	1	1	0	1	0	14
III	247052	248903	1	1	0	1	0	17
III	249124	250697	1	1	0	1	0	17
III	473178	473230	1	1	0	1	0	14
III	604915	605157	2	2	0	1	0	17
III	611501	614460	2	2	0	1	0	17
III	783836	783882	1	1	0	1	0	12
III	794371	794569	1	1	0	3	0	17
III	794670	794937	1	1	0	1	0	15
III	808123	809327	1	1	0	1	0	16
III	834837	834892	1	1	0	1	0	16
III	843111	843159	1	1	0	1	0	15
III	872762	873006	2	2	0	1	0	12
III	968667	968712	2	2	0	2	0	18
III	1003890	1003935	1	1	0	1	0	12
III	1023785	1023828	2	2	0	0	1	16
III	1023785	1025319	2	2	0	0	1	16
III	1025276	1025319	2	2	0	0	1	16
III	1194806	1196165	2	2	0	1	0	15
III	1203146	1203598	1	1	0	1	0	12
III	1353048	1353346	2	2	0	1	0	16
III	1412249	1413944	2	2	0	1	0	18
III	1439658	1439714	1	1	0	1	0	13
III	1533942	1534000	1	1	0	1	0	17
III	1588063	1589152	2	2	0	1	0	17
III	1618391	1618729	2	2	0	1	0	17
III	1621820	1623058	1	1	0	1	0	15
III	1802001	1802055	1	1	0	1	0	15
III	1837261	1838345	1	1	0	1	0	15
III	1963911	1963964	2	2	0	1	0	15
III	2180969	2182168	1	1	0	1	0	15
III	2196783	2197565	1	1	0	1	0	13
III	2411347	2411403	2	2	0	1	0	12
III	2421543	2421671	1	1	0	1	0	15
III	2505867	2505927	2	2	0	1	0	16
III	2599567	2603034	1	1	0	1	0	17
III	2812605	2813488	2	2	0	1	0	16
III	2940464	2940766	2	2	0	1	0	14
III	3068744	3068972	1	1	0	2	0	14
III	3243099	3243703	2	2	0	1	0	13
III	3295332	3296286	1	1	0	1	0	14
III	3396862	3396911	1	1	0	1	0	17
III	3464130	3464186	1	1	0	1	0	18
III	3472097	3472562	1	1	0	1	0	13
III	3540005	3540056	2	2	0	1	0	18
III	3640267	3641079	1	1	0	1	0	17
III	3655977	3656268	2	2	0	1	0	14
III	3668891	3669805	2	2	0	1	0	13
III	3700886	3700935	2	2	0	1	0	15
III	3730258	3730303	2	2	0	1	0	14
III	3730950	3731107	1	1	0	1	0	12
III	3868228	3868444	1	1	0	3	0	17
III	3869070	3869204	1	1	0	2	0	16
III	3917664	3917708	1	1	0	1	0	17
III	3924970	3925075	2	2	0	1	0	17
III	3963092	3963138	2	2	0	1	0	15
III	4086281	4086338	2	2	0	1	0	15
III	4177873	4177976	2	2	0	1	0	16
III	4207004	4207052	1	1	0	1	0	13
III	4264649	4264697	2	2	0	1	0	15
III	4266110	4266168	2	2	0	1	0	17
III	4316503	4316991	1	1	0	1	0	15
III	4406393	4406442	1	1	0	1	0	17
III	4408081	4408258	1	1	0	1	0	12
III	4425376	4425422	2	2	0	1	0	12
III	4466338	4466529	2	2	0	1	0	18
III	4473353	4473400	2	2	0	1	0	12
III	4476070	4476114	1	1	0	1	0	14
III	4493562	4493678	2	2	0	1	0	17
III	4508932	4508977	1	1	0	1	0	13
III	4566654	4566700	2	2	0	1	0	16
III	4580988	4581038	1	1	0	1	0	12
III	4592506	4592554	1	1	0	1	0	17
III	4753383	4753429	2	2	0	4	0	17
III	4753842	4753913	2	2	0	1	0	12
III	4763197	4763245	2	2	0	1	0	16
III	4789434	4789483	1	1	0	1	0	17
III	4861578	4861630	2	2	0	1	0	15
III	4882917	4883048	2	2	0	0	1	14
III	4882917	4886700	2	2	0	0	1	14
III	4911667	4911714	1	1	0	1	0	17
III	4942006	4942053	1	1	0	1	0	18
III	5020337	5020462	1	1	0	1	0	14
III	5055397	5055444	2	2	0	2	0	15
III	5061327	5061479	2	2	0	1	0	17
III	5228649	5228697	1	1	0	4	0	17
III	5230087	5230134	1	1	0	5	0	15
III	5274504	5274637	2	2	0	3	0	15
III	5369323	5370089	2	2	0	1	0	18
III	5411688	5411780	1	1	0	1	0	18
III	5412763	5412906	1	1	0	1	0	14
III	5452161	5452207	1	1	0	1	0	12
III	5452559	5452602	1	1	0	1	0	16
III	5544555	5544712	1	1	0	1	0	14
III	5548596	5548747	1	1	0	1	0	17
III	5565151	5565320	1	1	0	1	0	15
III	5565533	5566673	1	1	0	2	0	15
III	5566858	5566911	1	1	0	1	0	12
III	5588230	5588277	1	1	0	1	0	17
III	5592746	5592794	1	1	0	1	0	13
III	5593282	5593330	1	1	0	1	0	17
III	5616352	5616395	1	1	0	1	0	17
III	5705801	5705896	2	2	0	3	0	18
III	5716756	5716840	1	1	0	1	0	14
III	5730519	5730560	2	2	0	1	0	14
III	5832776	5832834	2	2	0	1	0	17
III	5854974	5855026	2	2	0	1	0	12
III	5878704	5878759	1	1	0	1	0	13
III	5891269	5891323	2	2	0	1	0	17
III	5907250	5907293	1	1	0	1	0	15
III	5942109	5943068	1	1	0	0	2	17
III	5942601	5942648	1	1	0	4	0	15
III	5943333	5943382	1	1	0	3	0	17
III	5952861	5952908	1	1	0	1	0	16
III	5953012	5953104	1	1	0	3	0	16
III	5954396	5955096	2	2	0	1	0	13
III	6042591	6043009	1	1	0	1	0	17
III	6202043	6202140	1	1	0	1	0	12
III	6207134	6207178	1	1	0	1	0	16
III	6207329	6207427	1	1	0	1	0	14
III	6207561	6207730	1	1	0	3	0	13
III	6233754	6234116	2	2	0	1	0	18
III	6245253	6245326	2	2	0	1	0	18
III	6248014	6248059	2	2	0	1	0	13
III	6284241	6284400	2	2	0	1	0	13
III	6293857	6293994	2	2	0	2	0	13
III	6294816	6294861	2	2	0	1	0	18
III	6295850	6295914	2	2	0	1	0	13
III	6322586	6322928	2	2	0	1	0	12
III	6357768	6357812	1	1	0	1	0	14
III	6380842	6380952	1	1	0	1	0	17
III	6410755	6410885	2	2	0	1	0	13
III	6440429	6440480	2	2	0	1	0	14
III	6463393	6463672	2	2	0	1	0	15
III	6465341	6465384	1	1	0	1	0	18
III	6547184	6547232	2	2	0	0	1	12
III	6547184	6559754	2	2	0	0	1	12
III	6559706	6559754	2	2	0	0	1	12
III	6588910	6588952	1	1	0	1	0	18
III	6607969	6608013	2	2	0	1	0	16
III	6623608	6623673	2	2	0	1	0	17
III	6704393	6704439	2	2	0	1	0	14
III	6726746	6726792	1	1	0	1	0	15
III	6728732	6728776	2	2	0	1	0	18
III	6859335	6859387	2	2	0	1	0	13
III	6859480	6859525	2	2	0	1	0	17
III	6866136	6866179	2	2	0	1	0	12
III	6866535	6866582	2	2	0	1	0	18
III	6870513	6870556	1	1	0	1	0	14
III	6890748	6890794	1	1	0	1	0	12
III	6930522	6930605	1	1	0	1	0	13
III	6931026	6931077	1	1	0	1	0	13
III	6970397	6970445	2	2	0	4	0	17
III	6971267	6971314	2	2	0	2	0	17
III	6971484	6971536	2	2	0	5	0	18
III	7020119	7020166	2	2	0	3	0	15
III	7056835	7056878	1	1	0	1	0	17
III	7091811	7092014	1	1	0	1	0	15
III	7122020	7122070	2	2	0	1	0	16
III	7135461	7135508	2	2	0	1	0	17
III	7179225	7179272	2	2	0	1	0	17
III	7179389	7179431	2	2	0	1	0	15
III	7180372	7180421	1	1	0	3	0	15
III	7189340	7189388	2	2	0	3	0	15
III	7197527	7197571	2	2	0	1	0	16
III	7208995	7209192	1	1	0	2	0	16
III	7209381	7209602	1	1	0	2	0	16
III	7240516	7240561	1	1	0	1	0	18
III	7344827	7344871	1	1	0	1	0	18
III	7387204	7387957	1	1	0	1	0	17
III	7458948	7458991	2	2	0	1	0	13
III	7465725	7465956	1	1	0	1	0	16
III	7497094	7497138	2	2	0	1	0	15
III	7572249	7572298	2	2	0	2	0	14
III	7572432	7572482	2	2	0	3	0	17
III	7766823	7766868	2	2	0	1	0	12
III	7767922	7768028	2	2	0	1	0	13
III	7828199	7828293	2	2	0	1	0	12
III	7884194	7884237	2	2	0	1	0	12
III	7893894	7893937	1	1	0	1	0	15
III	7950996	7951116	2	2	0	2	0	13
III	7972598	7972644	2	2	0	2	0	16
III	7973076	7973193	2	2	0	2	0	15
III	8029377	8029426	2	2	0	1	0	13
III	8048607	8048655	2	2	0	1	0	13
III	8082266	8082355	1	1	0	1	0	17
III	8169434	8169485	1	1	0	1	0	13
III	8234292	8234341	1	3	0	1	0	14
III	8234702	8234762	2	2	0	1	0	16
III	8266271	8266315	1	1	0	1	0	12
III	8343617	8343859	2	2	0	0	2	15
III	8343617	8352054	2	2	0	0	2	15
III	8351812	8352054	2	2	0	0	2	15
III	8353723	8353769	2	2	0	1	0	15
III	8445389	8445443	2	2	0	1	0	17
III	8630415	8630466	1	1	0	0	1	17
III	8727835	8727883	2	2	0	1	0	17
III	8738292	8738572	2	2	0	1	0	18
III	8753426	8753470	2	2	0	1	0	17
III	8764785	8765142	2	2	0	1	0	15
III	8766262	8766308	2	2	0	1	0	14
III	8768524	8768798	1	1	0	1	0	13
III	8798664	8798858	1	1	0	1	0	15
III	8829968	8830063	2	2	0	1	0	13
III	8888199	8889847	1	1	0	1	0	18
III	8890431	8890487	1	1	0	1	0	13
III	8909112	8910080	1	1	0	1	0	13
III	8955880	8955938	1	5	0	1	0	15
III	9019495	9019537	1	1	0	2	0	17
III	9080655	9080702	2	2	0	1	0	18
III	9082338	9082409	1	1	0	3	0	12
III	9138435	9138551	2	2	0	1	0	15
III	9360319	9360361	1	1	0	3	0	16
III	9361081	9361129	1	1	0	1	0	17
III	9391630	9391681	2	2	0	0	1	17
III	9396700	9397859	1	1	0	1	0	12
III	9452846	9453628	2	2	0	1	0	12
III	9491730	9492551	1	1	0	1	0	13
III	9544593	9544956	1	1	0	1	0	13
III	9630776	9630822	2	2	0	2	0	15
III	9695208	9695257	2	2	0	1	0	15
III	9708689	9708738	1	1	0	1	0	16
III	9723435	9723829	2	2	0	1	0	15
III	9746161	9746278	2	2	0	1	0	12
III	9746432	9746475	2	2	0	2	0	16
III	9782651	9782696	1	1	0	1	0	15
III	9795275	9796825	1	1	0	1	0	17
III	9819540	9819583	1	1	0	1	0	16
III	9915325	9915368	1	1	0	0	1	13
III	9915325	9924316	1	1	0	0	1	13
III	10004540	10004586	1	1	0	1	0	14
III	10099435	10099477	2	2	0	1	0	14
III	10100038	10100084	2	2	0	2	0	14
III	10216366	10216410	2	2	0	1	0	17
III	10334839	10334891	1	1	0	1	0	13
III	10384136	10384301	1	1	0	1	0	16
III	10420528	10420851	1	1	0	1	0	15
III	10424395	10424828	2	2	0	1	0	12
III	10425073	10425518	2	2	0	1	0	13
III	10479547	10479856	1	1	0	1	0	12
III	10509925	10510070	1	1	0	1	0	17
III	10566312	10566590	1	1	0	1	0	17
III	10593853	10593911	2	2	0	1	0	14
III	10603420	10603498	2	2	0	2	0	14
III	10747388	10747434	2	2	0	1	0	17
III	10747561	10747608	2	2	0	1	0	16
III	10753032	10753402	2	2	0	1	0	13
III	10809523	10809572	1	1	0	1	0	17
III	10812355	10813147	2	2	0	1	0	18
III	10813254	10813303	2	2	0	1	0	13
III	11080017	11080151	1	1	0	1	0	14
III	11193103	11194864	2	2	0	1	0	12
III	11218816	11219225	1	1	0	1	0	12
III	11219327	11219377	1	1	0	1	0	16
III	11231970	11232034	2	2	0	1	0	13
III	11288752	11288811	2	2	0	1	0	17
III	11389791	11393141	2	2	0	1	0	18
III	11506272	11506511	1	1	0	1	0	13
III	11701384	11701431	1	1	0	1	0	13
III	11702568	11702616	1	1	0	1	0	14
III	11722978	11723216	1	1	0	1	0	12
III	11733758	11737349	2	2	0	1	0	13
III	11789182	11789235	1	1	0	0	1	14
III	11790758	11790811	2	2	0	0	1	14
III	11855840	11856844	2	2	0	1	0	16
III	11992301	11994058	1	1	0	1	0	16
III	12054795	12055075	2	2	0	1	0	18
III	12198382	12199258	2	2	0	1	0	15
III	12350993	12351050	2	2	0	1	0	17
III	12351175	12351229	2	2	0	1	0	14
III	12395554	12396021	1	1	0	1	0	17
III	12397341	12397396	1	1	0	2	0	18
III	12442837	12443591	2	2	0	1	0	18
III	12540400	12540676	2	2	0	1	0	15
III	12788320	12788479	2	2	0	2	0	14
III	12934808	12936074	1	1	0	1	0	16
III	12978170	12978218	2	2	0	5	0	15
III	12978306	12978382	2	2	0	4	1	17
III	12987049	12987314	2	2	0	1	0	18
III	13019101	13019222	1	1	0	1	0	13
III	13019289	13019346	1	1	0	2	0	17
III	13262257	13262441	1	1	0	1	0	12
III	13268486	13268531	2	2	0	1	0	14
III	13346027	13346396	1	1	0	1	0	15
III	13373530	13374039	2	2	0	1	0	18
III	13427313	13427463	1	1	0	1	0	14
III	13463289	13463396	1	1	0	5	0	17
III	13463462	13463506	1	1	0	2	0	16
III	13463728	13463780	1	1	0	2	0	16
III	13531279	13531350	1	1	0	1	0	14
III	13548671	13548722	2	2	0	1	0	15
III	13621663	13621705	2	2	0	1	0	16
III	13693336	13693493	1	1	0	2	0	14
III	13760190	13760236	2	2	0	1	0	14
III	13765754	13765801	2	2	0	1	0	18
IV	249333	249902	1	1	0	1	0	12
IV	250140	250374	1	1	0	1	0	14
IV	254096	254143	2	2	0	1	0	16
IV	361859	361906	2	2	0	1	0	12
IV	363880	363975	2	2	0	1	0	17
IV	385978	386093	1	1	0	3	0	15
IV	386304	386432	1	1	0	3	0	15
IV	420546	420597	2	2	0	1	0	14
IV	596077	596155	2	2	0	1	0	16
IV	653844	654065	2	2	0	3	0	18
IV	655532	655579	1	1	0	1	0	14
IV	665642	666065	1	1	0	1	0	16
IV	676859	677610	1	1	0	1	0	16
IV	1008605	1008852	2	2	0	1	0	17
IV	1103774	1104545	2	2	0	2	0	16
IV	1104834	1104886	1	1	0	2	0	16
IV	1421316	1421427	1	1	0	1	0	16
IV	1552736	1552781	1	1	0	1	0	12
IV	1659833	1659887	1	1	0	2	0	13
IV	1974127	1975361	1	1	0	2	0	12
IV	2004189	2005639	1	1	0	1	0	12
IV	2238478	2238528	2	2	0	1	0	12
IV	2308342	2309522	2	2	0	1	0	16
IV	2496750	2497316	1	1	0	1	0	14
IV	2716867	2718007	2	2	0	1	0	13
IV	2793907	2794477	1	1	0	1	0	15
IV	2854924	2855016	1	1	0	1	0	12
IV	2880881	2881646	2	2	0	1	0	12
IV	2892289	2892396	2	2	0	1	0	12
IV	2928090	2928161	2	2	0	1	0	14
IV	2935840	2936343	1	1	0	1	0	13
IV	3036683	3037226	2	2	0	1	0	12
IV	3240450	3243454	1	1	0	2	0	13
IV	3400074	3400608	1	1	0	1	0	12
IV	3479411	3479459	1	1	0	1	0	13
IV	3604210	3604395	2	2	0	1	0	12
IV	3699212	3699290	1	1	0	1	0	12
IV	3737918	3738782	2	2	0	1	0	18
IV	3955990	3956040	2	2	0	0	1	14
IV	3973518	3973568	1	1	0	0	1	14
IV	4017838	4018032	2	2	0	1	0	15
IV	4117919	4117962	1	1	0	1	0	13
IV	4156564	4156612	1	1	0	0	1	18
IV	4156564	4158907	1	1	0	0	1	18
IV	4156564	4160886	1	1	0	0	1	18
IV	4239238	4239289	2	2	0	1	0	17
IV	4267774	4267837	1	1	0	1	0	12
IV	4271546	4271591	1	1	0	1	0	13
IV	4433373	4433425	2	2	0	0	1	16
IV	4447429	4447718	1	1	0	1	0	15
IV	4469284	4469335	2	2	0	1	0	14
IV	4512787	4512837	2	2	0	1	0	15
IV	4605915	4605966	1	1	0	1	0	12
IV	4606067	4606832	1	1	0	1	0	18
IV	4606932	4606980	1	1	0	2	0	14
IV	4607387	4607433	1	1	0	1	0	16
IV	4607968	4608022	1	1	0	1	0	15
IV	4650493	4650539	1	1	0	2	0	13
IV	4707328	4708257	2	2	0	1	0	16
IV	4748211	4748261	2	2	0	2	0	15
IV	4908062	4908238	1	1	0	1	0	16
IV	4989449	4996517	2	2	0	1	0	13
IV	4996439	4996492	1	1	0	2	0	13
IV	4997345	4997392	1	1	0	2	0	12
IV	5015941	5016149	2	2	0	0	2	13
IV	5016795	5016840	1	1	0	0	4	16
IV	5017570	5017617	1	1	0	0	3	17
IV	5066121	5066165	2	2	0	0	1	14
IV	5068994	5069082	1	1	0	0	3	12
IV	5071948	5071996	1	1	0	0	1	12
IV	5085184	5085230	1	1	0	1	0	17
IV	5087339	5087390	2	2	0	2	0	17
IV	5183013	5183087	1	1	0	1	0	17
IV	5184222	5184277	1	1	0	1	0	13
IV	5219713	5219760	1	1	0	0	1	17
IV	5219713	5227819	1	1	0	0	1	17
IV	5221487	5225044	1	5	0	0	1	16
IV	5225568	5225616	2	2	0	2	0	14
IV	5227772	5227819	1	1	0	0	1	17
IV	5253674	5253722	2	2	0	0	1	12
IV	5256590	5256678	2	2	0	0	3	12
IV	5259507	5259551	1	1	0	0	1	14
IV	5263014	5263058	2	2	0	2	0	13
IV	5274747	5274790	1	1	0	1	0	12
IV	5314064	5314107	1	1	0	1	0	13
IV	5347208	5347504	2	2	0	1	0	14
IV	5383101	5383326	1	1	0	2	0	13
IV	5390470	5390517	2	2	0	1	0	17
IV	5540936	5540984	1	1	0	1	0	16
IV	5677941	5677986	2	2	0	0	1	18
IV	5684101	5684158	1	1	0	0	1	16
IV	5686640	5686685	1	1	0	1	0	16
IV	5799324	5799433	1	1	0	1	0	14
IV	5937054	5937099	1	1	0	1	0	17
IV	5938141	5938189	2	2	0	1	0	16
IV	5938891	5939123	2	2	0	1	0	18
IV	5947317	5947429	2	2	0	3	0	17
IV	5984746	5984795	1	1	0	1	0	16
IV	6020188	6020943	2	2	0	2	0	16
IV	6026681	6027073	2	2	0	1	0	15
IV	6215951	6215994	1	1	0	1	0	17
IV	6294513	6294734	1	1	0	1	0	12
IV	6335884	6335927	2	2	0	1	0	17
IV	6338530	6338572	1	1	0	1	0	13
IV	6424722	6424770	2	2	0	2	0	17
IV	6425020	6425098	2	2	0	1	0	16
IV	6425675	6425758	2	2	0	3	0	18
IV	6466691	6466738	1	1	0	1	0	12
IV	6583784	6583831	2	2	0	1	0	14
IV	6587476	6587525	1	1	0	1	0	13
IV	6818777	6818830	1	1	0	1	0	16
IV	6906725	6906773	2	2	0	1	0	15
IV	6907072	6907117	2	2	0	1	0	14
IV	6907958	6908032	2	2	0	1	0	17
IV	6975791	6975836	2	2	0	2	0	16
IV	7000522	7000679	1	1	0	1	0	13
IV	7001253	7001301	1	1	0	1	0	16
IV	7081795	7081923	1	1	0	1	0	13
IV	7083856	7083956	2	2	0	6	0	16
IV	7084357	7084402	2	2	0	4	0	17
IV	7086100	7086182	2	2	0	1	0	14
IV	7086429	7086476	2	2	0	1	0	17
IV	7110837	7110882	2	2	0	1	0	12
IV	7111115	7111274	2	2	0	0	2	13
IV	7111918	7111964	1	1	0	0	4	16
IV	7112694	7112742	1	1	0	0	3	17
IV	7153775	7153814	1	1	0	1	0	13
IV	7153908	7153954	1	1	0	3	0	12
IV	7191256	7191341	2	2	0	1	0	15
IV	7214579	7214627	1	1	0	1	0	17
IV	7313656	7313748	2	2	0	3	0	12
IV	7394329	7394587	1	1	0	2	0	18
IV	7507444	7507610	2	2	0	1	0	14
IV	7507752	7507824	2	2	0	2	0	16
IV	7512499	7512545	2	2	0	1	0	14
IV	7556769	7556817	1	1	0	1	0	16
IV	7730033	7730094	1	1	0	1	0	16
IV	7772044	7772177	2	2	0	1	0	13
IV	7772892	7772946	2	2	0	1	0	16
IV	7791935	7791990	2	2	0	1	0	15
IV	7802468	7802509	2	2	0	1	0	13
IV	7827676	7828262	2	2	0	1	0	15
IV	7876011	7876059	2	2	0	1	0	15
IV	7911973	7912023	1	1	0	1	0	17
IV	7925938	7925984	2	2	0	2	0	14
IV	7926186	7926234	2	2	0	2	0	14
IV	7961150	7961199	1	1	0	1	0	16
IV	7961389	7961431	1	1	0	1	0	15
IV	7982596	7982645	1	1	0	1	0	17
IV	8021787	8021832	2	2	0	2	0	12
IV	8131441	8131524	1	1	0	1	0	13
IV	8135220	8135264	2	2	0	2	0	15
IV	8135515	8135558	2	2	0	1	0	13
IV	8135677	8135723	2	2	0	2	0	14
IV	8141670	8141714	1	1	0	1	0	14
IV	8165567	8165805	2	2	0	2	0	12
IV	8227990	8228038	2	2	0	1	0	16
IV	8228392	8228446	2	2	0	1	0	16
IV	8345964	8346096	1	1	0	1	0	13
IV	8355190	8355232	1	1	0	1	0	17
IV	8359507	8359549	2	2	0	1	0	16
IV	8371020	8371064	1	1	0	1	0	12
IV	8471972	8472018	2	2	0	1	0	14
IV	8477822	8477869	1	1	0	1	0	15
IV	8477945	8478026	1	1	0	2	0	17
IV	8539144	8541094	1	1	0	1	0	17
IV	8564168	8564216	2	2	0	0	1	16
IV	8567564	8567612	1	1	0	0	1	16
IV	8592881	8592930	1	1	0	1	0	14
IV	8621662	8621736	1	1	0	1	0	16
IV	8633147	8633433	1	1	0	1	0	15
IV	8687554	8687692	2	2	0	1	0	13
IV	8742665	8742722	2	2	0	1	0	16
IV	8822336	8822421	1	1	0	1	0	15
IV	8854769	8854898	1	1	0	1	0	13
IV	8875226	8875512	1	1	0	1	0	13
IV	8876802	8876845	1	1	0	1	0	13
IV	8918669	8918717	2	2	0	2	0	15
IV	8926426	8926477	1	1	0	1	0	15
IV	9019605	9019653	2	2	0	1	0	17
IV	9033821	9033864	2	2	0	1	0	13
IV	9042768	9042822	2	2	0	1	0	13
IV	9090478	9091839	1	1	0	1	0	17
IV	9096073	9096127	2	2	0	1	0	15
IV	9145608	9145764	1	1	0	1	0	13
IV	9151421	9151491	1	1	0	0	1	16
IV	9239277	9239691	1	1	0	1	0	16
IV	9322008	9322130	1	1	0	1	0	13
IV	9327008	9327061	1	1	0	1	0	16
IV	9329362	9329616	2	2	0	3	0	16
IV	9330554	9330684	2	2	0	1	0	12
IV	9335733	9335786	2	2	0	1	0	16
IV	9390424	9390469	1	1	0	1	0	14
IV	9406866	9406921	1	1	0	1	0	17
IV	9505723	9505766	2	2	0	1	0	16
IV	9526534	9526992	1	1	0	1	0	17
IV	9527785	9528010	1	1	0	2	0	16
IV	9653825	9653993	1	1	0	1	0	12
IV	9687733	9688072	2	2	0	1	0	13
IV	9688264	9688309	2	2	0	1	0	13
IV	9761197	9761251	1	1	0	1	0	13
IV	9800984	9801030	1	1	0	1	0	15
IV	9852854	9852904	1	1	0	3	0	17
IV	9853409	9853454	1	1	0	3	0	16
IV	9865304	9865703	1	1	0	1	0	15
IV	9865934	9865981	1	1	0	2	0	18
IV	9886351	9886396	1	1	0	1	0	15
IV	9968836	9968879	2	2	0	1	0	14
IV	9971051	9971097	1	1	0	1	0	15
IV	9979023	9979068	1	1	0	1	0	17
IV	10050336	10050380	1	1	0	1	0	16
IV	10076535	10076780	1	1	0	1	0	18
IV	10111253	10111301	2	2	0	1	0	13
IV	10113198	10113246	1	1	0	3	0	14
IV	10113729	10113775	1	1	0	2	0	17
IV	10128576	10128627	2	2	0	1	0	15
IV	10176825	10176872	1	1	0	1	0	12
IV	10177248	10177299	1	1	0	1	0	15
IV	10243737	10243787	1	1	0	1	0	13
IV	10244462	10244507	1	1	0	1	0	16
IV	10245283	10245366	1	1	0	1	0	12
IV	10293323	10293369	2	2	0	3	0	15
IV	10355912	10355961	2	2	0	1	0	15
IV	10384334	10384399	1	1	0	1	0	12
IV	10389822	10389881	2	2	0	1	0	16
IV	10392671	10392716	1	1	0	1	0	13
IV	10470291	10470343	1	1	0	1	0	16
IV	10487588	10487683	1	1	0	1	0	17
IV	10494053	10494830	2	2	0	1	0	15
IV	10592629	10592683	1	1	0	1	0	18
IV	10608019	10608146	1	1	0	1	0	15
IV	10617759	10617876	1	1	0	1	0	14
IV	10623075	10623165	2	2	0	1	0	18
IV	10624458	10624503	2	2	0	1	0	14
IV	10626121	10626166	2	2	0	1	0	17
IV	10769991	10770113	1	1	0	1	0	12
IV	10823713	10823770	1	1	0	1	0	17
IV	10948807	10948854	2	2	0	2	0	12
IV	10955591	10955662	1	1	0	1	0	14
IV	10986340	10986427	1	1	0	0	1	15
IV	11036714	11036758	1	1	0	1	0	17
IV	11051963	11052026	1	1	0	1	0	12
IV	11063919	11063966	2	2	0	1	0	13
IV	11101014	11101232	2	2	0	2	0	13
IV	11110384	11110431	2	2	0	1	0	18
IV	11110561	11110611	2	2	0	3	0	18
IV	11110882	11110978	2	2	0	1	0	13
IV	11117584	11117863	2	2	0	1	0	15
IV	11118674	11118794	2	2	0	1	0	12
IV	11147740	11147787	2	2	0	2	0	13
IV	11148682	11149401	2	2	0	2	0	17
IV	11246763	11246806	2	2	0	1	0	12
IV	11262446	11262577	1	1	0	1	0	12
IV	11291053	11291303	1	1	0	1	0	16
IV	11333399	11333453	2	2	0	1	0	14
IV	11367360	11367406	2	2	0	1	0	13
IV	11473125	11473170	1	1	0	1	0	15
IV	11577729	11578079	1	1	0	1	0	17
IV	11603048	11603093	1	1	0	5	0	18
IV	11817020	11817850	1	1	0	1	0	15
IV	11821760	11821807	2	2	0	3	0	18
IV	11831006	11831052	2	2	0	1	0	18
IV	11851193	11851447	2	2	0	1	0	14
IV	11927581	11927699	1	1	0	2	0	12
IV	11953528	11953574	1	1	0	2	0	17
IV	12095063	12095113	1	1	0	1	0	12
IV	12269161	12269287	1	1	0	4	0	16
IV	12330462	12330510	2	2	0	1	0	16
IV	12363239	12363286	1	1	0	2	0	18
IV	12407141	12407191	1	1	0	1	0	16
IV	12435903	12435946	1	1	0	1	0	14
IV	12455632	12455685	1	1	0	1	0	12
IV	12640922	12642530	1	1	0	1	0	16
IV	12847316	12847367	1	1	0	1	0	16
IV	12911382	12911636	2	2	0	0	1	16
IV	12911382	12914510	2	2	0	0	1	16
IV	12964291	12964372	1	1	0	1	0	15
IV	12974762	12974985	1	1	0	1	0	17
IV	13098587	13098635	2	2	0	1	0	18
IV	13153849	13153901	2	2	0	1	0	17
IV	13239934	13240143	2	2	0	1	0	12
IV	13317464	13318261	1	1	0	2	0	13
IV	13370167	13370223	2	2	0	2	0	18
IV	13379515	13380080	1	1	0	1	0	18
IV	13549887	13549935	2	2	0	1	0	17
IV	13642497	13642544	1	1	0	1	0	15
IV	13642992	13643263	1	1	0	1	0	17
IV	13778288	13778429	1	1	0	1	0	17
IV	13778553	13778601	1	1	0	1	0	15
IV	14458904	14459851	1	1	0	1	0	13
IV	14463619	14463672	1	1	0	1	0	16
IV	14518310	14518359	2	2	0	2	0	16
IV	14518450	14518497	2	2	0	1	0	13
IV	14519005	14519229	2	2	0	1	0	18
IV	14520092	14520139	1	1	0	1	0	13
IV	14520745	14520793	1	1	0	1	0	16
IV	14772369	14772424	2	2	0	1	0	13
IV	14789116	14789405	1	1	0	1	0	15
IV	14790436	14790489	1	1	0	1	0	17
IV	14791225	14791281	2	2	0	1	0	17
IV	14825801	14825846	1	1	0	3	0	18
IV	14826036	14826190	1	1	0	3	0	16
IV	15037789	15038918	1	1	0	1	0	12
IV	15472952	15472998	1	3	0	1	0	15
IV	15938172	15938219	2	2	0	1	0	16
IV	15964892	15965143	1	1	0	1	0	17
IV	16168246	16168654	2	2	0	2	0	15
IV	16484064	16485796	2	2	0	1	0	17
IV	16486148	16488293	2	2	0	1	0	13
IV	16536106	16536246	2	2	0	1	0	15
IV	16851690	16852147	2	2	0	1	0	15
IV	16947569	16947651	1	1	0	1	0	15
IV	17070024	17070069	2	2	0	1	0	17
IV	17280008	17280201	1	1	0	2	0	14
IV	17280883	17280936	1	1	0	2	0	17
IV	17317539	17317603	1	1	0	1	0	17
IV	17324962	17325007	1	1	0	1	0	17
IV	17328356	17328445	1	1	0	1	0	15
IV	17340764	17340811	2	2	0	1	0	18
IV	17344127	17344175	1	1	0	1	0	12
IV	17344527	17344608	1	1	0	1	0	14
IV	17346032	17346344	2	2	0	1	0	16
IV	17346457	17346530	2	2	0	1	0	16
V	103596	103910	2	2	0	1	0	13
V	130835	131451	1	1	0	1	0	17
V	183901	184321	1	1	0	1	0	17
V	199658	200345	1	1	0	1	0	17
V	385839	385884	1	1	0	1	0	16
V	387343	387390	1	1	0	1	0	15
V	387529	387579	1	1	0	2	0	17
V	412606	412661	2	2	0	2	0	17
V	416026	416083	2	2	0	1	0	16
V	563366	563871	1	1	0	1	0	13
V	724783	724834	2	2	0	1	0	16
V	726980	727384	2	2	0	2	0	17
V	836821	836863	2	2	0	0	1	13
V	836821	842136	2	2	0	0	1	13
V	841332	842136	2	2	0	0	1	13
V	842094	842136	2	2	0	0	1	13
V	866633	866685	2	2	0	1	0	17
V	1067445	1067495	2	2	0	1	0	13
V	1156342	1156622	1	1	0	1	0	15
V	1177097	1177144	1	1	0	7	0	17
V	1177271	1178355	1	1	0	2	0	17
V	1178704	1178753	1	1	0	1	0	15
V	1263879	1263933	2	2	0	1	0	17
V	1475408	1475560	1	1	0	1	0	18
V	1497566	1497897	1	1	0	1	0	16
V	1658265	1658316	2	2	0	0	3	18
V	1872342	1872399	1	1	0	1	0	12
V	2096673	2097005	1	1	0	1	0	12
V	2097102	2099032	1	1	0	0	1	16
V	2098985	2099032	1	1	0	0	1	16
V	2322238	2322283	2	2	0	0	6	16
V	2323267	2323312	1	1	0	0	10	18
V	2329656	2329701	2	2	0	0	10	18
V	2330685	2330730	1	1	0	0	6	16
V	2351945	2352197	1	1	0	0	1	14
V	2459906	2460158	1	1	0	0	1	14
V	2707384	2708263	2	2	0	1	0	14
V	2782586	2782843	2	2	0	1	0	14
V	2810993	2811036	1	1	0	1	0	14
V	3583289	3583594	1	1	0	1	0	14
V	3585609	3585657	2	2	0	3	0	17
V	3633941	3634413	1	1	0	1	0	15
V	3714386	3714791	2	2	0	1	0	13
V	3970907	3970954	2	2	0	1	0	15
V	3989503	3989579	1	1	0	1	0	13
V	4044366	4046900	1	1	0	0	1	16
V	4046854	4046900	1	1	0	0	1	16
V	4339139	4339888	2	2	0	1	0	14
V	4600925	4601446	1	1	0	1	0	14
V	4653825	4653877	2	2	0	2	0	14
V	4825009	4825070	2	2	0	2	0	18
V	4842158	4842374	2	2	0	1	0	13
V	4896543	4896588	1	1	0	1	0	13
V	4897686	4897730	1	1	0	1	0	14
V	5035880	5036338	2	2	0	1	0	15
V	5109600	5110454	2	2	0	1	0	16
V	5274572	5274618	1	1	0	1	0	14
V	5466741	5466785	2	2	0	0	1	14
V	5545973	5546291	2	2	0	1	0	12
V	5664298	5664342	1	1	0	0	1	14
V	5836629	5836676	2	2	0	1	0	14
V	5903912	5904159	1	1	0	1	0	14
V	6017460	6017505	2	2	0	1	0	15
V	6264967	6265036	2	2	0	1	0	17
V	6499455	6500943	1	1	0	1	0	15
V	6512297	6512341	2	2	0	1	0	14
V	6516102	6516150	2	2	0	1	0	18
V	6656222	6656354	2	2	0	1	0	12
V	6708892	6708938	2	2	0	1	0	14
V	6766456	6766731	2	2	0	3	0	16
V	6767083	6767130	2	2	0	2	0	16
V	6787984	6788162	1	1	0	1	0	15
V	6836450	6836499	1	1	0	2	0	12
V	6897327	6897373	1	1	0	2	0	12
V	6904427	6904479	2	2	0	1	0	15
V	7025810	7026114	2	2	0	1	0	16
V	7077189	7078075	1	1	0	0	1	12
V	7078031	7078075	1	1	0	1	1	16
V	7080967	7081361	1	1	0	1	0	16
V	7440223	7440396	1	1	0	1	0	14
V	7761188	7761244	1	1	0	1	0	14
V	7775873	7775974	2	2	0	4	0	16
V	7776660	7776738	1	1	0	2	0	18
V	7856931	7856974	1	1	0	1	0	12
V	7857298	7857345	1	1	0	2	0	16
V	7957529	7958002	2	2	0	1	0	13
V	8048044	8048090	1	1	0	1	0	17
V	8222086	8222129	1	1	0	1	0	12
V	8265492	8265543	2	2	0	1	0	15
V	8268346	8268452	2	2	0	2	0	16
V	8268583	8268627	2	2	0	3	0	17
V	8296856	8296901	2	2	0	1	0	14
V	8309560	8309809	1	1	0	1	0	17
V	8311849	8311896	1	1	0	1	0	13
V	8385059	8385319	2	2	0	2	0	14
V	8500989	8501039	1	1	0	1	0	16
V	8642108	8642153	2	2	0	1	0	15
V	9119776	9119821	1	1	0	1	0	17
V	9203440	9203647	1	1	0	2	0	12
V	9254387	9254514	2	2	0	1	0	12
V	9457318	9457844	1	1	0	1	0	17
V	9472367	9472434	1	1	0	0	1	13
V	9472367	9472597	1	1	0	0	1	13
V	9472504	9472597	1	1	0	1	0	17
V	9498831	9498872	1	1	0	1	0	16
V	9499167	9499228	1	1	0	1	0	16
V	9531901	9531944	1	1	0	1	0	12
V	9582008	9582051	2	2	0	1	0	13
V	9706118	9706162	1	1	0	1	0	13
V	9739741	9739783	1	1	0	1	0	13
V	9781829	9781884	2	2	0	1	0	15
V	9984670	9984722	2	2	0	1	0	18
V	9990904	9990947	2	2	0	1	0	12
V	10020659	10020702	1	1	0	1	0	13
V	10022101	10022195	1	1	0	1	0	17
V	10202233	10202278	1	1	0	1	0	14
V	10343716	10343889	1	1	0	1	0	13
V	10429781	10429833	2	2	0	1	0	12
V	10577481	10577525	2	2	0	1	0	17
V	10579393	10579806	1	1	0	1	0	13
V	10755812	10755963	2	2	0	1	0	16
V	10770541	10770593	1	1	0	1	0	12
V	10896993	10897041	2	2	0	3	0	16
V	10938571	10938789	2	2	0	1	0	17
V	10941836	10942109	1	1	0	1	0	14
V	10966663	10966988	1	1	0	1	0	17
V	11072172	11072224	2	2	0	0	13	18
V	11072172	11077111	2	2	0	0	13	18
V	11073006	11073053	2	2	0	0	2	16
V	11073006	11077937	2	2	0	0	2	16
V	11077060	11077111	2	2	0	0	13	18
V	11081263	11081310	1	1	0	0	2	16
V	11082092	11082143	1	1	0	0	13	18
V	11114646	11114787	1	1	0	1	0	15
V	11123150	11123193	2	2	0	3	0	16
V	11123368	11123412	2	2	0	1	0	13
V	11173451	11173663	1	1	0	1	0	15
V	11377218	11377335	1	1	0	1	0	15
V	11512929	11513073	2	2	0	1	0	17
V	11759326	11759742	1	1	0	1	0	12
V	11764149	11764279	2	2	0	1	0	16
V	11765367	11765608	1	1	0	1	0	15
V	11783631	11783677	1	1	0	1	0	16
V	11785002	11785049	2	2	0	1	0	18
V	11828623	11828669	1	1	0	1	0	15
V	11836804	11836972	1	1	0	1	0	15
V	11837574	11837635	1	1	0	1	0	12
V	11889170	11889218	1	1	0	1	0	17
V	11993577	11993623	2	2	0	1	0	16
V	12003479	12003574	1	1	0	1	0	13
V	12057147	12057299	2	2	0	1	0	15
V	12202924	12203365	1	1	0	1	0	12
V	12319064	12319926	1	1	0	1	0	12
V	12418675	12418726	1	1	0	1	0	16
V	12419016	12419063	1	1	0	1	0	14
V	12637777	12638020	1	1	0	1	0	14
V	12791179	12791228	2	2	0	1	0	18
V	12860931	12860976	1	1	0	1	0	17
V	13129681	13129870	2	2	0	1	0	14
V	13180414	13180967	1	1	0	1	0	13
V	13199316	13202156	2	2	0	0	2	12
V	13202100	13202156	2	2	0	0	2	12
V	13225666	13225715	2	2	0	1	0	16
V	13357760	13357810	2	2	0	1	0	16
V	13465509	13465552	1	1	0	1	0	16
V	13560497	13560546	1	1	0	1	0	15
V	13663573	13663621	1	1	0	1	0	16
V	13666032	13666078	1	1	0	1	0	12
V	13681233	13681280	1	1	0	1	0	12
V	13746896	13747286	2	2	0	1	0	14
V	13783564	13783887	1	1	0	2	0	14
V	13877763	13877810	1	1	0	1	0	15
V	13895729	13895787	1	1	0	1	0	15
V	14010202	14010354	2	2	0	1	0	12
V	14010415	14010459	2	2	0	1	0	14
V	14010806	14010851	2	2	0	1	0	14
V	14172162	14172204	2	2	0	1	0	16
V	14215000	14215047	2	2	0	1	0	16
V	14232781	14232909	2	2	0	1	0	18
V	14316111	14316170	2	2	0	1	0	18
V	14480936	14481250	2	2	0	1	0	12
V	14523649	14523807	2	2	0	2	0	16
V	14688100	14688157	1	1	0	2	0	13
V	14714350	14714390	2	2	0	1	0	17
V	14714530	14714574	2	2	0	0	1	16
V	14833716	14833758	2	2	0	1	0	12
V	14894185	14894234	1	1	0	1	0	15
V	14986008	14986198	1	1	0	1	0	15
V	14987970	14988020	2	2	0	1	0	16
V	14990548	14990598	2	2	0	1	0	15
V	15013243	15013351	2	2	0	1	0	12
V	15013440	15013540	2	2	0	1	0	13
V	15062976	15063029	2	2	0	1	0	13
V	15186878	15186991	2	2	0	1	0	18
V	15445036	15445188	1	1	0	1	0	16
V	15512339	15512610	1	1	0	10	0	18
V	15730476	15730523	2	2	0	1	0	14
V	16270481	16270747	2	2	0	1	0	12
V	16359137	16360105	1	1	0	1	0	13
V	16418678	16418722	2	2	0	1	0	15
V	16592956	16593523	2	2	0	1	0	14
V	16593972	16594512	2	2	0	2	0	17
V	16594612	16595087	2	2	0	1	0	17
V	16671725	16671766	2	2	0	1	0	13
V	16720878	16721667	1	1	0	1	0	14
V	16915597	16915741	2	2	0	1	0	13
V	16915931	16915984	2	2	0	1	0	12
V	17853603	17854458	2	2	0	2	0	16
V	17956617	17958268	2	2	0	1	0	13
V	17963738	17965133	2	2	0	1	0	16
V	18550336	18551039	2	2	0	1	0	12
V	18552861	18553218	2	2	0	1	0	13
V	18660308	18660458	2	2	0	1	0	12
V	18662812	18663725	2	2	0	1	0	15
V	18903859	18905175	1	1	0	1	0	13
V	19002881	19004235	1	1	0	1	0	12
V	19203185	19203230	2	2	0	1	0	16
V	19320927	19320987	1	1	0	1	0	12
V	19537184	19537434	2	2	0	1	0	18
V	19537535	19537581	2	2	0	1	0	14
V	19703864	19704939	1	1	0	1	0	12
V	19750623	19755241	2	2	0	0	1	13
V	19754180	19755241	2	2	0	2	1	14
V	19855285	19855909	2	2	0	1	0	17
V	19916684	19916752	1	1	0	1	0	12
V	19956874	19957305	1	1	0	1	0	12
V	20012188	20013282	1	1	0	1	0	14
V	20090744	20091050	2	2	0	1	0	17
V	20092592	20092865	1	1	0	1	0	15
V	20101258	20103206	1	1	0	1	0	14
V	20162863	20162960	2	2	0	1	0	15
V	20427869	20429955	1	1	0	1	0	13
V	20468741	20468797	2	2	0	0	3	18
V	20468909	20469134	2	2	0	0	1	16
V	20479975	20480200	1	1	0	0	1	16
V	20480312	20480367	1	1	0	0	3	18
V	20498243	20498995	2	2	0	2	0	17
V	20709651	20709695	1	1	0	1	0	12
V	20718259	20718570	2	2	0	1	0	12
V	20724099	20724570	2	2	0	1	0	15
V	20772983	20773454	2	2	0	1	0	13
V	20802232	20802467	2	2	0	1	0	12
V	20845062	20845104	2	2	0	1	0	13
V	20908809	20908854	2	2	0	1	0	17
X	306322	306658	1	1	0	1	0	15
X	421859	421911	1	1	0	3	0	12
X	644261	644308	2	2	0	1	0	17
X	645023	645108	2	2	0	1	0	15
X	792251	792296	1	1	0	1	0	12
X	862573	862619	2	2	0	1	0	17
X	874792	875451	1	1	0	1	0	17
X	1384468	1384535	2	2	0	1	0	13
X	1720230	1720289	2	2	0	1	0	16
X	2074540	2074596	1	1	0	1	0	14
X	2695081	2695123	1	1	0	1	0	14
X	3026223	3026271	1	1	0	1	0	15
X	3026643	3026693	1	1	0	1	0	14
X	3152270	3152319	2	2	0	1	0	15
X	3233818	3233860	2	2	0	2	0	15
X	3236196	3236238	2	2	0	2	0	13
X	3236684	3236729	2	2	0	1	0	15
X	3236876	3236918	2	2	0	2	0	17
X	3238084	3238128	2	2	0	1	0	13
X	3241341	3241386	2	2	0	1	0	14
X	3282844	3282888	1	1	0	1	0	13
X	3498121	3498165	1	1	0	1	0	14
X	3503224	3503270	1	1	0	1	0	16
X	3798890	3798934	1	1	0	1	0	12
X	3818145	3818200	2	2	0	1	0	12
X	4020216	4020810	1	1	0	1	0	13
X	4214452	4214498	2	2	0	1	0	17
X	4261131	4261180	1	1	0	1	0	16
X	4264112	4264156	1	1	0	1	0	12
X	4325130	4325529	1	1	0	0	1	13
X	4331880	4332279	2	2	0	0	1	13
X	4469860	4469920	1	1	0	1	0	12
X	4510477	4510527	1	1	0	1	0	12
X	4524329	4524497	1	1	0	1	0	12
X	4524882	4525146	1	1	0	1	0	15
X	4677637	4677764	2	2	0	1	0	13
X	4738362	4738407	1	1	0	1	0	14
X	4825126	4825171	1	1	0	1	0	12
X	4830596	4831514	1	1	0	1	0	13
X	4834213	4834748	1	1	0	1	0	13
X	4859702	4859937	2	2	0	1	0	15
X	4924795	4925324	2	2	0	1	0	13
X	4963770	4963824	1	1	0	4	0	17
X	4987068	4987125	1	1	0	1	0	14
X	5075753	5076459	2	2	0	1	0	18
X	5256663	5256718	1	1	0	1	0	18
X	5399141	5399187	2	2	0	1	0	14
X	5400394	5400438	2	2	0	1	0	17
X	5467947	5468163	1	1	0	1	0	13
X	5472305	5472357	1	1	0	2	0	17
X	5779454	5779919	2	2	0	1	0	15
X	5780586	5780643	2	2	0	1	0	13
X	5904849	5904895	1	1	0	1	0	17
X	5973205	5977591	2	2	0	1	0	14
X	6000344	6000399	2	2	0	1	0	18
X	6107590	6107645	2	2	0	1	0	14
X	6208430	6208477	2	2	0	1	0	14
X	6226798	6226841	2	2	0	1	0	15
X	6241859	6242076	1	1	0	1	0	14
X	6409407	6409457	2	2	0	1	0	15
X	6445695	6446509	2	2	0	1	0	14
X	6533648	6534344	2	2	0	2	0	16
X	6607255	6607303	1	1	0	1	0	18
X	6607380	6607426	1	1	0	1	0	16
X	6607661	6607853	1	1	0	1	0	15
X	6608523	6608569	1	1	0	1	0	16
X	6714095	6714142	1	1	0	1	0	16
X	6715921	6715963	1	1	0	1	0	14
X	6841897	6841943	1	1	0	1	0	12
X	6941297	6941338	1	1	0	1	0	14
X	7231757	7232093	2	2	0	2	0	15
X	7232301	7232355	2	2	0	2	0	13
X	7246966	7247013	2	2	0	1	0	17
X	7320153	7320200	2	2	0	2	0	15
X	7569564	7569609	2	2	0	1	0	14
X	7726136	7726184	1	1	0	3	0	17
X	7777649	7780612	2	2	0	1	0	14
X	8051147	8051224	2	2	0	2	0	13
X	8052049	8052366	2	2	0	1	0	12
X	8232627	8232679	2	2	0	2	0	13
X	8250379	8250668	2	2	0	1	0	17
X	8721815	8721860	2	2	0	3	0	18
X	8722326	8722404	2	2	0	2	0	18
X	8723422	8723519	2	2	0	1	0	18
X	8765028	8765074	1	1	0	1	0	17
X	8790151	8790205	1	1	0	3	0	15
X	8790336	8790382	1	1	0	5	0	18
X	8989379	8989745	1	1	0	1	0	15
X	9393062	9393141	1	1	0	1	0	14
X	9514565	9514708	1	1	0	1	0	14
X	9540241	9540535	1	1	0	1	0	17
X	9559568	9559616	1	1	0	1	0	15
X	9923443	9923507	2	2	0	1	0	13
X	10214701	10214749	2	2	0	1	0	15
X	10339551	10339641	2	2	0	1	0	14
X	10341022	10341073	2	2	0	1	0	12
X	10377321	10377383	2	2	0	1	0	12
X	10424343	10424444	2	2	0	1	0	13
X	10959787	10959840	1	1	0	1	0	17
X	11199534	11199582	1	1	0	4	0	14
X	11201730	11201781	1	1	0	1	0	15
X	11413393	11413439	2	2	0	1	0	16
X	11491190	11491234	2	2	0	1	0	17
X	11491433	11491479	2	2	0	1	0	15
X	11495482	11495525	2	2	0	1	0	12
X	11647717	11647771	1	1	0	1	0	13
X	12256753	12257190	1	1	0	1	0	15
X	12364692	12364733	2	2	0	1	0	17
X	13114955	13115215	1	1	0	1	0	13
X	13231260	13231304	2	2	0	1	0	16
X	13469605	13469650	1	1	0	1	0	13
X	13766856	13766900	2	2	0	1	0	16
X	13868093	13868146	2	2	0	1	0	13
X	13965884	13965941	2	2	0	1	0	16
X	14076759	14076806	2	2	0	1	0	17
X	14076894	14077169	2	2	0	1	0	12
X	14172101	14172198	2	2	0	1	0	18
X	14217302	14217349	1	1	0	1	0	14
X	14217585	14217848	1	1	0	1	0	14
X	14687874	14687920	1	1	0	1	0	14
X	14705625	14705672	2	2	0	1	0	17
X	14706608	14706740	2	2	0	1	0	12
X	14727363	14727906	2	2	0	1	0	14
X	14978301	14978345	1	3	0	1	0	15
X	15103444	15103518	2	2	0	1	0	15
X	15175027	15176852	1	1	0	1	0	14
X	16124576	16125425	2	2	0	1	0	16
X	16382511	16382563	2	2	0	1	0	17
X	16382796	16382840	2	2	0	1	0	16
X	16666433	16666694	2	2	0	1	0	15
X	16786601	16787382	1	1	0	1	0	14
X	16792450	16792714	2	2	0	1	0	13
X	17081272	17081464	1	1	0	1	0	18
X	17194351	17194845	2	2	0	1	0	14
X	17437774	17437898	1	1	0	1	0	12
X	17450127	17450177	1	1	0	1	0	14
X	17455994	17456046	2	2	0	0	7	18
X	17456196	17456249	2	2	0	2	0	14
X	17459627	17459674	1	1	0	5	0	16
X	17460011	17460063	1	1	0	0	7	18
X	17674828	17674945	1	1	0	1	0	15
X	17679670	17679921	1	1	0	1	0	16
X	17680036	17680284	1	1	0	1	0	17
