I	111066	111160	1	1	0	1	0	13
I	111261	111509	1	1	0	5	0	16
I	111708	111754	1	1	0	3	0	16
I	219829	220003	2	2	0	0	1	18
I	254803	254975	2	2	0	0	1	18
I	255961	256315	2	2	0	1	0	13
I	258684	259106	2	2	0	1	0	16
I	311785	311835	2	2	0	1	0	17
I	313843	313887	2	2	0	1	0	14
I	314103	314153	2	2	0	1	0	15
I	446783	446913	1	1	0	1	0	12
I	536307	536355	1	1	0	2	0	17
I	645985	647004	2	2	0	1	0	13
I	683154	683226	1	1	0	1	0	14
I	759054	759696	1	1	0	1	0	14
I	772155	773163	1	1	0	1	0	18
I	1156890	1156970	1	1	0	6	0	17
I	1157096	1157273	1	1	0	3	0	14
I	1414240	1415237	2	2	0	1	0	18
I	1834138	1834186	1	1	0	1	0	18
I	1835045	1835091	1	1	0	5	0	16
I	1835230	1835277	1	1	0	3	0	18
I	2028595	2029673	1	1	0	1	0	13
I	2069838	2070051	2	2	0	2	0	13
I	2070208	2070439	2	2	0	1	0	16
I	2079358	2080743	1	1	0	1	0	16
I	2113931	2115252	2	2	0	1	0	12
I	2331464	2331508	2	2	0	1	0	18
I	2354781	2355573	1	1	0	1	0	14
I	2420039	2420298	2	2	0	1	0	12
I	2624544	2625326	2	2	0	1	0	12
I	2637406	2637454	1	1	0	0	1	12
I	2643314	2643361	1	1	0	1	0	15
I	2687894	2687949	2	2	0	1	0	16
I	2701943	2701992	1	1	0	2	0	14
I	2784763	2784813	2	2	0	0	2	13
I	2785476	2785594	2	2	0	1	0	13
I	2785854	2786027	2	2	0	3	0	14
I	2787369	2787416	1	1	0	0	2	13
I	2855250	2855571	2	2	0	2	0	15
I	2875972	2876144	2	2	0	5	0	18
I	2928452	2928508	1	1	0	1	0	14
I	3001596	3002603	2	2	0	1	0	14
I	3018600	3019562	1	1	0	1	0	14
I	3163186	3163237	1	1	0	1	0	13
I	3364966	3365126	2	2	0	0	1	15
I	3535933	3536036	1	1	0	1	0	16
I	3561354	3561404	2	2	0	1	0	16
I	3619160	3619210	2	2	0	1	0	14
I	3680795	3680842	2	2	0	1	0	16
I	3737479	3738570	2	2	0	1	0	15
I	3788209	3788252	1	1	0	3	0	12
I	3788556	3788658	1	1	0	3	0	14
I	3804292	3804778	2	2	0	1	0	15
I	3827447	3827797	1	1	0	1	0	13
I	3839447	3839602	2	2	0	1	0	18
I	3895905	3895954	2	2	0	0	1	14
I	3896210	3896253	2	2	0	0	1	17
I	3909317	3909371	1	1	0	1	0	14
I	3966003	3966050	2	2	0	0	1	17
I	3973391	3973438	1	1	0	0	1	17
I	3988029	3988075	1	1	0	2	0	17
I	3988213	3988261	1	1	0	1	0	18
I	4140759	4141183	1	1	0	1	0	13
I	4176484	4176532	1	1	0	1	0	13
I	4238130	4238173	1	1	0	0	1	17
I	4238429	4238478	1	1	0	0	1	14
I	4358122	4358197	1	1	0	1	0	17
I	4504810	4505061	1	1	0	1	0	14
I	4584061	4584108	2	2	0	2	0	13
I	4584296	4584347	2	2	0	2	0	12
I	4585545	4585589	1	1	0	5	0	18
I	4634499	4634553	1	1	0	1	0	12
I	4636064	4636329	2	2	0	1	0	12
I	4646704	4646785	2	2	0	3	0	18
I	4789278	4789349	1	1	0	0	2	18
I	4789278	4790412	1	1	0	0	3	18
I	4790342	4790412	1	1	0	0	3	18
I	4904446	4904490	1	1	0	1	0	12
I	4904688	4904737	1	1	0	1	0	16
I	4949634	4949682	2	2	0	1	0	17
I	4960210	4960370	1	1	0	0	1	15
I	4965704	4965753	2	2	0	2	0	14
I	5007629	5007674	1	1	0	1	0	16
I	5018927	5018981	2	2	0	4	0	17
I	5019171	5019220	2	2	0	5	0	17
I	5019377	5019783	2	2	0	7	0	17
I	5019891	5019940	2	2	0	1	0	16
I	5019993	5020060	2	2	0	1	0	17
I	5029231	5030866	1	1	0	1	0	16
I	5046615	5046981	2	2	0	1	0	14
I	5126767	5126818	2	2	0	1	0	12
I	5173912	5173956	2	2	0	1	0	17
I	5174039	5174085	2	2	0	1	0	17
I	5183273	5184587	1	1	0	1	0	12
I	5268567	5269060	1	1	0	1	0	14
I	5288319	5289992	2	2	0	1	0	17
I	5374709	5374757	2	2	0	1	0	13
I	5403456	5403510	2	2	0	1	0	17
I	5429267	5429310	2	2	0	2	0	15
I	5435010	5435054	1	1	0	1	0	18
I	5480808	5480854	2	2	0	1	0	12
I	5484960	5485051	2	2	0	1	0	14
I	5485303	5485380	2	2	0	3	0	18
I	5549758	5549802	2	2	0	1	0	12
I	5560888	5560933	1	1	0	1	0	14
I	5610060	5610107	2	2	0	1	0	14
I	5659892	5659947	2	2	0	1	0	14
I	5687349	5689419	2	2	0	1	0	15
I	5823919	5824058	2	2	0	1	0	17
I	5869004	5869089	2	2	0	1	0	12
I	5886699	5889036	1	1	0	1	0	15
I	5896699	5896857	1	1	0	1	0	17
I	5900268	5900524	1	1	0	1	0	13
I	5964866	5964911	1	1	0	1	0	14
I	6024420	6024835	2	2	0	1	0	13
I	6220206	6220367	2	2	0	6	0	18
I	6231928	6231972	2	2	0	0	1	16
I	6234865	6234909	1	1	0	0	1	16
I	6272238	6272278	2	2	0	1	0	14
I	6296314	6296367	1	1	0	1	0	12
I	6423162	6423272	1	1	0	1	0	16
I	6424987	6425031	1	1	0	1	0	17
I	6468995	6469036	1	1	0	1	0	15
I	6497628	6497673	1	1	0	1	0	14
I	6498526	6498574	1	1	0	2	0	14
I	6530562	6531196	2	2	0	1	0	17
I	6531788	6531836	2	2	0	1	0	16
I	6536803	6536848	1	1	0	1	0	14
I	6543788	6543832	1	1	0	1	0	13
I	6571811	6571853	1	1	0	2	0	13
I	6626388	6626438	2	2	0	1	0	15
I	6632282	6632624	2	2	0	1	0	13
I	6705668	6705714	2	2	0	1	0	12
I	6759155	6759322	2	2	0	1	0	14
I	6761875	6763262	2	2	0	3	0	17
I	6763398	6763451	2	2	0	2	0	17
I	6763935	6764184	2	2	0	1	0	12
I	6764344	6764590	2	2	0	1	0	16
I	6789609	6789654	2	2	0	1	0	13
I	6801515	6801639	1	1	0	1	0	16
I	6856913	6856958	1	1	0	1	0	13
I	6873508	6873555	2	2	0	1	0	12
I	6951377	6951551	1	1	0	1	0	17
I	7016303	7016353	2	2	0	1	0	15
I	7080565	7080640	2	2	0	2	0	13
I	7080958	7081349	2	2	0	2	0	17
I	7081521	7081956	2	2	0	1	0	12
I	7091572	7091782	2	2	0	1	0	17
I	7237201	7237243	1	1	0	1	0	12
I	7352543	7352607	1	1	0	1	0	18
I	7353537	7353582	1	1	0	1	0	17
I	7377322	7377595	2	2	0	1	0	13
I	7378552	7378600	2	2	0	1	0	17
I	7379760	7380066	2	2	0	2	0	18
I	7381572	7381640	2	2	0	2	0	15
I	7381831	7382966	2	2	0	1	0	17
I	7558426	7558470	1	1	0	1	0	14
I	7561744	7561791	1	1	0	1	0	16
I	7582384	7582726	1	1	0	1	0	12
I	7585670	7585714	2	2	0	1	0	17
I	7593266	7593310	1	1	0	1	0	17
I	7593390	7593683	1	1	0	1	0	17
I	7657717	7657929	2	2	0	1	0	17
I	7667773	7668536	1	1	0	1	0	13
I	7682180	7682482	1	1	0	1	0	15
I	7693523	7693567	1	1	0	1	0	13
I	7696846	7696890	1	1	0	1	0	12
I	7724309	7724402	2	2	0	1	0	17
I	7725620	7725670	1	1	0	1	0	15
I	7728186	7728520	1	1	0	1	0	14
I	7825198	7825636	1	1	0	1	0	16
I	7871133	7871177	1	1	0	1	0	15
I	7930026	7930072	2	2	0	1	0	13
I	7940630	7940671	2	2	0	1	0	15
I	7957108	7957212	2	2	0	1	0	18
I	7973110	7973157	2	2	0	1	0	13
I	8023629	8023674	2	2	0	2	0	16
I	8027549	8027597	2	2	0	1	0	15
I	8211655	8211725	1	1	0	1	0	14
I	8213276	8214065	2	2	0	1	0	14
I	8256510	8256975	2	2	0	1	0	14
I	8318640	8318771	2	2	0	1	0	16
I	8329453	8329499	2	2	0	5	0	18
I	8388210	8388785	2	2	0	1	0	13
I	8430507	8430573	2	2	0	1	0	18
I	8608239	8608285	2	2	0	1	0	17
I	8608512	8608554	2	2	0	1	0	15
I	8610308	8610356	1	1	0	1	0	14
I	8668872	8668917	1	1	0	1	0	16
I	8707379	8707427	2	2	0	1	0	12
I	8750273	8750321	2	2	0	1	0	14
I	8764972	8765055	1	1	0	1	0	14
I	8813858	8814087	1	3	0	2	0	12
I	8815726	8815780	2	2	0	3	0	13
I	8826423	8826511	2	2	0	1	0	17
I	8846459	8846508	2	2	0	1	0	14
I	8907495	8907541	2	2	0	1	0	16
I	8967767	8967807	2	2	0	1	0	15
I	9123931	9124115	2	2	0	1	0	15
I	9139045	9139370	2	2	0	1	0	15
I	9142819	9142867	2	2	0	1	0	16
I	9164565	9164612	1	1	0	1	0	12
I	9166340	9166393	1	1	0	2	0	18
I	9168490	9171476	1	1	0	1	0	17
I	9177016	9177072	1	1	0	1	0	14
I	9182649	9182703	2	2	0	1	0	16
I	9237486	9237964	2	2	0	1	0	12
I	9329466	9329842	1	1	0	1	0	13
I	9492311	9492388	1	1	0	1	0	13
I	9510126	9510176	1	1	0	1	0	12
I	9625167	9625367	2	2	0	2	0	17
I	9625538	9625580	2	2	0	1	0	16
I	9629589	9629634	1	1	0	1	0	15
I	9634853	9635840	2	2	0	1	0	16
I	9689848	9689938	1	1	0	3	0	14
I	9695945	9695993	2	2	0	0	1	18
I	9773308	9773759	1	1	0	2	0	16
I	9781519	9781563	2	2	0	1	0	17
I	9789600	9789650	1	1	0	1	0	16
I	9928812	9928855	1	1	0	1	0	18
I	10017617	10017665	1	1	0	1	0	15
I	10228903	10228957	2	2	0	1	0	13
I	10299724	10299861	1	1	0	1	0	18
I	10323257	10323305	2	2	0	1	0	12
I	10331252	10331299	1	1	0	1	0	14
I	10331477	10331578	1	1	0	2	0	18
I	10349232	10349280	2	2	0	1	0	16
I	10433245	10433294	2	2	0	1	0	17
I	10434042	10434087	2	2	0	1	0	13
I	10434679	10434730	2	2	0	1	0	17
I	10436288	10436467	1	1	0	1	0	17
I	10436410	10436467	1	1	0	1	0	18
I	10471261	10471500	1	1	0	2	0	15
I	10504674	10504894	1	1	0	1	0	13
I	10519518	10519905	1	1	0	1	0	16
I	10522925	10523142	1	1	0	1	0	12
I	10523696	10523737	1	1	0	1	0	13
I	10553661	10553741	2	2	0	5	0	18
I	10563992	10564043	1	1	0	1	0	13
I	10568079	10568124	1	1	0	4	0	16
I	10569162	10569416	1	1	0	2	0	17
I	10597988	10598301	1	1	0	1	0	13
I	10633626	10633759	2	2	0	1	0	13
I	10686424	10686468	2	2	0	1	0	15
I	10734492	10734550	1	1	0	1	0	12
I	10774107	10774776	1	1	0	1	0	17
I	10924719	10925081	2	2	0	1	0	16
I	11016729	11017340	1	1	0	2	0	14
I	11079454	11080116	2	2	0	1	0	16
I	11142201	11149111	1	1	0	0	1	15
I	11144734	11149111	1	1	0	0	1	15
I	11146927	11147707	1	1	0	1	0	18
I	11147874	11147917	1	1	0	2	0	13
I	11149065	11149111	1	1	0	0	1	15
I	11149195	11149693	1	1	0	1	0	17
I	11210770	11211166	1	1	0	1	0	15
I	11292891	11292963	2	2	0	2	0	14
I	11375271	11376426	1	1	0	1	0	14
I	11440233	11440280	1	1	0	0	1	12
I	11586729	11586777	1	1	0	1	0	13
I	11701910	11702156	1	1	0	1	0	13
I	11774792	11774871	2	2	0	1	0	17
I	11910578	11910662	2	2	0	2	0	17
I	11910742	11910934	2	2	0	2	0	18
I	11958901	11959110	2	2	0	1	0	13
I	12205118	12205508	1	1	0	1	0	17
I	12652435	12652617	1	1	0	1	0	15
I	12654087	12654144	1	1	0	2	0	17
I	12860750	12861049	1	1	0	3	0	12
I	12899119	12901052	1	1	0	1	0	13
I	12964947	12964999	2	2	0	1	0	14
I	12981832	12981884	1	1	0	1	0	16
I	13043108	13043813	1	1	0	1	0	17
I	13068765	13068862	1	1	0	1	0	13
I	13173424	13173475	1	1	0	1	0	18
I	13181878	13182341	1	1	0	1	0	15
I	13217636	13217684	2	2	0	1	0	16
I	13536243	13536913	1	1	0	1	0	12
I	13579354	13580317	1	1	0	2	0	18
I	13653266	13653590	2	2	0	2	0	17
I	13802555	13803632	2	2	0	1	0	15
I	13952849	13952903	1	1	0	3	0	16
I	14108354	14109231	2	2	0	1	0	13
I	14111209	14112575	2	2	0	1	0	17
I	14266840	14267052	1	1	0	1	0	14
I	14335609	14335668	1	1	0	1	0	12
I	14466336	14467625	2	2	0	1	0	15
I	14468593	14468649	2	2	0	1	0	13
I	14468790	14468842	2	2	0	1	0	14
I	14622898	14623009	2	2	0	2	0	15
I	14623149	14623827	2	2	0	4	0	17
I	14623899	14624029	2	2	0	1	0	15
I	14625090	14625278	2	2	0	1	0	17
I	14629942	14630641	2	2	0	1	0	15
I	14630780	14630914	2	2	0	2	0	14
I	14669553	14669611	1	1	0	1	0	12
I	14760117	14760373	1	1	0	1	0	13
I	14856932	14856986	2	2	0	3	0	15
I	14860653	14860704	2	2	0	1	0	12
I	14862826	14863387	2	2	0	1	0	12
I	14876486	14877197	2	2	0	1	0	14
I	14996310	14996355	1	1	0	1	0	15
I	15041017	15041065	2	2	0	1	0	16
II	41683	41843	2	2	0	1	0	15
II	52139	52214	1	1	0	1	0	16
II	231033	231699	2	2	0	1	0	13
II	411426	411483	1	1	0	1	0	17
II	528052	528705	1	1	0	1	0	18
II	578210	578849	2	2	0	1	0	12
II	580940	580991	1	1	0	1	0	12
II	723834	723894	1	1	0	1	0	18
II	847852	847898	2	2	0	1	0	13
II	1005350	1005394	2	2	0	0	6	17
II	1005350	1011222	2	2	0	0	6	17
II	1005350	1017040	2	2	0	0	6	17
II	1005812	1005864	2	2	0	0	2	15
II	1005812	1011692	2	2	0	0	2	15
II	1005812	1017510	2	2	0	0	2	15
II	1006080	1006126	2	2	0	0	4	17
II	1006080	1011954	2	2	0	0	4	17
II	1006080	1017772	2	2	0	0	4	17
II	1011178	1011222	2	2	0	0	6	17
II	1011178	1017040	2	2	0	0	6	17
II	1011640	1011692	2	2	0	0	2	15
II	1011640	1017510	2	2	0	0	2	15
II	1011908	1011954	2	2	0	0	4	17
II	1011908	1017772	2	2	0	0	4	17
II	1016996	1017040	2	2	0	0	6	17
II	1017458	1017510	2	2	0	0	2	15
II	1017726	1017772	2	2	0	0	4	17
II	1094104	1094310	1	1	0	1	0	17
II	1152203	1152320	1	1	0	1	0	12
II	1257774	1257822	1	1	0	1	0	12
II	1322163	1322213	1	1	0	3	0	15
II	1504631	1504925	1	1	0	1	0	12
II	1946022	1946073	2	2	0	1	0	18
II	2260730	2260778	1	1	0	1	0	14
II	2354998	2355342	1	1	0	1	0	16
II	2526461	2526509	2	2	0	1	0	15
II	2781722	2781765	1	1	0	1	0	16
II	2823844	2823887	2	2	0	2	0	18
II	2824028	2824083	2	2	0	1	0	17
II	2842767	2842815	2	2	0	2	0	18
II	2886515	2887257	2	2	0	1	0	12
II	2917336	2917386	2	2	0	2	0	17
II	2918657	2918705	2	2	0	1	0	16
II	2919879	2919941	1	1	0	1	0	13
II	3033044	3033312	1	1	0	1	0	12
II	3127369	3127411	1	1	0	1	0	13
II	3147321	3147369	1	1	0	1	0	17
II	3245268	3245523	2	2	0	4	0	16
II	3322614	3322942	2	2	0	1	0	12
II	3394092	3394136	2	2	0	1	0	17
II	3394271	3394322	2	2	0	1	0	18
II	3415634	3415682	1	1	0	1	0	14
II	3462673	3462729	2	2	0	1	0	12
II	4041338	4041382	1	1	0	1	0	18
II	4504222	4504319	2	2	0	1	0	14
II	4615867	4615922	2	2	0	1	0	12
II	4617871	4617922	2	2	0	3	0	17
II	4666224	4666274	2	2	0	1	0	17
II	4698973	4699018	1	1	0	1	0	18
II	4716817	4717114	1	1	0	1	0	12
II	4836583	4836629	2	2	0	1	0	17
II	4857978	4858069	1	1	0	1	0	16
II	4870580	4870707	2	2	0	5	0	16
II	4890956	4891006	1	1	0	1	0	14
II	4931151	4931198	1	1	0	0	1	18
II	4985195	4986116	1	1	0	1	0	14
II	4991443	4993272	2	2	0	1	0	13
II	5084606	5084979	2	2	0	1	0	14
II	5160379	5160423	2	2	0	1	0	13
II	5313264	5313329	1	1	0	1	0	13
II	5396157	5396210	2	2	0	1	0	18
II	5424612	5424658	2	2	0	1	0	12
II	5473141	5473189	1	1	0	1	0	12
II	5474555	5474615	1	1	0	1	0	17
II	5513783	5514868	2	4	0	1	0	16
II	5595197	5595250	1	1	0	1	0	16
II	5752722	5752816	1	1	0	1	0	16
II	5771070	5771526	1	1	0	1	0	12
II	5831870	5832030	2	2	0	1	0	16
II	5840085	5840129	2	2	0	2	0	14
II	5869974	5870020	2	2	0	1	0	14
II	5915609	5915662	1	1	0	1	0	16
II	5916258	5916300	1	1	0	1	0	13
II	6023615	6023684	2	2	0	1	0	12
II	6023803	6023993	2	2	0	1	0	15
II	6099353	6099501	1	1	0	1	0	14
II	6151257	6151613	1	1	0	1	0	13
II	6250342	6250395	1	1	0	1	0	17
II	6262939	6263207	1	1	0	1	0	13
II	6273526	6273722	1	1	0	1	0	14
II	6347347	6347398	2	2	0	1	0	18
II	6383952	6383998	1	1	0	1	0	14
II	6384196	6384415	1	1	0	2	0	15
II	6402690	6402730	1	1	0	1	0	17
II	6445822	6445865	1	1	0	1	0	13
II	6588026	6588074	2	2	0	1	0	14
II	6588522	6588565	2	2	0	1	0	14
II	6805155	6805200	2	2	0	1	0	15
II	6911192	6911236	1	1	0	1	0	17
II	6972073	6972116	2	2	0	1	0	18
II	6972974	6973017	2	2	0	2	0	16
II	7019808	7020152	2	2	0	1	0	17
II	7106006	7106049	1	1	0	1	0	15
II	7112127	7112173	1	1	0	1	0	12
II	7210873	7210918	2	2	0	1	0	18
II	7249833	7249888	1	1	0	1	0	16
II	7304223	7304268	1	1	0	1	0	13
II	7350365	7350413	2	2	0	1	0	15
II	7428454	7428695	2	2	0	1	0	15
II	7459757	7459860	1	1	0	2	0	14
II	7527322	7527365	1	1	0	1	0	12
II	7528054	7528095	1	1	0	1	0	13
II	7665841	7665889	1	1	0	2	0	12
II	7692750	7692797	2	2	0	1	0	12
II	7713264	7713351	2	2	0	1	0	13
II	7758391	7758505	2	2	0	1	0	15
II	7773267	7773315	1	1	0	1	0	17
II	7790953	7791111	1	1	0	1	0	16
II	7873177	7873221	2	2	0	1	0	12
II	8018733	8018784	1	1	0	1	0	14
II	8032068	8032108	2	2	0	1	0	12
II	8080531	8080585	1	1	0	1	0	14
II	8130654	8132289	1	1	0	1	0	12
II	8144130	8144177	1	1	0	1	0	12
II	8206465	8206515	1	1	0	1	0	17
II	8278226	8278276	2	2	0	1	0	18
II	8279627	8279675	1	1	0	1	0	16
II	8282144	8282191	2	2	0	1	0	12
II	8351139	8351182	2	2	0	1	0	17
II	8570122	8570173	1	1	0	2	0	17
II	8570357	8570401	1	1	0	2	0	16
II	8602942	8603114	1	1	0	3	0	15
II	8617245	8617287	2	2	0	1	0	13
II	8698352	8698402	2	2	0	1	0	15
II	8785049	8785144	1	1	0	1	0	16
II	8786578	8786623	1	1	0	1	0	13
II	8787816	8787862	1	1	0	1	0	12
II	8788374	8788420	1	1	0	1	0	14
II	8788912	8788960	1	1	0	2	0	15
II	8812124	8812171	1	1	0	2	0	17
II	8932192	8932347	1	1	0	1	0	12
II	9056693	9056742	2	2	0	1	0	14
II	9133742	9133899	1	1	0	1	0	13
II	9175104	9175166	2	2	0	1	0	16
II	9232148	9232194	1	1	0	1	0	14
II	9400205	9400257	1	1	0	1	0	17
II	9425844	9426105	2	2	0	2	0	16
II	9597718	9597764	1	1	0	1	0	16
II	9623319	9623426	2	2	0	1	0	14
II	9654656	9654702	2	2	0	1	0	14
II	9658349	9658396	2	2	0	2	0	16
II	9700726	9701093	1	1	0	1	0	17
II	9772727	9772863	2	2	0	1	0	12
II	9772956	9773005	2	2	0	1	0	12
II	9946482	9946529	1	1	0	1	0	15
II	9946795	9946842	1	1	0	1	0	12
II	9967868	9967931	2	2	0	4	0	17
II	10000504	10000774	2	2	0	1	0	14
II	10030541	10030591	1	1	0	1	0	15
II	10171803	10171854	1	1	0	0	1	14
II	10173672	10173717	1	1	0	1	0	14
II	10301688	10301734	1	1	0	1	0	13
II	10391746	10391879	1	1	0	1	0	13
II	10394660	10394711	1	1	0	0	1	14
II	10417895	10417947	1	1	0	0	1	12
II	10514325	10514624	2	2	0	1	0	14
II	10642434	10642479	1	1	0	1	0	18
II	10647949	10648092	1	1	0	1	0	16
II	10652765	10653499	2	2	0	1	0	17
II	10779985	10780032	2	2	0	1	0	17
II	10787722	10787771	1	1	0	1	0	12
II	10797085	10797263	2	2	0	1	0	12
II	10821085	10821132	1	1	0	1	0	15
II	10856195	10856243	2	2	0	1	0	14
II	10872930	10872992	1	1	0	1	0	16
II	11013253	11013306	2	2	0	2	0	14
II	11025946	11026002	1	1	0	1	0	14
II	11040747	11041112	2	2	0	2	0	16
II	11096678	11096889	2	2	0	1	0	16
II	11097035	11097087	2	2	0	2	0	16
II	11098816	11098937	1	1	0	1	0	16
II	11099102	11099157	1	1	0	1	0	15
II	11125627	11125901	2	2	0	4	0	12
II	11126228	11126275	2	2	0	1	0	15
II	11131955	11132002	2	2	0	1	0	13
II	11319532	11319580	2	2	0	1	0	15
II	11339203	11339461	2	2	0	1	1	13
II	11345006	11345064	2	2	0	1	0	12
II	11345282	11345331	2	2	0	1	0	13
II	11449619	11449665	1	1	0	1	0	14
II	11455979	11456021	2	2	0	1	0	17
II	11544321	11544368	2	2	0	1	0	13
II	11545852	11546056	1	1	0	1	0	13
II	11571864	11571910	1	1	0	1	0	17
II	11583851	11584087	1	1	0	1	0	15
II	11678066	11678376	1	1	0	1	0	13
II	11691744	11691789	2	2	0	1	0	18
II	11746144	11747590	2	2	0	1	0	12
II	11775661	11775711	2	2	0	1	0	13
II	11966706	11966785	2	2	0	1	0	15
II	12037578	12038489	2	2	0	1	0	14
II	12347383	12349348	2	2	0	1	0	15
II	12498322	12499022	2	2	0	1	0	12
II	12576889	12577521	2	2	0	1	0	12
II	12767538	12767605	2	2	0	1	0	14
II	12795452	12795996	2	2	0	1	0	17
II	12818413	12818497	2	2	0	1	0	14
II	12890651	12890887	1	1	0	1	0	16
II	12896188	12896519	1	1	0	4	0	17
II	12896717	12896764	1	1	0	2	0	16
II	12901363	12901408	1	1	0	1	0	16
II	12902536	12902918	1	1	0	1	0	17
II	12905076	12905122	1	1	0	1	0	12
II	12926424	12927024	2	2	0	1	0	14
II	12994580	12994628	2	2	0	1	0	15
II	12995109	12995159	2	2	0	2	0	12
II	12997735	12997830	2	2	0	1	0	14
II	13046642	13046814	2	2	0	0	1	18
II	13060028	13060625	1	1	0	1	0	17
II	13067395	13068739	1	1	0	1	0	12
II	13079999	13080329	1	1	0	0	1	17
II	13082763	13083093	2	2	0	0	1	17
II	13195606	13198033	1	1	0	1	0	14
II	13198610	13199241	1	1	0	1	0	17
II	13492077	13492862	2	2	0	2	0	13
II	13525715	13526638	2	2	0	1	0	12
II	13858799	13862719	2	2	0	1	0	17
II	13872941	13873019	1	1	0	1	0	15
II	13965008	13966089	2	2	0	1	0	12
II	14173239	14173313	2	2	0	2	0	17
II	14200995	14201040	1	1	0	1	0	13
II	14209107	14209787	1	1	0	1	0	17
II	14226729	14228337	2	2	0	2	0	15
II	14363003	14363047	1	1	0	1	0	14
II	14405891	14406374	1	1	0	1	0	17
II	14490468	14490828	1	1	0	1	0	13
II	14596793	14596843	1	1	0	1	0	15
II	14601611	14601664	1	1	0	1	0	13
II	14778789	14778830	1	1	0	1	0	15
II	14796152	14796204	1	1	0	1	0	17
II	14796913	14796982	1	1	0	2	0	18
II	14803476	14803727	2	2	0	1	0	13
II	14815742	14816041	1	1	0	2	0	18
II	15010891	15010953	1	1	0	1	0	18
III	64986	65031	2	2	0	1	0	12
III	65421	65981	2	2	0	1	0	15
III	181279	181334	2	2	0	1	0	17
III	182523	182568	1	1	0	1	0	15
III	238013	239098	1	1	0	1	0	16
III	379752	380880	2	2	0	1	0	17
III	599718	600034	2	2	0	1	0	17
III	740090	742984	2	2	0	1	0	12
III	776223	776860	2	2	0	1	0	14
III	794670	794937	1	1	0	3	0	14
III	795394	795439	1	1	0	1	0	15
III	900823	900930	2	2	0	1	0	13
III	1005006	1005051	1	1	0	1	0	16
III	1005155	1005263	1	1	0	1	0	18
III	1222073	1230221	2	2	0	1	0	17
III	1419262	1419330	1	1	0	2	0	18
III	1620364	1621426	1	1	0	1	0	17
III	1621820	1623058	1	1	0	1	0	17
III	1860067	1860156	1	1	0	2	0	14
III	1963911	1963964	2	2	0	1	0	15
III	1969499	1969543	2	2	0	1	0	12
III	2102500	2102717	1	3	0	1	0	13
III	2182408	2183154	1	1	0	1	0	16
III	2407524	2408879	2	2	0	1	0	17
III	2467551	2467990	2	2	0	1	0	16
III	2469350	2469393	1	1	0	1	0	15
III	2505557	2505603	2	2	0	1	0	16
III	2529430	2529538	1	1	0	1	0	15
III	2593358	2595477	2	2	0	1	0	15
III	2598466	2599313	1	1	0	1	0	17
III	2680516	2680652	1	1	0	1	0	14
III	2698718	2698770	2	2	0	1	0	17
III	2784300	2785146	2	2	0	1	0	16
III	2786428	2786490	1	1	0	2	0	17
III	2958863	2960250	1	1	0	1	0	14
III	3068468	3068573	1	1	0	2	0	17
III	3068744	3068972	1	1	0	2	0	16
III	3149130	3149249	1	1	0	1	0	14
III	3247784	3248072	2	2	0	1	0	12
III	3358770	3359168	1	1	0	1	0	13
III	3401310	3401569	2	2	0	1	0	15
III	3439459	3440138	2	2	0	1	0	16
III	3503286	3503337	2	2	0	4	0	14
III	3700029	3700078	2	2	0	2	0	14
III	3703721	3703771	1	1	0	1	0	16
III	3868228	3868444	1	1	0	3	0	16
III	3869070	3869204	1	1	0	1	0	14
III	3905844	3905887	2	2	0	1	0	14
III	3921576	3921625	2	2	0	1	0	15
III	3925178	3925232	2	2	0	2	0	14
III	4017385	4017456	2	2	0	2	0	17
III	4032814	4033002	2	2	0	1	0	18
III	4085747	4086026	2	2	0	1	0	17
III	4086127	4086200	2	2	0	1	0	14
III	4174735	4174783	2	2	0	1	0	15
III	4191278	4191547	1	1	0	1	0	17
III	4288806	4288851	2	2	0	1	0	16
III	4321083	4321133	1	1	0	1	0	14
III	4398914	4399151	1	1	0	1	0	14
III	4401532	4401637	1	1	0	0	1	15
III	4408081	4408258	1	1	0	2	0	17
III	4473353	4473400	2	2	0	1	0	13
III	4476070	4476114	1	1	0	4	0	13
III	4476511	4476559	1	1	0	1	0	13
III	4511983	4512029	1	1	0	1	0	16
III	4563883	4592207	2	2	0	1	0	13
III	4569583	4569633	1	1	0	1	0	17
III	4585815	4585864	1	1	0	1	0	12
III	4592506	4592554	1	1	0	1	0	14
III	4595185	4595227	2	2	0	1	0	16
III	4654637	4654685	2	2	0	0	1	15
III	4655159	4655394	2	2	0	0	1	15
III	4715778	4715829	2	2	0	1	0	12
III	4736876	4736924	1	1	0	0	1	15
III	4753383	4753429	2	2	0	1	0	17
III	4753842	4753913	2	2	0	2	0	17
III	4784301	4784461	2	2	0	0	1	15
III	4848851	4848903	2	2	0	1	0	15
III	4870875	4870928	1	1	0	1	0	13
III	5006126	5006197	2	2	0	1	0	14
III	5051806	5051907	2	2	0	1	0	17
III	5055397	5055444	2	2	0	1	0	15
III	5078700	5078746	1	1	0	1	0	17
III	5081871	5081937	1	1	0	2	0	18
III	5146150	5146224	2	2	0	1	0	17
III	5189799	5189843	1	1	0	1	0	13
III	5226137	5226189	1	1	0	2	0	17
III	5228649	5228697	1	1	0	2	0	17
III	5229328	5229374	1	1	0	3	0	17
III	5230087	5230134	1	1	0	1	0	12
III	5262837	5262882	2	2	0	1	0	12
III	5300692	5300738	2	2	0	1	0	18
III	5322079	5322807	1	1	0	1	0	16
III	5325465	5326094	1	1	0	1	0	16
III	5451250	5451300	1	1	0	1	0	17
III	5565151	5565320	1	1	0	3	0	14
III	5565533	5566673	1	1	0	4	1	15
III	5592212	5592353	1	1	0	1	0	17
III	5593821	5593870	1	1	0	3	0	13
III	5594001	5594066	1	1	0	3	0	17
III	5617054	5617097	1	1	0	1	0	15
III	5705801	5705896	2	2	0	4	0	14
III	5716264	5716336	1	1	0	1	0	15
III	5716756	5716840	1	1	0	1	0	15
III	5855200	5855247	2	2	0	1	0	17
III	5875802	5876138	2	2	0	1	0	14
III	5916337	5916822	1	1	0	1	0	15
III	5942601	5942648	1	1	0	1	0	13
III	5943333	5943382	1	1	0	1	0	17
III	5972731	5973547	2	2	0	1	0	16
III	6022584	6022630	1	1	0	1	0	18
III	6126805	6127037	2	2	0	1	0	15
III	6176453	6176497	2	2	0	1	0	14
III	6206945	6206992	1	1	0	1	0	14
III	6207134	6207178	1	1	0	2	0	14
III	6207329	6207427	1	1	0	1	0	14
III	6207561	6207730	1	1	0	1	0	12
III	6246692	6246738	2	2	0	1	0	17
III	6250145	6250311	1	1	0	3	0	17
III	6286997	6287199	2	2	0	1	0	17
III	6294965	6295012	2	2	0	1	0	14
III	6339503	6339676	2	2	0	1	0	18
III	6358091	6358557	1	1	0	1	0	12
III	6364374	6364803	1	1	0	1	0	18
III	6374354	6374575	2	2	0	2	0	16
III	6374681	6374852	2	2	0	0	1	18
III	6394558	6394606	2	2	0	2	0	13
III	6423998	6424040	2	2	0	1	0	18
III	6433886	6433934	1	1	0	1	0	14
III	6441868	6442752	2	2	0	1	0	16
III	6445044	6445100	2	2	0	1	0	18
III	6936899	6937388	1	1	0	1	0	12
III	6967839	6967889	2	2	0	1	0	18
III	6970397	6970445	2	2	0	3	0	18
III	6971267	6971314	2	2	0	7	0	17
III	6971484	6971536	2	2	0	4	0	18
III	7019690	7019738	2	2	0	2	0	17
III	7135317	7135362	2	2	0	1	0	14
III	7135972	7136022	2	2	0	1	0	15
III	7146644	7146692	2	2	0	1	0	16
III	7156461	7156858	2	2	0	1	0	13
III	7179225	7179272	2	2	0	3	0	17
III	7189340	7189388	2	2	0	3	0	17
III	7189477	7189575	2	2	0	3	0	17
III	7208584	7208810	1	1	0	3	0	15
III	7209381	7209602	1	1	0	3	0	13
III	7224291	7224398	2	2	0	1	0	16
III	7233548	7233767	2	2	0	1	0	14
III	7308531	7308580	2	2	0	1	0	16
III	7354336	7354382	2	2	0	1	0	15
III	7509404	7509456	1	1	0	1	0	18
III	7567231	7567284	1	1	0	1	0	18
III	7572432	7572482	2	2	0	2	0	16
III	7641317	7641363	2	2	0	1	0	12
III	7759207	7759350	1	1	0	2	0	12
III	7762320	7762369	2	2	0	1	0	13
III	7766823	7766868	2	2	0	1	0	16
III	7767363	7767407	2	2	0	1	0	15
III	7768715	7768833	2	2	0	2	0	13
III	7859070	7859139	1	1	0	2	0	14
III	7973076	7973193	2	2	0	2	0	17
III	7973803	7973846	1	1	0	1	0	18
III	7983884	7983943	1	1	0	1	0	16
III	7985755	7985800	1	1	0	1	0	18
III	8019661	8019735	2	2	0	1	0	15
III	8045634	8045681	1	1	0	1	0	17
III	8049276	8049541	2	2	0	2	0	15
III	8129835	8129977	2	2	0	4	0	18
III	8130994	8132217	1	1	0	2	0	16
III	8275387	8275610	2	2	0	1	0	14
III	8306356	8307364	2	2	0	1	0	14
III	8343617	8343859	2	2	0	0	3	16
III	8343617	8352054	2	2	0	0	3	16
III	8351812	8352054	2	2	0	0	3	16
III	8357167	8357235	2	2	0	1	0	17
III	8402959	8403290	2	2	0	1	0	15
III	8403914	8403959	2	2	0	1	0	14
III	8405158	8405210	2	2	0	1	0	17
III	8438665	8438957	2	2	0	1	0	14
III	8653561	8653734	2	2	0	1	0	17
III	8701652	8701744	1	1	0	1	0	16
III	8748408	8748611	2	2	0	1	0	18
III	8768524	8768798	1	1	0	1	0	16
III	8849711	8849758	2	2	0	1	0	17
III	8890608	8891310	1	1	0	1	0	13
III	9018379	9018420	1	1	0	1	0	15
III	9019495	9019537	1	1	0	2	1	17
III	9052523	9053628	2	2	0	1	0	15
III	9080514	9080568	2	2	0	3	0	15
III	9080655	9080702	2	2	0	2	0	16
III	9082338	9082409	1	1	0	5	0	16
III	9100286	9100388	2	2	0	0	1	12
III	9102378	9102480	1	1	0	0	1	12
III	9323137	9323183	1	1	0	1	0	13
III	9385055	9385431	2	2	0	0	1	14
III	9389254	9389325	2	2	0	1	0	13
III	9463325	9463381	2	2	0	1	0	13
III	9468236	9468394	1	1	0	1	0	12
III	9488939	9488989	1	1	0	1	0	14
III	9524283	9524329	1	1	0	1	0	15
III	9528605	9528656	1	1	0	2	0	16
III	9531306	9531348	1	1	0	1	0	18
III	9536772	9537173	2	2	0	1	0	13
III	9572586	9572638	2	2	0	1	0	17
III	9602202	9602333	2	2	0	0	1	14
III	9608262	9608565	2	2	0	1	0	16
III	9630921	9630965	2	2	0	2	0	17
III	9746161	9746278	2	2	0	1	0	16
III	9746432	9746475	2	2	0	3	0	14
III	9752527	9752572	2	2	0	1	0	18
III	9782361	9782411	1	1	0	1	0	13
III	9782651	9782696	1	1	0	1	0	13
III	9856232	9856640	2	2	0	1	0	14
III	9927923	9928218	1	1	0	1	0	16
III	10052989	10053036	1	1	0	0	1	12
III	10138837	10138889	1	1	0	1	0	12
III	10182944	10182992	1	1	0	1	0	16
III	10209222	10209269	1	1	0	1	0	17
III	10215906	10215966	2	2	0	1	0	18
III	10216366	10216410	2	2	0	1	0	17
III	10318388	10318436	2	2	0	2	0	17
III	10326632	10327556	2	2	0	2	0	13
III	10334839	10334891	1	1	0	1	0	15
III	10506374	10506429	2	2	0	1	0	17
III	10521042	10522046	1	1	0	1	0	13
III	10552000	10552203	2	2	0	1	0	14
III	10552837	10552901	2	2	0	1	0	12
III	10606150	10606243	1	1	0	1	0	15
III	10647291	10647617	1	1	0	1	0	12
III	10746983	10747029	2	2	0	3	0	17
III	10747219	10747265	2	2	0	1	0	13
III	10952385	10953080	2	2	0	1	0	14
III	11025441	11025879	2	2	0	1	0	14
III	11056277	11057277	1	1	0	1	0	13
III	11088525	11089284	1	1	0	1	0	15
III	11236583	11236633	2	2	0	1	0	13
III	11368232	11368283	1	1	0	1	0	14
III	11612694	11612738	1	1	0	1	0	14
III	11625350	11625635	1	1	0	1	0	12
III	12110007	12110059	1	1	0	1	0	16
III	12243843	12245017	2	2	0	1	0	15
III	12351175	12351229	2	2	0	1	0	17
III	12397341	12397396	1	1	0	1	0	17
III	12419032	12420073	2	2	0	1	0	16
III	12830253	12830615	1	1	0	1	0	14
III	12879364	12879523	1	1	0	0	1	15
III	12978170	12978218	2	2	0	1	0	14
III	12978306	12978382	2	2	0	6	0	17
III	12985238	12985291	2	2	0	1	0	17
III	13196179	13197609	1	1	0	1	0	13
III	13394667	13394720	1	1	0	1	0	15
III	13458344	13459032	2	2	0	1	0	16
III	13463289	13463396	1	1	0	1	0	13
III	13463462	13463506	1	1	0	2	0	18
III	13463728	13463780	1	1	0	3	0	13
III	13552265	13552566	2	2	0	1	0	15
III	13604714	13604763	2	2	0	1	0	12
III	13605231	13605565	2	2	0	1	0	13
III	13719942	13720096	1	1	0	1	0	16
III	13721797	13722262	1	1	0	1	0	17
III	13766027	13768024	2	2	0	1	0	18
IV	88799	88847	2	2	0	1	0	18
IV	159109	159383	1	1	0	1	0	16
IV	293414	293462	2	2	0	1	0	14
IV	317186	317234	2	2	0	1	0	14
IV	317953	318188	2	2	0	1	0	12
IV	360966	361010	2	2	0	1	0	14
IV	361265	361325	2	2	0	1	0	18
IV	385978	386093	1	1	0	1	0	17
IV	386304	386432	1	1	0	3	0	13
IV	524754	524815	1	1	0	1	0	17
IV	653844	654065	2	2	0	3	0	14
IV	658019	658336	1	1	0	2	0	15
IV	665642	666065	1	1	0	1	0	15
IV	748915	748968	1	1	0	1	0	13
IV	773788	774546	1	1	0	1	0	17
IV	887669	888072	1	1	0	1	0	13
IV	942370	942954	2	2	0	1	0	12
IV	1010803	1011492	1	1	0	1	0	16
IV	1107512	1107560	1	1	0	1	0	16
IV	1108947	1109214	1	1	0	2	0	15
IV	1128659	1128704	1	1	0	1	0	17
IV	1178188	1178298	1	1	0	1	0	15
IV	1178787	1179486	1	1	0	1	0	16
IV	1231957	1232335	1	1	0	2	0	14
IV	1297448	1297585	2	2	0	1	0	17
IV	1435640	1436947	2	2	0	2	0	16
IV	1513797	1514169	1	1	0	1	0	17
IV	1548875	1548930	1	1	0	1	0	15
IV	1625544	1625590	1	1	0	1	0	15
IV	1735955	1736677	2	2	0	1	0	18
IV	1973828	1973879	1	1	0	1	0	15
IV	2389606	2389661	1	1	0	1	0	16
IV	2403153	2403910	2	2	0	1	0	18
IV	2409938	2410685	2	2	0	1	0	17
IV	2496290	2496343	1	1	0	1	0	15
IV	2686720	2687845	2	2	0	1	0	12
IV	2792470	2793347	1	1	0	1	0	18
IV	2817617	2817669	2	2	0	1	0	13
IV	3033296	3033921	2	2	0	1	0	12
IV	3295277	3295326	1	1	0	1	0	17
IV	3336641	3336688	2	2	0	1	0	18
IV	3369409	3369852	1	1	0	1	0	12
IV	3440097	3440146	1	1	0	3	0	16
IV	3479411	3479459	1	1	0	1	0	15
IV	3603906	3603959	2	2	0	1	0	14
IV	3605061	3605102	2	2	0	1	0	14
IV	3688668	3689555	2	2	0	1	0	15
IV	3699212	3699290	1	1	0	1	0	14
IV	3749870	3749915	2	2	0	1	0	14
IV	3757629	3757675	1	1	0	1	0	15
IV	3923840	3923886	1	1	0	1	0	16
IV	4017635	4017692	2	2	0	1	0	13
IV	4045480	4046018	1	1	0	1	0	17
IV	4162747	4165045	1	1	0	0	1	13
IV	4164998	4165045	1	1	0	0	1	13
IV	4268078	4268123	1	1	0	1	0	13
IV	4413291	4413334	1	1	0	1	0	17
IV	4512904	4513101	2	2	0	1	0	18
IV	4607522	4607901	1	1	0	1	0	13
IV	4607968	4608022	1	1	0	2	0	13
IV	4648237	4648292	1	1	0	1	0	12
IV	4664836	4664885	1	1	0	1	0	14
IV	4700440	4700608	2	2	0	1	0	17
IV	4825882	4825926	2	2	0	1	0	18
IV	4891660	4891707	1	1	0	1	0	15
IV	4906879	4907002	1	1	0	1	0	15
IV	4996439	4996492	1	1	0	1	0	16
IV	5015420	5015468	2	2	0	1	0	14
IV	5015941	5016149	2	2	0	0	1	13
IV	5066526	5066570	2	2	0	0	1	16
IV	5068883	5068924	1	1	0	0	1	15
IV	5219109	5219212	1	1	0	0	1	18
IV	5219109	5227271	1	1	0	0	1	18
IV	5219713	5219760	1	1	0	0	1	17
IV	5219713	5227819	1	1	0	0	1	17
IV	5227168	5227271	1	1	0	0	1	18
IV	5227772	5227819	1	1	0	0	1	17
IV	5256748	5256789	2	2	0	0	1	15
IV	5259102	5259146	1	1	0	0	1	16
IV	5263014	5263058	2	2	0	2	0	16
IV	5314338	5314438	1	1	0	1	0	16
IV	5383596	5383644	1	1	0	0	1	18
IV	5483365	5483516	1	1	0	0	1	18
IV	5540214	5540329	1	1	0	1	0	14
IV	5812884	5812928	2	2	0	1	0	15
IV	5865280	5865328	2	2	0	1	0	15
IV	5947317	5947429	2	2	0	2	0	17
IV	5986669	5987229	1	1	0	1	0	17
IV	6016029	6016318	1	1	0	2	0	17
IV	6023054	6023226	2	2	0	1	0	16
IV	6247637	6247688	2	2	0	1	0	18
IV	6248337	6248380	2	2	0	1	0	12
IV	6329654	6329766	1	1	0	1	0	18
IV	6424722	6424770	2	2	0	2	0	16
IV	6425020	6425098	2	2	0	3	0	13
IV	6425482	6425529	2	2	0	3	0	13
IV	6425894	6425942	2	2	0	3	0	17
IV	6527632	6527678	2	2	0	1	0	16
IV	6604280	6604692	2	2	0	1	0	17
IV	6605014	6605062	2	2	0	1	0	12
IV	6643876	6643920	1	1	0	1	0	14
IV	6783310	6783382	2	2	0	1	0	12
IV	6878907	6879262	2	2	0	1	0	14
IV	6906725	6906773	2	2	0	1	0	13
IV	6914236	6914809	1	1	0	1	0	17
IV	6975791	6975836	2	2	0	1	0	14
IV	7034250	7034290	2	2	0	1	0	14
IV	7081603	7081651	1	1	0	1	0	18
IV	7081795	7081923	1	1	0	1	0	15
IV	7083856	7083956	2	2	0	1	0	17
IV	7084357	7084402	2	2	0	1	0	15
IV	7111115	7111274	2	2	0	0	1	13
IV	7155799	7155849	1	1	0	1	0	15
IV	7165025	7165067	2	2	0	1	0	15
IV	7189369	7189504	1	1	0	1	0	15
IV	7189679	7189727	1	1	0	1	0	18
IV	7204649	7204694	1	1	0	1	0	12
IV	7229245	7229408	2	2	0	1	0	17
IV	7237779	7237828	1	1	0	1	0	15
IV	7293509	7293966	2	2	0	1	0	13
IV	7313154	7313199	2	2	0	5	0	16
IV	7313506	7313555	2	2	0	2	0	14
IV	7313656	7313748	2	2	0	2	0	12
IV	7385158	7385577	2	2	0	2	0	18
IV	7507117	7507273	2	2	0	1	0	17
IV	7507444	7507610	2	2	0	1	0	17
IV	7729244	7729348	1	1	0	1	0	16
IV	7895142	7898745	1	1	0	1	0	17
IV	7925938	7925984	2	2	0	2	0	17
IV	7982995	7983042	1	1	0	1	0	12
IV	7983226	7983387	1	1	0	4	0	16
IV	8140498	8140980	1	1	0	1	0	16
IV	8345964	8346096	1	1	0	2	0	18
IV	8359507	8359549	2	2	0	1	0	12
IV	8373137	8373293	1	1	0	1	0	14
IV	8378574	8378619	2	2	0	1	0	13
IV	8434268	8434319	1	1	0	1	0	15
IV	8459597	8459641	2	2	0	1	0	17
IV	8474448	8474561	1	1	0	1	0	17
IV	8477945	8478026	1	1	0	1	0	18
IV	8564168	8564216	2	2	0	0	1	13
IV	8567564	8567612	1	1	0	0	1	13
IV	8586016	8589903	1	1	0	1	0	13
IV	8596171	8596278	1	1	0	1	0	15
IV	8609732	8609777	1	1	0	1	0	12
IV	8649414	8649472	2	2	0	1	0	18
IV	8742308	8742355	2	2	0	1	0	14
IV	8857446	8860081	1	1	0	1	0	12
IV	8915670	8915852	2	2	0	1	0	18
IV	9147701	9147750	1	1	0	1	0	16
IV	9157829	9158031	2	2	0	1	0	18
IV	9213320	9213595	1	1	0	1	0	15
IV	9219017	9219062	1	1	0	1	0	14
IV	9259174	9259590	2	2	0	1	0	13
IV	9309412	9309456	2	2	0	1	0	15
IV	9310643	9310828	2	2	0	1	0	15
IV	9325677	9325723	1	1	0	2	0	17
IV	9329362	9329616	2	2	0	1	0	17
IV	9379872	9379919	1	1	0	1	0	13
IV	9460918	9461029	1	1	0	1	0	14
IV	9474239	9474324	2	2	0	1	0	14
IV	9500879	9500985	1	1	0	1	0	15
IV	9563409	9563514	1	1	0	1	0	16
IV	9626583	9626630	2	2	0	1	0	16
IV	9626762	9626815	2	2	0	1	0	17
IV	9713174	9713215	1	1	0	2	0	16
IV	9768198	9768242	1	1	0	0	2	12
IV	9768710	9768757	1	1	0	1	0	16
IV	9800613	9800689	1	1	0	1	0	18
IV	9805267	9805313	1	1	0	1	0	18
IV	9821299	9821345	2	2	0	1	0	12
IV	9840807	9840857	2	2	0	1	0	12
IV	9886351	9886396	1	1	0	1	0	15
IV	9889873	9889920	2	2	0	1	0	14
IV	9893512	9893556	2	2	0	0	2	12
IV	9967237	9967285	2	2	0	1	0	17
IV	10014363	10014405	2	2	0	1	0	16
IV	10027526	10027579	2	2	0	2	0	18
IV	10058500	10058981	2	2	0	1	0	16
IV	10074065	10074109	2	2	0	1	0	13
IV	10087815	10087886	1	1	0	1	0	17
IV	10111253	10111301	2	2	0	1	0	16
IV	10113198	10113246	1	1	0	1	0	12
IV	10122938	10123386	2	2	0	1	0	14
IV	10129448	10129499	1	1	0	1	0	12
IV	10155112	10155383	1	1	0	1	0	17
IV	10177248	10177299	1	1	0	2	0	18
IV	10183541	10183625	1	1	0	1	0	15
IV	10218957	10219211	2	2	0	1	0	14
IV	10272237	10272465	1	1	0	1	0	15
IV	10293663	10293709	2	2	0	1	0	17
IV	10592415	10592456	1	1	0	2	0	18
IV	10735382	10735441	1	1	0	1	0	15
IV	10770184	10774860	1	1	0	1	0	12
IV	10776237	10776290	1	1	0	1	0	13
IV	10779688	10779846	2	2	0	1	0	17
IV	10934918	10934968	2	2	0	1	0	12
IV	10947365	10947410	2	2	0	1	0	17
IV	10948073	10948525	2	2	0	1	0	13
IV	11063739	11063784	2	2	0	2	0	13
IV	11081624	11081669	2	2	0	1	0	13
IV	11110384	11110431	2	2	0	3	0	17
IV	11110561	11110611	2	2	0	3	0	18
IV	11110882	11110978	2	2	0	1	0	13
IV	11129614	11129657	1	1	0	1	0	15
IV	11147740	11147787	2	2	0	2	0	17
IV	11306005	11306429	2	2	0	1	0	13
IV	11313145	11313193	2	2	0	1	0	17
IV	11314875	11314921	2	2	0	1	0	15
IV	11496363	11498082	2	2	0	1	0	12
IV	11592512	11592558	2	2	0	1	0	12
IV	11637869	11637925	1	1	0	1	0	17
IV	11653017	11653069	1	1	0	1	0	18
IV	11690254	11690948	2	2	0	1	0	16
IV	11704291	11704339	1	1	0	1	0	12
IV	11707318	11707361	1	1	0	1	0	14
IV	11820889	11820990	2	2	0	1	0	13
IV	11821760	11821807	2	2	0	1	0	14
IV	11914761	11915058	2	2	0	1	0	18
IV	11953528	11953574	1	1	0	3	0	16
IV	11953980	11954024	1	1	0	1	0	14
IV	12031873	12031924	1	1	0	1	0	18
IV	12109642	12110101	2	2	0	3	0	18
IV	12215190	12215777	2	2	0	1	0	14
IV	12269161	12269287	1	1	0	1	0	16
IV	12277203	12277250	2	2	0	1	0	15
IV	12281474	12281522	1	1	0	1	0	18
IV	12330649	12330796	2	2	0	1	0	15
IV	12390808	12390884	2	2	0	5	0	16
IV	12411355	12411549	1	1	0	1	0	16
IV	12455321	12455367	1	1	0	2	0	17
IV	12460698	12462601	2	2	0	1	0	15
IV	12526851	12527069	2	2	0	1	0	16
IV	12555881	12556466	2	2	0	1	0	14
IV	12977318	12977666	1	1	0	1	0	13
IV	13053636	13053684	1	1	0	1	0	17
IV	13058085	13058254	1	1	0	1	0	18
IV	13106215	13106273	1	1	0	1	0	12
IV	13190937	13191014	1	1	0	1	0	14
IV	13298092	13298140	1	1	0	2	0	13
IV	13309099	13309323	1	1	0	1	0	17
IV	13317464	13318261	1	1	0	1	0	16
IV	13375346	13375396	1	1	0	1	0	13
IV	13446869	13447291	2	2	0	1	0	15
IV	13595623	13595667	1	1	0	1	0	16
IV	13639515	13640427	1	1	0	1	0	14
IV	13642497	13642544	1	1	0	1	0	13
IV	13642682	13642905	1	1	0	1	0	18
IV	13643781	13643861	1	1	0	1	0	12
IV	13730453	13730838	1	1	0	1	0	15
IV	13777894	13777949	1	1	0	1	0	14
IV	13778037	13778080	1	1	0	1	0	13
IV	13778553	13778601	1	1	0	2	0	14
IV	13834879	13834926	2	2	0	1	0	17
IV	13872089	13872925	2	2	0	1	0	13
IV	13882279	13882432	1	1	0	3	0	12
IV	13960659	13961192	1	1	0	1	0	13
IV	14083640	14083788	1	1	0	1	0	14
IV	14404761	14405426	2	2	0	1	0	14
IV	14457022	14458683	1	1	0	1	0	17
IV	14463822	14463876	1	1	0	1	0	16
IV	14467417	14467521	1	1	0	1	0	14
IV	14517205	14517254	2	2	0	1	0	17
IV	14518450	14518497	2	2	0	1	0	12
IV	14519005	14519229	2	2	0	1	0	17
IV	14519924	14520022	1	1	0	2	0	12
IV	14520316	14520540	1	1	0	1	0	14
IV	14580965	14581019	2	2	0	1	0	14
IV	14764745	14765194	2	2	0	1	0	15
IV	14773977	14774032	2	2	0	0	1	17
IV	14773977	14781189	2	2	0	0	1	17
IV	14789116	14789405	1	1	0	1	0	17
IV	14825801	14825846	1	1	0	3	0	15
IV	14826036	14826190	1	1	0	3	0	14
IV	15037491	15037540	1	1	0	2	0	16
IV	15210337	15210984	2	2	0	1	0	16
IV	15521605	15521653	2	2	0	0	1	12
IV	15527693	15528367	2	2	0	1	0	15
IV	15641604	15641650	2	2	0	0	1	12
IV	15643667	15643713	1	1	0	0	1	12
IV	15851988	15852118	1	1	0	1	0	17
IV	15964892	15965143	1	1	0	1	0	14
IV	16168246	16168654	2	2	0	1	0	13
IV	16486148	16488293	2	2	0	2	0	17
IV	16626243	16626287	1	1	0	0	1	16
IV	16626243	16628069	1	1	0	0	1	13
IV	16626243	16629450	1	1	0	0	1	16
IV	16626243	16631035	1	1	0	0	1	16
IV	16628024	16628069	1	1	0	0	1	13
IV	16628024	16629450	1	1	0	0	1	16
IV	16628024	16631035	1	1	0	0	1	16
IV	16630991	16631035	1	1	0	0	1	16
IV	16865924	16865972	1	1	0	1	0	12
IV	17088313	17088363	1	1	0	1	0	15
IV	17121415	17121561	1	1	0	1	0	18
IV	17257786	17258046	2	2	0	1	0	15
IV	17260610	17260906	2	2	0	1	0	15
IV	17264474	17264544	2	2	0	1	0	12
IV	17269427	17269470	1	1	0	1	0	13
IV	17279169	17279219	1	1	0	2	0	17
IV	17327455	17327628	1	1	0	1	0	13
IV	17346457	17346530	2	2	0	2	0	13
V	36856	36917	1	1	0	1	0	13
V	103596	103910	2	2	0	1	0	15
V	385985	386483	1	1	0	1	0	15
V	387343	387390	1	1	0	2	0	15
V	387529	387579	1	1	0	2	0	14
V	416280	416640	2	2	0	1	0	13
V	1019472	1019920	2	2	0	1	0	14
V	1085808	1086089	1	1	0	1	0	16
V	1177097	1177144	1	1	0	5	0	14
V	1177271	1178355	1	1	0	7	0	17
V	1178704	1178753	1	1	0	3	0	18
V	1263452	1263506	2	2	0	3	0	15
V	1475941	1476000	1	1	0	1	0	12
V	1482319	1482365	1	1	0	1	0	16
V	1495757	1495806	1	1	0	1	0	12
V	2060863	2060924	1	1	0	1	0	14
V	2096436	2096485	1	1	0	1	0	13
V	2098306	2098365	1	1	0	1	0	12
V	2098553	2098888	1	1	0	1	0	16
V	2127853	2127898	1	1	0	1	0	12
V	2322238	2322283	2	2	0	0	8	18
V	2323267	2323312	1	1	0	0	9	18
V	2326937	2326977	1	1	0	1	0	14
V	2329656	2329701	2	2	0	0	9	18
V	2330685	2330730	1	1	0	0	8	18
V	2351945	2352197	1	1	0	0	1	15
V	2459906	2460158	1	1	0	0	1	15
V	2708540	2708736	2	2	0	1	0	14
V	2784959	2785053	2	2	0	1	0	17
V	2872817	2872861	2	2	0	1	0	15
V	3157700	3157748	1	1	0	1	0	17
V	3633443	3633523	1	1	0	1	0	12
V	4371043	4371099	2	2	0	1	0	17
V	4427922	4427991	2	2	0	1	0	12
V	4567305	4568298	2	2	0	1	0	16
V	4628875	4630165	1	1	0	1	0	13
V	4653639	4653701	2	2	0	2	0	14
V	4687628	4687683	1	1	0	1	0	18
V	4691929	4692237	2	2	0	1	0	12
V	4826345	4826411	2	2	0	1	0	14
V	4887495	4887568	2	2	0	1	0	13
V	4997539	4998847	2	2	0	1	0	16
V	5024045	5024091	2	2	0	2	0	14
V	5308924	5308970	1	1	0	1	0	15
V	5325225	5325273	2	2	0	1	0	17
V	5503427	5503608	2	2	0	3	0	15
V	5583597	5583646	2	2	0	1	0	17
V	5836629	5836676	2	2	0	4	0	18
V	6014720	6014772	1	1	0	1	0	17
V	6017460	6017505	2	2	0	1	0	14
V	6099415	6099469	2	2	0	3	0	14
V	6399747	6399795	2	2	0	0	1	12
V	6399747	6408657	2	2	0	0	1	12
V	6408606	6408657	2	2	0	0	1	12
V	6426543	6426867	2	2	0	1	0	13
V	6435992	6436134	1	1	0	1	0	16
V	6521815	6521864	1	1	0	1	0	17
V	6766052	6766103	2	2	0	3	0	16
V	6767606	6768368	2	2	0	2	0	17
V	7025663	7025709	2	2	0	1	0	16
V	7026292	7026438	2	2	0	1	0	16
V	7051792	7051841	1	1	0	1	0	12
V	7059967	7060011	2	2	0	1	0	16
V	7080967	7081361	1	1	0	1	0	17
V	7197489	7197540	1	1	0	1	0	14
V	7236129	7236176	2	2	0	1	0	15
V	7363583	7363625	2	2	0	1	0	16
V	7382183	7382229	2	2	0	0	1	15
V	7382183	7384519	2	2	0	0	1	15
V	7384473	7384519	2	2	0	0	1	15
V	7433909	7433952	2	2	0	1	0	16
V	7511934	7512136	1	1	0	1	0	12
V	7775873	7775974	2	2	0	2	0	16
V	7832372	7832445	1	1	0	1	0	12
V	8006566	8006610	2	2	0	1	0	15
V	8013696	8013786	2	2	0	1	0	13
V	8202381	8202424	1	1	0	1	0	13
V	8268346	8268452	2	2	0	2	0	16
V	8273631	8273712	1	1	0	1	0	12
V	8384567	8384612	1	1	0	2	0	16
V	8385555	8385867	2	2	0	1	0	15
V	8500348	8500688	1	1	0	1	0	12
V	8719422	8719464	1	1	0	1	0	12
V	8923249	8923503	1	1	0	1	0	18
V	8926402	8926455	2	2	0	1	0	15
V	9031180	9031261	1	1	0	1	0	15
V	9088269	9088323	1	1	0	0	1	12
V	9089574	9089628	2	2	0	0	1	12
V	9203440	9203647	1	1	0	2	0	13
V	9459181	9459238	1	1	0	1	0	13
V	9490139	9491428	2	2	0	1	0	15
V	9497728	9497770	1	1	0	1	0	16
V	9649217	9649263	1	1	0	1	0	17
V	9703623	9705357	1	1	0	1	0	14
V	9716194	9716240	1	1	0	1	0	15
V	9728874	9728920	2	2	0	1	0	12
V	9783565	9783610	2	2	0	1	0	15
V	9951380	9951546	1	1	0	1	0	17
V	10022535	10022676	1	1	0	1	0	12
V	10097464	10097520	2	2	0	1	0	12
V	10098331	10098418	2	2	0	1	0	17
V	10172765	10173475	2	2	0	1	0	12
V	10223955	10224144	2	2	0	1	0	15
V	10253918	10254015	2	2	0	1	0	14
V	10278370	10278563	1	1	0	2	0	17
V	10351214	10351382	2	2	0	1	0	13
V	10661244	10661288	2	2	0	1	0	12
V	10682584	10682913	1	1	0	1	0	14
V	10750585	10750634	2	2	0	1	0	15
V	10896993	10897041	2	2	0	1	0	14
V	10932881	10932927	1	1	0	1	0	14
V	10966663	10966988	1	1	0	1	0	13
V	10972084	10972130	2	2	0	1	0	13
V	11072172	11072224	2	2	0	0	14	17
V	11072172	11077111	2	2	0	0	14	17
V	11072839	11112164	2	2	0	0	1	13
V	11073006	11073053	2	2	0	0	3	16
V	11073006	11077937	2	2	0	0	3	16
V	11077060	11077111	2	2	0	0	14	17
V	11077726	11112164	2	2	0	0	1	13
V	11077893	11077937	2	2	0	1	1	15
V	11081263	11081310	1	1	0	0	3	16
V	11082092	11082143	1	1	0	0	14	17
V	11123724	11123810	2	2	0	3	0	18
V	11141811	11141853	1	1	0	1	0	13
V	11312428	11312482	1	1	0	1	0	18
V	11400290	11400338	1	1	0	1	0	18
V	11467537	11467579	2	2	0	1	0	18
V	11784199	11784244	1	1	0	1	0	13
V	11820714	11820859	2	2	0	1	0	18
V	11889170	11889218	1	1	0	1	0	16
V	11924007	11924062	1	1	0	1	0	13
V	11994902	11994946	1	1	0	1	0	16
V	12003177	12003232	1	1	0	4	0	17
V	12003479	12003574	1	1	0	1	0	13
V	12009783	12009917	2	2	0	1	0	15
V	12067484	12067660	2	2	0	1	0	18
V	12087419	12087463	1	1	0	1	0	15
V	12123300	12123344	1	1	0	1	0	15
V	12156032	12156283	2	2	0	1	0	16
V	12289502	12289772	2	2	0	1	0	16
V	12565249	12565298	1	1	0	1	0	16
V	12612095	12612145	2	2	0	1	0	12
V	12698013	12698067	1	1	0	1	0	13
V	12727860	12727905	2	2	0	1	0	17
V	12766152	12766198	1	1	0	1	0	17
V	12795892	12796062	2	2	0	1	0	13
V	12912105	12912216	1	1	0	1	0	17
V	12971416	12971467	1	1	0	1	0	14
V	12997022	12997084	2	2	0	1	0	12
V	13043894	13043944	1	1	0	1	0	15
V	13137415	13137722	2	2	0	1	0	16
V	13164469	13167636	1	1	0	1	0	17
V	13199316	13199363	2	2	0	1	0	17
V	13199316	13202156	2	2	0	0	1	15
V	13202100	13202156	2	2	0	0	1	15
V	13590395	13590644	1	1	0	1	0	17
V	13603784	13604371	2	2	0	1	0	13
V	13624896	13624939	2	2	0	1	0	13
V	13669953	13669995	2	2	0	1	0	15
V	13671598	13671650	2	2	0	1	0	13
V	13729358	13729402	2	2	0	1	0	17
V	13735179	13735223	2	2	0	2	0	16
V	13735626	13735932	2	2	0	1	0	15
V	13738003	13738049	2	2	0	1	0	12
V	13738166	13738211	2	2	0	1	0	15
V	13820290	13820337	1	1	0	1	0	13
V	14018547	14018603	2	2	0	1	0	14
V	14067937	14068706	1	1	0	1	0	16
V	14069425	14069565	1	1	0	1	0	13
V	14070581	14071018	1	1	0	1	0	15
V	14113815	14115457	2	2	0	1	0	18
V	14123798	14126110	2	2	0	1	0	14
V	14235931	14235975	2	2	0	1	0	16
V	14352542	14352822	1	1	0	1	0	15
V	14353052	14353151	1	1	0	1	0	17
V	14429944	14429992	1	1	0	1	0	16
V	14469290	14469474	1	1	0	1	0	18
V	14523649	14523807	2	2	0	2	0	16
V	14687066	14687113	1	1	0	2	0	14
V	14718895	14718940	2	2	0	1	0	12
V	14824806	14827303	1	1	0	1	0	13
V	14830318	14833634	2	2	0	1	0	17
V	14833716	14833758	2	2	0	2	0	12
V	14874280	14874663	2	2	0	1	0	17
V	14943548	14943808	2	2	0	1	0	14
V	15001052	15001098	2	2	0	1	0	13
V	15180580	15181126	1	1	0	1	0	14
V	15186878	15186991	2	2	0	1	0	18
V	15512339	15512610	1	1	0	1	0	12
V	15569125	15569356	1	1	0	1	0	16
V	16227441	16227488	2	2	0	1	0	12
V	16419098	16419139	2	2	0	2	0	17
V	16516818	16516896	2	2	0	1	0	14
V	16592956	16593523	2	2	0	3	0	15
V	16593972	16594512	2	2	0	0	1	13
V	16834044	16834492	2	2	0	1	0	16
V	16915597	16915741	2	2	0	2	0	14
V	17725611	17726266	1	1	0	1	0	14
V	17955047	17956144	2	2	0	1	0	14
V	18161180	18161230	2	2	0	1	0	17
V	18166182	18166229	2	2	0	1	0	15
V	18339197	18339663	2	2	0	1	0	16
V	18412159	18412225	2	2	0	1	0	15
V	18553300	18553700	2	2	0	1	0	17
V	18555807	18556393	2	2	0	1	0	16
V	18638703	18638757	1	1	0	1	0	17
V	19119281	19119323	2	2	0	1	0	14
V	19260583	19261011	2	2	0	1	0	12
V	19535904	19535955	2	2	0	1	0	13
V	19750623	19755241	2	2	0	0	1	18
V	19752723	19752770	2	2	0	1	0	13
V	19754180	19755241	2	2	0	0	1	18
V	19919629	19919755	1	1	0	1	0	12
V	19948924	19948976	2	2	0	0	1	14
V	19955575	19955619	1	1	0	1	0	15
V	20092980	20097248	1	1	0	1	0	16
V	20267757	20268759	2	2	0	1	0	12
V	20425769	20425928	1	1	0	1	0	16
V	20440442	20440488	2	2	0	1	0	16
V	20468741	20468797	2	2	0	0	2	17
V	20480312	20480367	1	1	0	0	2	17
V	20498243	20498995	2	2	0	5	0	18
V	20585058	20586629	1	1	0	1	0	15
V	20691298	20691344	2	2	0	1	0	12
V	20737703	20738725	2	2	0	1	0	16
V	20743525	20743581	2	2	0	1	0	17
V	20851711	20851763	2	2	0	2	0	16
X	150536	150587	2	2	0	1	0	14
X	162970	163020	2	2	0	0	1	14
X	307900	307943	1	1	0	1	0	15
X	379576	380082	2	2	0	1	0	15
X	416887	417420	2	2	0	1	0	15
X	421859	421911	1	1	0	4	0	13
X	767926	767996	2	2	0	2	0	15
X	861413	861474	1	1	0	1	0	13
X	863113	863428	2	2	0	1	0	12
X	1030908	1030954	2	2	0	1	0	14
X	1096016	1096068	2	2	0	1	0	13
X	1384468	1384535	2	2	0	1	0	17
X	1444877	1444923	2	2	0	1	0	18
X	1479611	1479733	1	1	0	1	0	13
X	2241939	2241985	2	2	0	1	0	16
X	2242430	2242481	2	2	0	1	0	17
X	2493306	2493991	1	1	0	1	0	18
X	3026223	3026271	1	1	0	1	0	15
X	3090494	3090552	1	1	0	1	0	15
X	3112857	3112903	2	2	0	0	1	17
X	3112857	3114269	2	2	0	0	1	17
X	3114224	3114269	2	2	0	0	1	17
X	3164945	3165296	1	1	0	1	0	12
X	3229908	3229950	2	2	0	1	0	13
X	3237076	3237136	2	2	0	2	0	18
X	3259642	3259699	1	1	0	1	0	13
X	3261120	3261175	1	1	0	1	0	15
X	3502860	3502912	1	1	0	1	0	15
X	3537765	3537813	1	1	0	1	0	18
X	3730275	3730325	1	1	0	1	0	18
X	3892683	3892731	1	1	0	1	0	18
X	4698017	4698062	2	2	0	1	0	16
X	4715333	4715400	1	1	0	1	0	13
X	4737252	4737292	1	1	0	1	0	15
X	4825126	4825171	1	1	0	1	0	18
X	4829438	4829483	1	1	0	1	0	16
X	4963535	4963590	1	1	0	4	0	13
X	4963770	4963824	1	1	0	4	0	15
X	4990383	4990427	1	1	0	1	0	16
X	5254698	5254756	1	1	0	2	0	18
X	5255712	5255760	1	1	0	1	0	13
X	5256469	5256516	1	1	0	2	0	17
X	5256663	5256718	1	1	0	4	0	14
X	5331545	5331899	1	1	0	1	0	15
X	5353628	5353673	2	2	0	2	0	16
X	5367286	5367327	1	1	0	1	0	12
X	5479783	5480664	1	1	0	1	0	13
X	6034858	6034979	2	2	0	2	0	14
X	6035775	6037556	2	2	0	2	0	18
X	6086252	6086304	1	1	0	1	0	16
X	6089970	6090072	2	2	0	1	0	17
X	6108610	6109079	2	2	0	1	0	12
X	6131186	6132948	2	2	0	1	0	17
X	6241260	6241309	1	1	0	2	0	12
X	6405201	6405748	1	1	0	1	0	16
X	6409407	6409457	2	2	0	3	0	16
X	6557495	6557541	1	1	0	1	0	13
X	6596980	6597036	2	2	0	1	0	15
X	6598563	6598610	2	2	0	1	0	16
X	6608523	6608569	1	1	0	3	0	14
X	6608788	6608933	1	1	0	1	0	15
X	6662002	6662052	2	2	0	1	0	18
X	6663705	6664034	2	2	0	1	0	14
X	6791250	6791329	1	1	0	1	0	16
X	6791607	6791657	1	1	0	2	0	17
X	6841364	6841441	1	1	0	1	0	14
X	6841897	6841943	1	1	0	2	0	14
X	6844793	6844838	1	1	0	1	0	12
X	6883136	6883178	2	2	0	1	0	15
X	6949165	6949210	2	2	0	1	0	13
X	7023488	7023654	1	1	0	1	0	12
X	7142685	7143344	2	2	0	1	0	16
X	7231379	7231430	2	2	0	2	0	18
X	7232301	7232355	2	2	0	4	0	17
X	7294160	7294209	1	1	0	1	0	14
X	7320153	7320200	2	2	0	2	0	14
X	7726136	7726184	1	1	0	4	0	15
X	7884763	7884808	1	1	0	1	0	15
X	7940825	7940883	2	2	0	1	0	17
X	7992583	7992736	2	2	0	1	0	12
X	8232807	8232860	2	2	0	1	0	12
X	8419243	8419599	2	2	0	1	0	18
X	8596153	8596938	2	2	0	2	0	16
X	8721815	8721860	2	2	0	2	0	16
X	8722009	8722053	2	2	0	4	0	16
X	8789606	8789656	1	1	0	1	0	15
X	8789929	8790008	1	1	0	1	0	15
X	8790151	8790205	1	1	0	2	1	12
X	8790336	8790382	1	1	0	3	0	16
X	8863616	8863746	2	2	0	1	0	15
X	8938554	8938607	1	1	0	1	0	13
X	9150747	9151673	1	1	0	1	0	17
X	9263397	9264135	2	2	0	1	0	14
X	9297239	9297547	2	2	0	1	0	14
X	9447413	9447578	1	1	0	1	0	14
X	9923443	9923507	2	2	0	1	0	17
X	10157245	10157475	2	2	0	1	0	14
X	10199847	10199894	1	1	0	1	0	17
X	10223670	10223721	2	2	0	1	0	13
X	10340053	10340130	2	2	0	1	0	15
X	10893912	10893957	2	2	0	1	0	17
X	10899087	10899180	2	2	0	2	0	13
X	11073800	11073845	1	1	0	1	0	15
X	11199534	11199582	1	1	0	5	0	15
X	11370544	11370805	1	1	0	1	0	14
X	11376308	11376636	2	2	0	1	0	17
X	11407422	11407493	2	2	0	1	0	18
X	11494246	11494293	2	2	0	1	0	15
X	11498286	11498330	2	2	0	1	0	12
X	11512094	11512137	2	2	0	1	0	14
X	11605281	11605329	2	2	0	1	0	12
X	11727571	11727614	2	2	0	1	0	16
X	11919410	11919455	1	1	0	1	0	15
X	12105083	12105139	1	1	0	3	0	16
X	12200541	12201200	2	2	0	1	0	18
X	12343638	12343682	1	1	0	1	0	15
X	12782483	12782527	1	1	0	1	0	16
X	12993624	12994047	1	1	0	1	0	16
X	12996911	12996954	1	1	0	1	0	16
X	13105520	13105565	1	1	0	1	0	15
X	13154862	13155309	2	2	0	1	0	17
X	13219823	13220033	2	2	0	1	0	15
X	13220761	13221341	2	2	0	2	0	17
X	13469422	13469469	1	1	0	1	0	18
X	13543304	13543388	1	1	0	1	0	13
X	13681740	13681970	1	1	0	1	0	16
X	14002039	14002467	1	1	0	1	0	16
X	14215683	14215725	1	1	0	1	0	15
X	14217302	14217349	1	1	0	1	0	17
X	14217585	14217848	1	1	0	1	0	15
X	14218546	14218592	1	1	0	1	0	17
X	14424156	14424656	2	2	0	1	0	14
X	14665847	14665892	1	1	0	1	0	17
X	14686212	14686842	1	1	0	2	0	18
X	14687112	14687160	1	1	0	1	0	14
X	14687235	14687406	1	1	0	1	0	15
X	14717396	14717445	1	1	0	1	0	14
X	14765933	14765982	2	2	0	1	0	15
X	14767613	14767658	2	2	0	1	0	15
X	14791167	14791299	1	1	0	1	0	12
X	14977848	14977904	1	1	0	1	0	17
X	15615076	15615376	2	2	0	1	0	13
X	15919812	15919963	1	1	0	1	0	12
X	16125736	16126085	2	2	0	1	0	13
X	16126164	16127274	2	2	0	1	0	15
X	16283181	16283436	2	2	0	1	0	13
X	16358435	16358484	1	1	0	1	0	14
X	16488606	16488912	1	1	0	1	0	14
X	17455994	17456046	2	2	0	0	1	18
X	17456196	17456249	2	2	0	3	0	17
X	17456383	17456429	2	2	0	2	0	18
X	17459627	17459674	1	1	0	1	0	14
X	17460011	17460063	1	1	0	0	1	18
X	17677059	17677172	1	1	0	2	0	15
X	17710702	17710749	2	2	0	0	1	12
