I	5297	6036	2	2	0	1	0	17
I	11690	14950	1	1	0	1	0	12
I	380129	380182	2	2	0	1	0	12
I	380922	380970	2	2	0	1	0	13
I	538912	539452	1	1	0	1	0	17
I	541286	541343	1	1	0	1	0	16
I	1016525	1016931	1	1	0	2	0	14
I	1088600	1088915	1	1	0	1	0	15
I	1157096	1157273	1	1	0	5	0	16
I	1448008	1448084	1	1	0	1	0	13
I	1522459	1524297	1	1	0	1	0	13
I	1668854	1669486	1	1	0	1	0	15
I	1725439	1726665	1	1	0	1	0	16
I	1813267	1813426	1	1	0	1	0	15
I	1835230	1835277	1	1	0	1	0	15
I	1935006	1941130	1	1	0	1	0	18
I	2070208	2070439	2	2	0	1	0	13
I	2071941	2071989	1	1	0	1	0	16
I	2192906	2195398	1	1	0	1	0	14
I	2234241	2234296	2	2	0	1	0	16
I	2418849	2419570	2	2	0	1	0	12
I	2420039	2420298	2	2	0	1	0	18
I	2668260	2668407	1	1	0	1	0	16
I	2687120	2687689	2	2	0	1	0	13
I	2689211	2689269	2	2	0	1	0	14
I	2700603	2700883	1	1	0	1	0	14
I	2701682	2701729	1	1	0	0	3	17
I	2784763	2784813	2	2	0	0	3	15
I	2785476	2785594	2	2	0	1	0	17
I	2787369	2787416	1	1	0	0	3	15
I	2794382	2794646	1	1	0	2	0	15
I	2810588	2810973	1	1	0	1	0	13
I	2813748	2814133	1	1	0	1	0	14
I	2854141	2854190	2	2	0	1	0	17
I	2854404	2854451	2	2	0	0	3	17
I	2875972	2876144	2	2	0	2	0	17
I	2877353	2877403	1	1	0	1	0	14
I	2895840	2895901	2	2	0	1	0	16
I	2928650	2928705	1	1	0	1	0	13
I	2984980	2985097	2	2	0	1	0	17
I	3161694	3161738	2	2	0	1	0	17
I	3196736	3198031	2	2	0	1	0	17
I	3214312	3215312	1	1	0	1	0	13
I	3329037	3329839	2	2	0	1	0	18
I	3340756	3342217	2	2	0	1	0	17
I	3356168	3356215	1	1	0	1	0	17
I	3528353	3528572	2	2	0	1	0	15
I	3680795	3680842	2	2	0	1	0	17
I	3693277	3693325	2	2	0	1	0	13
I	3756733	3757197	2	2	0	1	0	16
I	3788209	3788252	1	1	0	1	0	17
I	3788556	3788658	1	1	0	1	0	12
I	3810110	3810662	2	2	0	1	0	18
I	3827938	3827985	1	1	0	1	0	17
I	3838458	3838503	2	2	0	0	1	12
I	3863258	3863307	2	2	0	1	0	17
I	3865101	3865152	2	2	0	1	0	18
I	3872163	3872206	2	2	0	1	0	13
I	3896993	3897269	2	2	0	1	0	13
I	3968350	3968401	2	2	0	0	1	17
I	3971040	3971091	1	1	0	0	1	17
I	3988029	3988075	1	1	0	4	0	14
I	3988467	3988518	1	1	0	1	0	16
I	4159235	4159280	2	2	0	1	0	15
I	4163681	4164149	1	1	0	1	0	12
I	4173258	4173308	2	2	0	1	0	12
I	4181021	4181066	1	1	0	1	0	17
I	4204057	4204110	1	1	0	1	0	16
I	4372767	4372868	2	2	0	1	0	18
I	4378145	4378287	1	1	0	1	0	16
I	4399437	4399483	1	1	0	1	0	13
I	4445748	4445989	1	1	0	1	0	16
I	4583374	4583424	2	2	0	1	0	13
I	4606018	4606113	1	1	0	1	0	14
I	4636064	4636329	2	2	0	1	0	14
I	4646389	4646440	2	2	0	2	0	14
I	4646704	4646785	2	2	0	6	0	16
I	4709425	4709471	2	2	0	0	1	12
I	4710437	4710631	2	2	0	2	0	17
I	4714906	4715122	2	2	0	1	0	13
I	4771490	4771603	2	2	0	1	0	18
I	4789278	4789349	1	1	0	0	1	17
I	4789278	4790412	1	1	0	0	1	17
I	4790342	4790412	1	1	0	2	1	17
I	4790978	4791034	2	2	0	1	0	13
I	4999086	4999392	1	1	0	1	0	13
I	5000858	5001554	1	1	0	1	0	15
I	5007629	5007674	1	1	0	1	0	17
I	5019171	5019220	2	2	0	1	0	17
I	5019377	5019783	2	2	0	7	0	18
I	5019891	5019940	2	2	0	2	0	16
I	5019993	5020060	2	2	0	2	0	17
I	5080847	5080897	2	2	0	1	0	16
I	5081153	5081204	2	2	0	1	0	12
I	5105627	5105672	2	2	0	1	0	17
I	5132310	5132366	1	1	0	1	0	16
I	5171973	5172022	2	2	0	1	0	15
I	5255435	5257087	1	1	0	1	0	12
I	5290194	5290434	2	2	0	1	0	13
I	5331200	5331371	2	2	0	1	0	15
I	5427810	5427890	2	2	0	1	0	12
I	5435010	5435054	1	1	0	3	0	14
I	5484960	5485051	2	2	0	2	0	16
I	5560374	5560524	1	1	0	1	0	14
I	5620079	5620125	1	1	0	1	0	18
I	5634595	5635179	1	1	0	1	0	13
I	5677156	5677500	1	1	0	1	0	17
I	5756215	5756541	2	2	0	1	0	18
I	5848501	5848546	1	1	0	1	0	17
I	5869238	5869328	2	2	0	1	0	18
I	5897146	5897231	1	1	0	1	0	17
I	5902448	5902544	2	2	0	1	0	16
I	5938154	5938216	1	1	0	1	0	16
I	5946525	5946779	2	2	0	1	0	12
I	5991365	5991420	1	1	0	1	0	13
I	6010211	6010256	2	2	0	1	0	14
I	6059963	6060153	2	2	0	1	0	17
I	6083279	6083345	1	1	0	1	0	18
I	6090216	6090269	2	2	0	2	0	16
I	6099226	6099278	1	1	0	0	2	13
I	6100449	6100493	2	2	0	1	0	16
I	6112502	6112550	1	1	0	1	0	13
I	6180368	6180414	2	2	0	1	0	17
I	6184408	6184453	1	1	0	1	0	16
I	6220206	6220367	2	2	0	3	0	14
I	6220549	6220595	2	2	0	3	0	18
I	6231928	6231972	2	2	0	0	1	18
I	6234865	6234909	1	1	0	0	1	18
I	6272238	6272278	2	2	0	1	0	18
I	6274969	6275021	2	2	0	0	2	13
I	6329682	6329726	1	1	0	1	0	18
I	6356087	6356139	1	1	0	1	0	17
I	6384632	6384676	1	1	0	1	0	14
I	6406086	6406428	2	2	0	1	0	15
I	6457901	6457977	2	2	0	1	0	18
I	6499047	6499281	1	1	0	1	0	18
I	6526845	6527135	1	1	0	2	0	14
I	6547285	6547652	2	2	0	1	0	16
I	6548428	6548477	2	2	0	1	0	16
I	6555785	6555829	1	1	0	1	0	12
I	6570225	6570273	1	1	0	2	0	16
I	6613533	6613578	2	2	0	1	0	18
I	6613771	6615200	2	2	0	1	0	14
I	6625978	6626023	2	2	0	1	0	13
I	6656345	6656558	1	1	0	1	0	17
I	6661885	6662146	2	2	0	1	0	12
I	6669325	6669378	1	1	0	1	0	13
I	6705668	6705714	2	2	0	2	0	15
I	6761875	6763262	2	2	0	3	0	16
I	6763398	6763451	2	2	0	3	0	13
I	6789233	6789437	2	4	0	3	0	16
I	6815813	6815881	1	1	0	1	0	13
I	6837531	6837598	1	1	0	2	0	16
I	6842648	6842696	1	1	0	1	0	15
I	6845261	6845876	2	2	0	1	0	17
I	6891367	6891412	1	1	0	1	0	16
I	6975040	6975636	1	1	0	1	0	17
I	6976840	6976889	1	1	0	1	0	17
I	6990741	6990795	1	1	0	1	0	12
I	7017022	7017100	2	2	0	2	0	18
I	7017401	7017450	2	2	0	2	0	16
I	7142006	7142059	2	2	0	1	0	15
I	7222896	7222941	1	1	0	1	0	17
I	7232049	7232097	2	2	0	1	0	17
I	7236200	7236243	1	1	0	1	0	17
I	7236977	7237024	1	1	0	1	0	15
I	7237420	7237461	1	1	0	1	0	15
I	7240803	7241249	2	2	0	1	0	18
I	7378552	7378600	2	2	0	1	0	14
I	7379760	7380066	2	2	0	2	0	16
I	7406277	7406324	1	1	0	1	0	13
I	7407933	7407981	1	1	0	1	0	15
I	7492547	7492596	1	1	0	1	0	17
I	7502051	7502121	1	1	0	1	0	12
I	7576979	7577094	1	1	0	1	0	12
I	7586821	7586866	2	2	0	1	0	15
I	7701782	7701827	2	2	0	1	0	13
I	7768818	7768878	2	2	0	1	0	17
I	7776045	7776116	1	1	0	1	0	18
I	7828564	7829071	2	2	0	1	0	14
I	7866437	7866483	1	1	0	1	0	16
I	7871485	7871532	1	1	0	1	0	13
I	7971846	7971898	1	1	0	1	0	17
I	8024075	8024120	2	2	0	2	0	12
I	8147584	8148917	1	1	0	1	0	15
I	8242472	8242519	1	1	0	3	0	13
I	8317032	8317423	2	2	0	1	0	12
I	8329216	8329259	2	2	0	1	0	14
I	8329453	8329499	2	2	0	2	0	16
I	8379816	8380329	2	2	0	1	0	16
I	8431898	8432019	2	2	0	2	0	15
I	8472814	8472857	2	2	0	1	0	16
I	8607672	8607734	2	2	0	1	0	12
I	8625722	8625862	2	2	0	1	0	12
I	8643556	8643865	1	1	0	1	0	18
I	8692112	8692156	2	2	0	1	0	17
I	8728128	8728388	2	2	0	1	0	17
I	8813858	8814087	1	3	0	2	0	13
I	8815726	8815780	2	2	0	2	0	17
I	8819623	8819668	2	2	0	1	0	16
I	8824546	8824590	2	2	0	1	0	12
I	8848822	8848884	2	2	0	1	0	12
I	8860836	8861115	2	2	0	1	0	14
I	8892159	8892386	1	1	0	1	0	17
I	8899331	8899380	2	2	0	1	0	15
I	8907275	8907318	2	2	0	1	0	16
I	8921839	8922190	1	1	0	1	0	16
I	8947496	8947540	2	2	0	2	0	18
I	8967426	8967472	2	2	0	1	0	12
I	8996056	8996177	2	2	0	1	0	17
I	8997084	8997127	2	2	0	1	0	14
I	9108516	9109406	2	2	0	1	0	15
I	9121191	9121740	1	1	0	1	0	17
I	9124188	9124343	2	2	0	1	0	14
I	9164164	9164209	1	1	0	2	0	17
I	9164790	9164835	1	1	0	4	0	17
I	9166340	9166393	1	1	0	1	0	12
I	9237486	9237964	2	2	0	1	0	16
I	9458362	9458406	1	1	0	1	0	16
I	9469785	9469965	1	1	0	0	2	16
I	9469785	9471828	1	1	0	0	2	16
I	9472105	9472149	1	1	0	1	0	12
I	9588903	9588950	2	2	0	1	0	17
I	9610831	9610874	2	2	0	1	0	13
I	9611283	9611330	2	2	0	1	0	15
I	9625167	9625367	2	2	0	5	0	17
I	9634112	9634163	2	2	0	1	0	15
I	9634555	9634628	2	2	0	1	0	14
I	9642726	9642773	1	1	0	1	0	13
I	9660743	9660793	2	2	0	1	0	17
I	9695945	9695993	2	2	0	0	1	17
I	9773308	9773759	1	1	0	1	0	14
I	9896937	9897624	2	2	0	1	0	12
I	9923929	9924096	1	1	0	1	0	13
I	9978265	9978310	2	2	0	1	0	16
I	9979197	9979277	2	2	0	1	0	14
I	10034222	10034325	2	2	0	1	0	18
I	10052024	10052204	2	2	0	1	0	16
I	10055032	10055373	2	2	0	1	0	17
I	10071736	10071783	2	2	0	1	0	15
I	10112374	10112422	2	2	0	1	0	15
I	10113008	10113056	2	2	0	1	0	15
I	10118211	10118306	2	2	0	1	0	13
I	10152138	10152969	2	2	0	1	0	13
I	10177630	10177676	1	1	0	1	0	16
I	10323257	10323305	2	2	0	1	0	12
I	10329405	10329459	1	1	0	1	0	14
I	10331036	10331110	1	1	0	3	0	15
I	10331252	10331299	1	1	0	3	0	14
I	10331477	10331578	1	1	0	2	0	16
I	10336553	10336613	1	1	0	1	0	14
I	10348252	10348295	2	2	0	1	0	13
I	10348899	10348943	2	2	0	1	0	14
I	10434679	10434730	2	2	0	3	0	17
I	10436288	10436467	1	1	0	1	0	13
I	10436617	10436669	1	1	0	1	0	14
I	10471261	10471500	1	1	0	1	0	16
I	10553509	10553566	2	2	0	2	0	14
I	10553661	10553741	2	2	0	1	0	13
I	10555061	10555428	1	1	0	1	0	17
I	10556517	10556721	1	1	0	2	0	16
I	10568079	10568124	1	1	0	3	0	16
I	10568451	10568495	1	1	0	2	0	16
I	10591144	10591185	1	1	0	1	0	17
I	10623822	10623872	1	1	0	1	0	13
I	10678968	10679022	2	2	0	1	0	12
I	10682889	10682944	2	2	0	2	0	14
I	10685472	10685524	2	2	0	1	0	17
I	10686424	10686468	2	2	0	1	0	17
I	10715232	10715401	2	2	0	1	0	13
I	10773745	10773993	1	1	0	1	0	15
I	10814716	10814761	1	1	0	1	0	14
I	11015672	11016367	1	1	0	3	0	17
I	11016474	11016517	1	1	0	1	0	12
I	11255676	11255749	1	1	0	1	0	14
I	11293207	11293864	2	2	0	1	0	12
I	11330829	11330912	1	1	0	1	0	15
I	11330955	11331502	1	1	0	1	0	16
I	11331650	11332848	1	1	0	1	0	16
I	11488329	11488380	2	2	0	1	0	14
I	11513194	11513518	2	2	0	1	0	14
I	11568898	11569340	1	1	0	1	0	15
I	11583211	11583258	2	2	0	1	0	15
I	11702574	11703022	1	1	0	1	0	14
I	11748514	11748568	2	2	0	1	0	15
I	11909598	11909652	2	2	0	1	0	16
I	11909732	11909949	2	2	0	1	0	15
I	11910578	11910662	2	2	0	1	0	12
I	11951833	11952719	1	1	0	1	0	15
I	12021382	12021424	1	1	0	1	0	18
I	12162677	12162984	2	2	0	1	0	12
I	12165675	12165725	1	1	0	1	0	12
I	12653231	12653284	1	1	0	3	0	18
I	12654087	12654144	1	1	0	3	0	17
I	12671508	12672356	1	1	0	1	0	14
I	12742503	12742647	1	1	0	1	0	17
I	12859925	12860550	1	1	0	1	0	17
I	12862373	12862649	2	2	0	1	0	15
I	12904962	12905013	1	1	0	1	0	18
I	12905458	12905504	1	1	0	1	0	12
I	12965521	12965570	2	2	0	1	0	14
I	13068657	13068698	1	1	0	1	0	16
I	13257080	13257125	1	1	0	1	0	14
I	13335039	13339693	2	2	0	1	0	12
I	13335840	13335897	2	2	0	1	0	14
I	13403474	13403732	1	1	0	1	0	15
I	13653266	13653590	2	2	0	1	0	14
I	13657803	13657848	1	1	0	1	0	12
I	13658748	13658798	2	2	0	1	0	16
I	13663869	13663933	1	1	0	1	0	13
I	13786083	13786935	1	1	0	1	0	15
I	13952849	13952903	1	1	0	1	0	12
I	14205985	14206033	1	1	0	1	0	17
I	14622898	14623009	2	2	0	1	0	15
I	14623149	14623827	2	2	0	2	0	16
I	14623899	14624029	2	2	0	1	0	16
I	14624148	14624785	2	2	0	1	0	16
I	14624920	14629884	2	2	0	3	0	14
I	14625090	14625278	2	2	0	1	0	17
I	14629942	14630641	2	2	0	2	0	17
I	14630780	14630914	2	2	0	1	0	13
I	14856391	14856442	2	2	0	6	0	18
I	14856668	14856715	2	2	0	2	0	18
I	14856932	14856986	2	2	0	3	0	17
I	15041017	15041065	2	2	0	1	0	12
II	168690	168792	1	1	0	1	0	13
II	211211	211258	1	1	0	1	0	13
II	290741	290933	1	1	0	1	0	17
II	417454	417661	2	2	0	1	0	13
II	471866	472075	2	2	0	1	0	18
II	679467	679520	1	1	0	1	0	12
II	721339	723405	1	1	0	1	0	14
II	1005698	1005742	2	2	0	0	3	12
II	1005698	1011570	2	2	0	0	3	12
II	1005698	1017388	2	2	0	0	3	12
II	1005812	1005864	2	2	0	0	6	17
II	1005812	1011692	2	2	0	0	6	17
II	1005812	1017510	2	2	0	0	6	17
II	1006080	1006126	2	2	0	0	1	18
II	1006080	1011954	2	2	0	0	1	18
II	1006080	1017772	2	2	0	0	1	18
II	1006181	1006231	2	2	0	0	4	12
II	1006181	1012059	2	2	0	0	4	12
II	1006181	1017877	2	2	0	0	4	12
II	1011526	1011570	2	2	0	0	3	12
II	1011526	1017388	2	2	0	0	3	12
II	1011640	1011692	2	2	0	0	6	17
II	1011640	1017510	2	2	0	0	6	17
II	1011908	1011954	2	2	0	0	1	18
II	1011908	1017772	2	2	0	0	1	18
II	1012009	1012059	2	2	0	0	4	12
II	1012009	1017877	2	2	0	0	4	12
II	1017344	1017388	2	2	0	0	3	12
II	1017458	1017510	2	2	0	0	6	17
II	1017726	1017772	2	2	0	0	1	18
II	1017827	1017877	2	2	0	0	4	12
II	1144645	1144919	1	1	0	1	0	18
II	1257462	1257509	1	1	0	2	0	14
II	1282244	1282286	2	2	0	1	0	16
II	1781068	1781116	2	2	0	1	0	12
II	2336693	2336742	1	1	0	1	0	15
II	2365676	2365730	2	2	0	1	0	14
II	2823844	2823887	2	2	0	2	0	15
II	2824571	2824627	1	1	0	1	0	12
II	2828051	2828281	1	1	0	1	0	15
II	2828434	2828477	1	1	0	1	0	16
II	3066543	3068371	2	2	0	1	0	13
II	3116602	3116653	1	1	0	1	0	18
II	3146257	3146433	1	1	0	1	0	12
II	3245268	3245523	2	2	0	4	0	18
II	3283053	3283095	1	1	0	1	0	15
II	3283791	3283835	2	2	0	1	0	17
II	3343984	3344024	2	4	0	1	0	17
II	3393771	3393815	2	2	0	1	0	17
II	3464445	3464487	2	2	0	1	0	16
II	3518086	3518141	1	1	0	1	0	16
II	3518465	3518777	1	1	0	1	0	13
II	3520003	3520050	1	1	0	1	0	13
II	3551491	3551635	1	1	0	1	0	14
II	4056918	4056964	1	1	0	1	0	13
II	4699169	4699216	1	1	0	1	0	14
II	4707278	4707354	1	1	0	1	0	14
II	4789074	4789159	2	2	0	1	0	17
II	4799414	4799462	2	2	0	1	0	13
II	4824430	4824620	2	2	0	1	0	16
II	4903584	4903636	2	2	0	1	0	16
II	4924512	4924837	2	2	0	1	0	12
II	4931151	4931198	1	1	0	0	2	17
II	4938170	4938216	1	1	0	1	0	13
II	4951548	4951600	1	1	0	1	0	18
II	5235375	5235584	2	2	0	2	0	17
II	5279991	5280090	2	2	0	1	0	14
II	5313264	5313329	1	1	0	1	0	15
II	5379218	5379281	1	1	0	1	0	17
II	5400152	5400202	1	1	0	1	0	14
II	5407135	5407547	2	2	0	1	0	16
II	5488820	5488869	1	1	0	1	0	17
II	5511209	5511984	2	2	0	1	0	13
II	5690383	5690629	2	2	0	1	0	16
II	5696132	5696186	1	1	0	1	0	12
II	5713855	5714061	2	2	0	1	0	15
II	5753764	5753813	1	1	0	1	0	13
II	5758098	5758507	1	1	0	1	0	13
II	5811546	5811591	1	1	0	1	0	14
II	5839819	5839864	2	2	0	1	0	16
II	5907364	5907411	1	1	0	1	0	17
II	5909673	5909719	1	1	0	1	0	18
II	6015316	6015665	1	1	0	1	0	14
II	6252044	6252124	1	1	0	1	0	18
II	6301139	6301183	1	1	0	1	0	12
II	6364815	6364856	2	2	0	1	0	17
II	6402100	6402146	1	1	0	1	0	15
II	6588362	6588407	2	2	0	2	0	18
II	6588522	6588565	2	2	0	2	0	18
II	6672858	6672906	1	1	0	1	0	14
II	6805155	6805200	2	2	0	1	0	16
II	6870622	6870728	2	2	0	1	0	13
II	6944556	6944737	1	1	0	1	0	12
II	6971368	6971657	2	4	0	1	0	16
II	7024326	7024371	1	1	0	1	0	14
II	7049827	7049970	2	2	0	1	0	14
II	7052478	7052543	1	1	0	1	0	15
II	7074391	7074486	1	1	0	1	0	15
II	7101760	7101808	2	2	0	1	0	12
II	7132898	7132938	1	1	0	1	0	15
II	7153528	7154091	1	1	0	1	0	15
II	7212027	7212072	2	2	0	1	0	12
II	7311719	7312098	1	1	0	1	0	17
II	7312967	7313092	1	1	0	1	0	16
II	7352015	7352063	2	2	0	1	0	14
II	7456965	7457067	2	2	0	1	0	12
II	7525908	7525954	1	1	0	1	0	17
II	7526206	7526319	1	1	0	1	0	15
II	7526962	7527004	1	1	0	1	0	16
II	7561286	7561328	2	2	0	2	0	12
II	7597835	7597882	2	2	0	1	0	18
II	7617046	7617390	1	1	0	1	0	14
II	7664782	7664829	1	1	0	1	0	17
II	7669916	7670478	1	1	0	1	0	14
II	7762340	7762383	2	2	0	1	0	14
II	7779592	7779644	2	2	0	1	0	13
II	7879168	7879240	2	2	0	1	0	15
II	8029818	8030085	2	2	0	1	0	12
II	8044955	8045001	1	1	0	1	0	12
II	8068728	8068775	2	2	0	1	0	16
II	8111646	8112092	2	2	0	1	0	13
II	8144130	8144177	1	1	0	2	0	12
II	8144361	8144406	1	1	0	3	0	14
II	8284491	8284539	1	1	0	1	0	18
II	8406073	8406113	1	1	0	1	0	17
II	8439379	8440535	1	1	0	1	0	17
II	8467564	8467633	1	1	0	1	0	17
II	8507116	8507208	2	2	0	1	0	14
II	8570122	8570173	1	1	0	1	0	15
II	8570741	8570788	1	1	0	1	0	17
II	8602942	8603114	1	1	0	1	0	16
II	8603954	8604004	1	1	0	1	0	16
II	8746480	8746587	1	1	0	1	0	18
II	8785049	8785137	1	1	0	1	0	17
II	8789461	8789562	1	1	0	1	0	14
II	8809970	8810016	2	2	0	1	0	15
II	8848525	8848582	1	1	0	1	0	15
II	8859250	8859294	2	2	0	1	0	18
II	8933295	8933339	1	1	0	1	0	13
II	8964707	8964758	2	2	0	2	0	13
II	8965508	8965558	1	1	0	1	0	14
II	8988820	8989319	2	2	0	1	0	12
II	9056912	9057003	2	2	0	1	0	16
II	9082959	9083009	2	2	0	1	0	15
II	9259830	9260489	2	2	0	1	0	17
II	9395724	9396029	2	2	0	1	0	13
II	9424759	9424907	2	2	0	1	0	17
II	9611822	9611878	1	1	0	1	0	12
II	9623989	9624044	2	2	0	1	0	14
II	9651178	9651486	2	2	0	0	1	13
II	9651178	9652570	2	2	0	0	2	15
II	9652526	9652570	2	2	0	0	2	15
II	9658135	9658217	2	2	0	3	0	13
II	9659522	9659592	2	2	0	1	0	17
II	9669680	9669730	1	1	0	1	0	13
II	9701214	9701258	1	1	0	1	0	13
II	9916042	9916203	2	2	0	1	0	14
II	9932864	9933149	1	1	0	1	0	16
II	9938411	9938454	2	2	0	1	0	12
II	10099577	10099621	2	2	0	1	0	15
II	10101354	10101405	1	1	0	1	0	13
II	10101666	10101711	1	1	0	1	0	15
II	10102412	10102458	1	1	0	1	0	16
II	10141647	10141712	2	2	0	1	0	13
II	10142407	10142893	2	2	0	1	0	18
II	10143220	10143330	2	2	0	1	0	14
II	10303377	10303424	2	2	0	1	0	12
II	10494903	10495118	1	1	0	1	0	16
II	10560469	10560517	2	2	0	1	0	13
II	10640008	10640054	1	1	0	1	0	18
II	10641230	10641277	1	1	0	1	0	17
II	10653638	10653836	2	2	0	1	0	17
II	10658379	10658458	2	2	0	1	0	14
II	10659549	10659596	1	1	0	1	0	17
II	10707360	10707406	1	1	0	2	0	15
II	10787573	10787640	1	1	0	1	0	12
II	10789437	10789919	2	2	0	1	0	12
II	10950546	10951072	1	1	0	1	0	15
II	11013253	11013306	2	2	0	1	0	12
II	11096678	11096889	2	2	0	2	0	18
II	11097035	11097087	2	2	0	1	0	17
II	11126228	11126275	2	2	0	1	0	14
II	11134595	11134656	2	2	0	1	0	13
II	11188895	11188946	1	1	0	1	0	14
II	11302171	11302217	1	1	0	1	0	13
II	11344811	11344867	2	2	0	1	0	17
II	11345282	11345331	2	2	0	1	0	16
II	11346748	11346798	2	2	0	1	0	13
II	11427327	11427373	1	1	0	1	0	18
II	11539163	11539224	2	2	0	1	0	12
II	11570416	11570722	1	1	0	1	0	18
II	11572840	11572889	1	1	0	1	0	12
II	11594465	11594706	2	2	0	1	0	16
II	11651620	11651673	2	2	0	2	0	15
II	11693697	11693747	2	2	0	1	0	18
II	11729550	11729606	1	1	0	1	0	14
II	11739577	11739681	1	1	0	1	0	16
II	11741468	11741697	1	1	0	2	0	14
II	11775279	11775326	2	2	0	1	0	13
II	11776538	11776589	2	2	0	1	0	13
II	11844377	11844783	1	1	0	1	0	17
II	11849353	11849862	2	2	0	1	0	13
II	11850952	11850997	2	2	0	1	0	12
II	12000685	12000759	1	1	0	1	0	13
II	12004438	12005420	2	2	0	1	0	17
II	12025410	12025457	1	1	0	1	0	15
II	12047030	12047209	1	1	0	1	0	17
II	12220643	12221592	2	2	0	1	0	12
II	12424930	12424979	2	2	0	1	0	14
II	12588001	12589035	2	2	0	1	0	15
II	12717343	12717824	1	1	0	1	0	15
II	12733781	12733842	2	2	0	1	0	12
II	12769025	12769071	1	1	0	1	0	14
II	12894107	12894153	2	2	0	1	0	18
II	12896188	12896519	1	1	0	1	0	12
II	12896717	12896764	1	1	0	2	0	16
II	12926424	12927024	2	2	0	1	0	16
II	12953322	12953373	2	2	0	1	0	17
II	12995109	12995159	2	2	0	1	0	15
II	12996006	12996080	2	2	0	1	0	17
II	13069972	13070559	1	1	0	1	0	13
II	13151713	13151756	2	2	0	2	0	12
II	13309708	13309770	1	1	0	1	0	15
II	13460270	13460321	2	2	0	1	0	15
II	13656792	13656834	2	2	0	1	0	15
II	14138060	14138852	1	1	0	1	0	15
II	14175068	14175128	2	2	0	1	0	16
II	14228671	14229903	2	2	0	1	0	12
II	14266176	14267937	2	2	0	1	0	15
II	14412585	14412903	2	2	0	1	0	15
II	14491032	14491734	1	1	0	1	0	18
II	14529311	14529356	1	1	0	1	0	18
II	14537195	14537286	2	2	0	1	0	15
II	14596342	14596497	1	1	0	1	0	13
II	14597337	14597390	1	1	0	2	0	12
II	14601407	14601452	1	1	0	1	0	16
II	14658754	14658803	2	2	0	1	0	16
II	15102119	15102506	1	1	0	1	0	14
III	87687	87764	1	1	0	1	0	14
III	254664	256096	1	1	0	1	0	16
III	347910	348044	2	2	0	1	0	16
III	414037	416947	2	2	0	1	0	12
III	466035	468415	2	2	0	1	0	18
III	794371	794569	1	1	0	2	0	17
III	794670	794937	1	1	0	2	0	16
III	846456	847044	1	1	0	1	0	15
III	880710	880773	1	1	0	1	0	16
III	1200472	1201474	2	2	0	1	0	12
III	1309755	1309799	1	1	0	1	0	16
III	1412249	1413944	2	2	0	1	0	16
III	1419262	1419330	1	1	0	3	0	13
III	1513136	1515559	2	2	0	1	0	15
III	1836207	1836263	1	1	0	1	0	14
III	1950772	1951072	1	1	0	2	0	18
III	2325272	2325738	1	1	0	1	0	12
III	2429221	2429269	1	1	0	0	1	17
III	2467402	2467449	2	2	0	2	0	15
III	2467551	2467990	2	2	0	1	0	18
III	2468097	2468145	2	2	0	1	0	14
III	2544646	2544834	1	1	0	1	0	13
III	2679821	2679883	1	1	0	1	0	16
III	2786261	2786307	1	1	0	1	0	12
III	2786428	2786490	1	1	0	1	0	13
III	3068744	3068972	1	1	0	4	0	15
III	3142379	3143008	2	2	0	2	0	16
III	3243099	3243703	2	2	0	1	0	14
III	3316075	3317370	1	1	0	1	0	12
III	3396862	3396911	1	1	0	1	0	16
III	3503086	3503132	2	2	0	1	0	14
III	3700029	3700078	2	2	0	2	0	15
III	3700886	3700935	2	2	0	2	0	17
III	3728258	3728306	2	2	0	1	0	14
III	3730950	3731107	1	1	0	1	0	15
III	3768689	3768903	1	1	0	1	0	18
III	3769848	3769917	1	1	0	1	0	17
III	3772642	3772686	2	2	0	1	0	15
III	3796406	3796461	2	2	0	1	0	13
III	3835672	3835725	1	1	0	1	0	15
III	3869070	3869204	1	1	0	2	0	15
III	3928680	3928724	1	1	0	1	0	17
III	3961417	3961490	1	1	0	1	0	12
III	4016789	4016865	2	2	0	2	0	17
III	4017385	4017456	2	2	0	2	0	18
III	4084946	4085063	2	2	0	1	0	13
III	4085747	4086026	2	2	0	1	0	13
III	4094719	4094834	2	2	0	1	0	15
III	4152349	4152460	1	1	0	1	0	12
III	4200125	4200173	1	1	0	1	0	16
III	4264649	4264697	2	2	0	1	0	16
III	4266724	4267127	2	2	0	1	0	14
III	4352035	4352093	2	2	0	0	1	16
III	4426832	4426873	2	2	0	0	1	15
III	4476070	4476114	1	1	0	2	0	17
III	4509823	4510190	1	1	0	1	0	14
III	4544846	4544902	2	2	0	0	1	16
III	4581979	4582024	1	1	0	1	0	13
III	4594865	4594985	2	2	0	1	0	12
III	4595699	4595745	2	2	0	1	0	18
III	4633681	4633730	1	1	0	0	1	16
III	4633681	4636772	1	1	0	0	1	16
III	4636723	4636772	1	1	0	0	1	16
III	4650601	4650922	1	1	0	1	0	16
III	4651214	4651764	1	1	0	1	0	17
III	4706131	4706516	1	1	0	1	0	13
III	4726669	4726718	1	1	0	1	0	13
III	4738701	4739277	2	2	0	1	0	13
III	4753383	4753429	2	2	0	4	0	18
III	4789040	4789089	1	1	0	1	0	13
III	4810269	4810312	2	2	0	1	0	16
III	4861358	4861402	2	2	0	1	0	18
III	4870875	4870928	1	1	0	2	0	17
III	4871227	4871273	1	1	0	1	0	12
III	4961057	4961098	2	2	0	1	0	14
III	5011672	5011723	2	2	0	1	0	15
III	5046408	5046887	2	2	0	1	0	16
III	5054839	5054969	2	2	0	0	1	12
III	5063493	5063623	1	1	0	0	1	12
III	5081871	5081937	1	1	0	2	0	16
III	5153049	5153098	2	2	0	1	0	18
III	5207789	5207833	2	2	0	1	0	17
III	5212857	5213265	2	2	0	1	0	12
III	5220683	5220726	2	2	0	2	0	16
III	5228649	5228697	1	1	0	3	0	17
III	5229328	5229374	1	1	0	2	0	13
III	5274048	5274153	2	2	0	1	0	13
III	5274504	5274637	2	2	0	1	0	14
III	5278618	5278701	1	1	0	1	0	12
III	5370157	5370208	2	2	0	1	0	18
III	5560572	5560842	1	1	0	1	0	12
III	5565151	5565320	1	1	0	1	0	15
III	5566858	5566911	1	1	0	2	0	17
III	5593282	5593330	1	1	0	1	0	17
III	5593558	5593609	1	1	0	2	0	13
III	5608434	5608477	2	2	0	1	0	12
III	5672368	5672471	1	1	0	1	0	13
III	5678268	5678313	2	2	0	1	0	15
III	5679714	5679880	1	1	0	1	0	13
III	5680783	5680835	1	1	0	1	0	16
III	5705801	5705896	2	2	0	1	0	12
III	5711645	5711691	1	1	0	1	0	17
III	5714979	5716114	1	1	0	1	0	18
III	5716264	5716336	1	1	0	1	0	18
III	5755665	5761404	1	1	0	1	0	16
III	5854212	5854257	2	2	0	1	0	13
III	5875802	5876138	2	2	0	1	0	14
III	5941864	5941916	1	1	0	0	2	17
III	5941864	5943382	1	1	0	0	2	17
III	5942601	5942648	1	1	0	1	0	15
III	5955984	5956532	2	2	0	1	0	16
III	6156919	6157606	2	2	0	1	0	15
III	6201469	6201515	1	1	0	2	0	18
III	6206945	6206992	1	1	0	1	0	18
III	6207561	6207730	1	1	0	2	0	16
III	6208314	6208412	1	1	0	2	0	16
III	6374354	6374575	2	2	0	3	0	16
III	6394992	6395043	2	2	0	1	0	14
III	6449154	6449209	2	2	0	1	0	13
III	6468898	6468949	1	1	0	1	0	12
III	6541728	6541775	2	2	0	1	0	13
III	6549102	6549148	2	2	0	0	1	17
III	6549102	6561670	2	2	0	0	1	17
III	6561624	6561670	2	2	0	0	1	17
III	6609371	6609415	1	1	0	1	0	17
III	6717792	6717838	1	1	0	1	0	15
III	6732640	6732778	1	1	0	1	0	13
III	6930200	6930248	1	1	0	1	0	17
III	6935175	6935221	2	2	0	1	0	17
III	6959965	6960018	2	2	0	1	0	12
III	6960529	6960573	2	2	0	1	0	12
III	6971267	6971314	2	2	0	3	0	14
III	6973018	6973064	1	1	0	1	0	18
III	7019690	7019738	2	2	0	2	0	15
III	7020119	7020166	2	2	0	1	0	15
III	7091428	7091469	1	1	0	1	0	13
III	7157743	7157792	2	2	0	1	0	12
III	7179389	7179431	2	2	0	1	0	14
III	7181154	7181198	1	1	0	1	0	15
III	7194957	7195303	2	2	0	1	0	15
III	7208584	7208810	1	1	0	1	0	14
III	7208995	7209192	1	1	0	2	0	18
III	7209381	7209602	1	1	0	1	0	17
III	7283214	7283290	1	1	0	1	0	14
III	7309187	7309233	2	2	0	1	0	14
III	7337220	7337277	1	1	0	1	0	12
III	7348208	7348258	2	2	0	1	0	15
III	7464266	7464388	1	1	0	1	0	16
III	7466289	7466336	1	1	0	1	0	14
III	7467199	7467275	1	1	0	2	0	12
III	7481929	7481977	2	2	0	1	0	17
III	7496528	7496675	2	2	0	1	0	15
III	7497643	7497689	2	2	0	2	0	14
III	7520108	7520161	2	2	0	1	0	12
III	7642071	7642953	2	2	0	1	0	12
III	7825749	7826047	2	2	0	1	0	16
III	7855381	7855433	1	1	0	1	0	16
III	7862169	7862218	1	1	0	1	0	16
III	7894046	7894093	1	1	0	1	0	13
III	7920297	7920342	1	1	0	1	0	17
III	7950674	7950746	2	2	0	1	0	12
III	7973933	7974587	1	1	0	1	0	18
III	8050097	8050139	2	2	0	1	0	16
III	8089816	8089865	1	1	0	1	0	16
III	8188808	8188860	1	1	0	1	0	16
III	8188977	8189023	1	1	0	1	0	12
III	8236302	8236345	1	1	0	1	0	13
III	8268148	8268252	2	2	0	1	0	17
III	8331175	8331221	2	2	0	1	0	16
III	8399610	8399656	2	2	0	1	0	18
III	8447892	8447934	1	1	0	1	0	14
III	8489537	8489599	2	2	0	1	0	18
III	8632165	8632213	1	1	0	1	0	13
III	8746762	8747000	2	2	0	1	0	18
III	8821470	8821693	1	1	0	1	0	18
III	8906039	8906145	1	1	0	1	0	12
III	8910554	8910717	1	1	0	1	0	15
III	8954089	8954420	2	2	0	1	0	17
III	8968987	8969036	1	1	0	1	0	14
III	8971349	8971394	2	2	0	1	0	16
III	9052372	9052421	2	2	0	1	0	14
III	9080909	9080961	2	2	0	2	0	18
III	9082338	9082409	1	1	0	5	0	17
III	9101581	9101628	1	1	0	1	0	17
III	9471827	9471899	2	2	0	1	0	12
III	9472861	9472914	2	2	0	1	0	17
III	9509109	9509305	1	1	0	1	0	13
III	9523513	9523562	2	2	0	1	0	16
III	9562827	9562872	2	2	0	1	0	14
III	9599648	9599688	1	1	0	1	0	14
III	9655758	9655817	2	2	0	1	0	13
III	9746161	9746278	2	2	0	3	0	18
III	9746432	9746475	2	2	0	1	0	14
III	9747654	9747703	1	1	0	1	0	16
III	9752527	9752572	2	2	0	1	0	12
III	9782361	9782411	1	1	0	1	0	13
III	9784889	9784942	1	1	0	1	0	12
III	9824585	9824637	2	2	0	1	0	17
III	9825126	9825180	2	2	0	1	0	12
III	9825315	9825363	2	2	0	2	0	14
III	9887393	9887438	2	2	0	1	0	17
III	9953502	9953671	2	2	0	1	0	16
III	10039994	10040046	2	2	0	1	0	13
III	10056048	10056094	2	2	0	1	0	15
III	10068429	10068709	1	1	0	1	0	14
III	10099700	10099747	2	2	0	2	0	14
III	10099839	10099883	2	2	0	1	0	15
III	10174707	10174754	1	1	0	1	0	17
III	10199450	10199497	1	1	0	1	0	15
III	10209222	10209269	1	1	0	1	0	17
III	10215536	10215584	2	2	0	1	0	15
III	10215906	10215966	2	2	0	1	0	17
III	10216366	10216410	2	2	0	1	0	12
III	10241050	10242127	1	1	0	1	0	13
III	10273878	10274307	1	1	0	1	0	15
III	10274700	10274973	1	1	0	1	0	14
III	10384136	10384301	1	1	0	1	0	17
III	10511306	10512063	1	1	0	1	0	16
III	10746983	10747029	2	2	0	1	0	18
III	10748635	10748676	1	1	0	1	0	13
III	10774328	10774374	1	1	0	1	0	15
III	10842562	10843234	2	2	0	1	0	13
III	11326772	11326820	2	2	0	1	0	17
III	11505590	11506172	1	1	0	1	0	15
III	11627230	11627844	1	1	0	1	0	13
III	11702568	11702616	1	1	0	1	0	14
III	11702755	11702799	1	1	0	2	0	14
III	11704091	11704136	1	1	0	2	0	16
III	11707238	11708065	2	2	0	1	0	17
III	11921250	11921301	1	1	0	1	0	18
III	12022591	12023528	1	1	0	1	0	14
III	12023737	12023789	1	1	0	1	0	15
III	12234583	12235411	2	2	0	1	0	13
III	12350792	12350866	2	2	0	1	0	18
III	12397022	12397073	1	1	0	1	0	17
III	12431158	12431201	1	1	0	1	0	17
III	12448445	12448503	2	2	0	1	0	15
III	12600541	12600889	2	2	0	1	0	14
III	12610746	12617821	1	1	0	1	0	12
III	12687236	12687301	2	2	0	1	0	14
III	12788320	12788479	2	2	0	1	0	17
III	12905826	12905932	1	1	0	2	0	15
III	12906112	12906252	1	1	0	1	0	12
III	12978170	12978218	2	2	0	1	0	15
III	13019289	13019346	1	1	0	2	0	17
III	13090968	13093881	2	2	0	1	0	18
III	13153969	13154019	1	1	0	1	0	13
III	13200882	13203865	1	1	0	1	0	17
III	13344290	13344335	1	1	0	1	0	16
III	13436228	13436603	2	2	0	1	0	12
III	13458344	13459032	2	2	0	1	0	13
III	13463462	13463506	1	1	0	2	0	17
III	13463728	13463780	1	1	0	3	0	17
III	13468367	13469134	1	1	0	1	0	15
III	13473331	13473663	1	1	0	1	0	13
III	13746401	13746446	1	1	0	1	0	18
III	13756032	13756073	1	1	0	1	0	13
IV	126881	127390	1	1	0	1	0	14
IV	137242	137553	1	1	0	1	0	13
IV	159109	159383	1	1	0	3	0	17
IV	368771	368819	2	2	0	1	0	13
IV	386304	386432	1	1	0	2	0	17
IV	389504	389560	2	2	0	1	0	13
IV	420546	420597	2	2	0	1	0	13
IV	523414	523472	2	2	0	1	0	16
IV	581063	581136	2	2	0	1	0	14
IV	654203	654399	2	2	0	2	0	17
IV	666314	666484	1	1	0	2	0	17
IV	720255	720327	2	2	0	1	0	13
IV	763425	763520	2	2	0	4	0	18
IV	850665	851993	2	2	0	1	0	13
IV	1004726	1004794	2	2	0	1	0	13
IV	1055288	1055334	2	2	0	1	0	18
IV	1108947	1109214	1	1	0	1	0	17
IV	1495891	1495959	2	2	0	1	0	18
IV	1545708	1545771	2	2	0	1	0	13
IV	1709355	1709419	2	2	0	1	0	14
IV	1865470	1871763	1	1	0	1	0	12
IV	1969816	1969945	1	1	0	1	0	17
IV	2085909	2086546	1	1	0	1	0	14
IV	2112088	2112398	2	2	0	1	0	12
IV	2246199	2246710	1	1	0	1	0	15
IV	2248911	2248961	1	1	0	1	0	13
IV	2492754	2492805	1	1	0	1	0	14
IV	2496750	2497316	1	1	0	2	0	17
IV	2606100	2606806	1	1	0	1	0	15
IV	2667638	2667740	1	1	0	1	0	16
IV	2718658	2719733	2	2	0	1	0	12
IV	2891874	2891927	2	2	0	1	0	12
IV	3105305	3116621	2	2	0	1	0	14
IV	3296044	3296097	1	1	0	1	0	16
IV	3296200	3296248	1	1	0	1	0	12
IV	3338299	3338378	2	2	0	1	0	18
IV	3386172	3386696	1	1	0	1	0	13
IV	3401608	3402248	1	1	0	1	0	16
IV	3440097	3440146	1	1	0	1	0	13
IV	3605061	3605102	2	2	0	2	0	18
IV	3605351	3605404	2	2	0	1	0	17
IV	3737918	3738782	2	2	0	1	0	15
IV	3805620	3805664	1	1	0	1	0	17
IV	3974764	3974807	1	1	0	1	0	13
IV	4137091	4137177	2	2	0	1	0	15
IV	4269962	4270009	1	1	0	1	0	16
IV	4386722	4387432	1	1	0	1	0	15
IV	4389345	4389398	2	2	0	2	0	14
IV	4390461	4390561	2	2	0	0	2	15
IV	4431793	4431838	1	1	0	2	0	14
IV	4433373	4433425	2	2	0	0	1	12
IV	4488061	4488174	1	1	0	1	0	17
IV	4490726	4493812	1	1	0	1	0	16
IV	4647837	4648022	1	1	0	1	0	14
IV	4649053	4649100	1	1	0	1	0	14
IV	4650001	4650066	1	1	0	1	0	13
IV	4650145	4650193	1	1	0	1	0	14
IV	4650278	4650378	1	1	0	1	0	17
IV	4698794	4699444	2	2	0	1	0	17
IV	4749515	4749562	2	2	0	2	0	15
IV	4907555	4907684	1	1	0	2	0	16
IV	4977365	4977408	1	1	0	2	0	17
IV	5017570	5017617	1	1	0	0	1	15
IV	5057535	5057578	2	2	0	1	0	12
IV	5066826	5066868	2	2	0	0	1	18
IV	5069584	5069650	1	1	0	0	1	12
IV	5087339	5087390	2	2	0	1	0	14
IV	5219109	5219212	1	1	0	0	2	17
IV	5219109	5227271	1	1	0	0	2	17
IV	5224989	5225044	2	2	0	2	0	15
IV	5227168	5227271	1	1	0	0	2	17
IV	5256017	5256083	2	2	0	0	1	12
IV	5258804	5258846	1	1	0	0	1	18
IV	5263298	5263352	2	2	0	1	0	17
IV	5315077	5315122	1	1	0	1	0	15
IV	5373163	5373212	1	1	0	1	0	14
IV	5375165	5376368	2	2	0	2	0	17
IV	5383596	5383644	1	1	0	0	1	17
IV	5387809	5388379	2	2	0	2	0	13
IV	5651841	5651892	2	2	0	1	0	18
IV	5684101	5684158	1	1	0	0	1	16
IV	5839984	5840031	1	1	0	1	0	18
IV	5844947	5844997	2	2	0	0	1	14
IV	5849925	5849975	1	1	0	0	1	14
IV	5898476	5898525	1	1	0	1	0	12
IV	5931816	5932068	1	1	0	1	0	13
IV	5937054	5937099	1	1	0	1	0	12
IV	5947317	5947429	2	2	0	3	0	18
IV	6016029	6016318	1	1	0	2	0	16
IV	6017172	6017582	1	1	0	1	0	13
IV	6020188	6020943	2	2	0	1	0	15
IV	6022158	6022204	2	2	0	1	0	12
IV	6026410	6026575	2	2	0	1	0	13
IV	6062154	6064343	1	1	0	1	0	13
IV	6067505	6068287	1	1	0	1	0	17
IV	6125199	6127154	2	2	0	1	0	16
IV	6425482	6425529	2	2	0	3	0	12
IV	6425675	6425758	2	2	0	2	0	15
IV	6425894	6425942	2	2	0	3	0	16
IV	6525444	6525491	1	1	0	1	0	13
IV	6578490	6578537	1	1	0	1	0	17
IV	6580552	6580596	2	2	0	1	0	15
IV	6643278	6643765	1	1	0	1	0	14
IV	6644408	6644454	1	1	0	1	0	16
IV	6659105	6659573	1	1	0	2	0	15
IV	6662691	6663067	2	2	0	1	0	16
IV	6794795	6794844	2	2	0	1	0	14
IV	6910848	6910910	1	1	0	1	0	13
IV	7026604	7026778	1	1	0	1	0	17
IV	7083856	7083956	2	2	0	2	0	16
IV	7084357	7084402	2	2	0	2	0	17
IV	7106334	7106455	1	1	0	1	0	15
IV	7112694	7112742	1	1	0	0	1	15
IV	7149802	7149946	1	1	0	1	0	17
IV	7155799	7155849	1	1	0	1	0	14
IV	7205038	7205082	1	1	0	1	0	14
IV	7220169	7220486	1	1	0	1	0	13
IV	7248883	7248930	1	1	0	1	0	16
IV	7313154	7313199	2	2	0	4	0	18
IV	7313656	7313748	2	2	0	1	0	12
IV	7506813	7506858	2	2	0	1	0	15
IV	7552496	7552569	2	2	0	1	0	15
IV	7693550	7693592	1	1	0	1	0	12
IV	7729593	7729640	1	1	0	1	0	16
IV	7776263	7776308	1	1	0	1	0	12
IV	7782950	7783294	2	2	0	1	0	16
IV	7790945	7790990	2	2	0	1	0	18
IV	7871223	7871359	1	1	0	1	0	12
IV	7894362	7894406	1	1	0	1	0	13
IV	7902264	7902309	2	2	0	1	0	16
IV	7925938	7925984	2	2	0	2	0	16
IV	7959838	7959882	1	1	0	1	0	15
IV	7961389	7961431	1	1	0	2	0	17
IV	8100340	8100381	1	3	0	1	0	14
IV	8129190	8129574	2	2	0	1	0	12
IV	8130053	8130109	2	2	0	1	0	13
IV	8134231	8134834	2	2	0	1	0	13
IV	8134912	8134963	2	2	0	2	0	14
IV	8168557	8168658	2	2	0	1	0	16
IV	8226184	8226235	1	1	0	2	0	18
IV	8298761	8298814	1	1	0	1	0	14
IV	8345964	8346096	1	1	0	5	0	17
IV	8388035	8388271	2	2	0	1	0	15
IV	8425970	8426017	2	2	0	1	0	12
IV	8436786	8437490	1	1	0	1	0	17
IV	8460204	8460267	2	2	0	1	0	17
IV	8477471	8477523	1	1	0	1	0	13
IV	8502612	8502662	1	1	0	1	0	15
IV	8506220	8506367	2	2	0	1	0	12
IV	8632620	8632983	1	1	0	1	0	12
IV	8648978	8649085	2	2	0	1	0	14
IV	8732279	8732323	1	1	0	1	0	13
IV	8741954	8742028	2	2	0	1	0	14
IV	8743482	8743528	2	2	0	1	0	14
IV	8751137	8751187	1	1	0	1	0	15
IV	8766711	8767121	1	1	0	1	0	14
IV	9086669	9087278	1	1	0	1	0	12
IV	9096073	9096127	2	2	0	1	0	16
IV	9151421	9151491	1	1	0	0	1	16
IV	9247707	9247758	1	1	0	1	0	15
IV	9261349	9261395	2	2	0	1	0	16
IV	9310944	9310994	2	2	0	1	0	12
IV	9321901	9321948	1	1	0	2	0	17
IV	9323342	9323759	2	2	0	1	0	13
IV	9325817	9325895	1	1	0	1	0	13
IV	9329723	9329768	2	2	0	2	0	12
IV	9379497	9379559	1	1	0	1	0	16
IV	9380259	9380302	1	1	0	1	0	18
IV	9403119	9403215	2	2	0	1	0	12
IV	9462042	9462088	1	1	0	1	0	18
IV	9526534	9526992	1	1	0	1	0	17
IV	9563409	9563514	1	1	0	3	0	16
IV	9617206	9617258	1	1	0	1	0	14
IV	9630193	9630236	2	2	0	1	0	18
IV	9631319	9632017	2	2	0	1	0	12
IV	9687391	9687438	2	2	0	1	0	14
IV	9732270	9732325	2	2	0	1	0	18
IV	9762803	9763152	1	1	0	1	0	17
IV	9768710	9768757	1	1	0	1	0	12
IV	9797082	9797124	2	2	0	1	0	13
IV	9801392	9801880	1	1	0	1	0	18
IV	9882524	9883170	2	2	0	1	0	14
IV	9892996	9893042	2	2	0	4	0	16
IV	9969070	9969117	2	2	0	1	0	15
IV	10001602	10001643	2	2	0	1	0	14
IV	10005272	10005322	1	1	0	1	0	17
IV	10013996	10014045	1	1	0	1	0	14
IV	10027184	10027227	2	4	0	1	0	12
IV	10078380	10078437	1	1	0	1	0	15
IV	10094336	10094382	2	2	0	1	0	12
IV	10095083	10095174	2	2	0	1	0	12
IV	10111253	10111301	2	2	0	1	0	16
IV	10113729	10113775	1	1	0	1	0	12
IV	10176825	10176872	1	1	0	3	0	16
IV	10177248	10177299	1	1	0	4	0	12
IV	10182831	10182877	1	1	0	1	0	17
IV	10293323	10293369	2	2	0	1	0	13
IV	10293974	10294028	2	2	0	2	0	14
IV	10306606	10306649	2	2	0	1	0	16
IV	10312100	10312146	2	2	0	1	0	12
IV	10366665	10366712	2	2	0	1	0	17
IV	10387575	10387620	1	1	0	2	0	16
IV	10392449	10392509	1	1	0	1	0	12
IV	10392671	10392716	1	1	0	1	0	13
IV	10422868	10423108	2	2	0	1	0	15
IV	10464833	10465324	1	1	0	1	0	15
IV	10735516	10735557	1	1	0	1	0	18
IV	10759155	10759203	1	1	0	1	0	17
IV	10824793	10824851	1	1	0	1	0	13
IV	10855937	10856330	2	2	0	1	0	13
IV	10883195	10883245	2	2	0	1	0	14
IV	10934918	10934968	2	2	0	1	0	13
IV	10982943	10983107	1	1	0	1	0	13
IV	11066831	11066876	2	2	0	1	0	17
IV	11081624	11081669	2	2	0	1	0	17
IV	11081915	11081961	2	2	0	2	0	16
IV	11089895	11089946	1	1	0	1	0	14
IV	11101014	11101232	2	2	0	2	0	18
IV	11110384	11110431	2	2	0	4	0	16
IV	11110561	11110611	2	2	0	2	0	16
IV	11146596	11146641	2	2	0	1	0	15
IV	11147740	11147787	2	2	0	1	0	17
IV	11153522	11153567	1	1	0	1	0	18
IV	11181114	11181159	1	1	0	1	0	16
IV	11210657	11210729	2	2	0	1	0	17
IV	11223264	11223803	2	2	0	1	0	15
IV	11304999	11305047	2	2	0	1	0	17
IV	11367056	11367101	2	2	0	1	0	14
IV	11473729	11473780	2	2	0	1	0	15
IV	11564099	11564148	2	2	0	1	0	12
IV	11603048	11603093	1	1	0	3	0	16
IV	11652841	11652905	1	1	0	1	0	18
IV	11708031	11708077	1	1	0	1	0	12
IV	11821524	11821588	2	2	0	3	0	18
IV	11914369	11914423	2	2	0	1	0	12
IV	11914761	11915058	2	2	0	1	0	15
IV	12034451	12034759	1	1	0	1	0	14
IV	12058372	12059056	1	1	0	1	0	12
IV	12089650	12089963	2	2	0	1	0	15
IV	12137238	12137284	2	2	0	1	0	18
IV	12205988	12206427	1	1	0	1	0	17
IV	12269161	12269287	1	1	0	2	0	16
IV	12350928	12351260	1	1	0	1	0	14
IV	12388716	12389218	2	2	0	1	0	15
IV	12390808	12390884	2	2	0	3	0	16
IV	12394453	12394508	2	2	0	1	0	16
IV	12404894	12404963	1	1	0	1	0	16
IV	12455321	12455367	1	1	0	2	0	17
IV	12645106	12645163	1	1	0	1	0	12
IV	12712856	12712915	1	1	0	1	0	14
IV	12714139	12714182	1	1	0	1	0	17
IV	12714446	12714493	1	1	0	1	0	13
IV	12964291	12975353	1	1	0	0	1	12
IV	12975298	12975353	1	1	0	0	1	12
IV	13081326	13082316	1	1	0	1	0	16
IV	13082437	13082488	1	1	0	1	0	17
IV	13097529	13097578	2	2	0	1	0	14
IV	13099070	13099122	1	1	0	1	0	12
IV	13240399	13240523	2	2	0	1	0	15
IV	13283410	13284719	2	2	0	1	0	13
IV	13316138	13317091	1	1	0	1	0	14
IV	13324531	13325198	1	1	0	3	0	12
IV	13355081	13355344	1	1	0	1	0	13
IV	13370167	13370223	2	2	0	1	0	12
IV	13450420	13451392	2	2	0	1	0	13
IV	13472781	13473070	1	1	0	1	0	16
IV	13524597	13525736	2	2	0	1	0	13
IV	13643401	13643684	1	1	0	1	0	13
IV	13648359	13648406	2	2	0	1	0	16
IV	13777894	13777949	1	1	0	3	0	18
IV	13882279	13882432	1	1	0	1	0	16
IV	14457022	14458683	1	1	0	1	0	13
IV	14518310	14518359	2	2	0	1	0	15
IV	14518720	14518791	2	2	0	1	0	18
IV	14519005	14519229	2	2	0	1	0	18
IV	14579391	14580209	2	2	0	0	2	15
IV	14580854	14580900	2	2	0	1	0	15
IV	14633947	14634253	1	1	0	0	2	15
IV	14759380	14760219	2	2	0	1	0	13
IV	14760793	14760882	2	2	0	1	0	14
IV	14791536	14791856	2	2	0	1	0	13
IV	14799504	14800280	1	1	0	1	0	16
IV	15040159	15040212	1	1	0	1	0	14
IV	15047620	15048759	1	1	0	1	0	12
IV	15524661	15524715	2	2	0	1	0	13
IV	16006051	16011897	2	2	0	1	0	18
IV	16169130	16170072	2	2	0	1	0	13
IV	16507097	16507151	2	2	0	1	0	13
IV	16766883	16766923	2	2	0	0	1	18
IV	16769461	16769501	1	1	0	0	1	18
IV	16851690	16852147	2	2	0	1	0	18
IV	16947753	16947972	1	1	0	1	0	15
IV	16948034	16949379	1	1	0	1	0	15
IV	17107359	17107881	2	2	0	1	0	14
IV	17250828	17250887	1	1	0	1	0	12
IV	17280008	17280201	1	1	0	3	0	16
IV	17280883	17280936	1	1	0	3	0	17
IV	17296292	17296336	1	1	0	1	0	17
IV	17324962	17325007	1	1	0	1	0	17
IV	17343966	17344017	1	3	0	2	0	14
IV	17344390	17344436	1	1	0	1	0	15
IV	17346032	17346344	2	2	0	1	0	16
IV	17379875	17379919	2	2	0	1	0	17
V	132765	132812	2	2	0	1	0	13
V	181862	183688	1	1	0	1	0	16
V	387343	387390	1	1	0	2	0	16
V	387529	387579	1	1	0	1	0	17
V	412096	412409	2	2	0	1	0	13
V	412606	412661	2	2	0	2	0	16
V	450036	450124	1	1	0	1	0	18
V	726084	726151	2	2	0	1	0	18
V	726980	727384	2	2	0	1	0	14
V	859173	859214	1	1	0	0	1	15
V	860702	860749	1	1	0	1	0	12
V	912072	913071	1	1	0	1	0	15
V	1022254	1022300	2	2	0	1	0	12
V	1153122	1156270	1	1	0	1	0	16
V	1157107	1157163	1	1	0	1	0	18
V	1177097	1177144	1	1	0	4	0	17
V	1177271	1178355	1	1	0	1	0	17
V	1178704	1178753	1	1	0	3	0	18
V	1263203	1263250	2	2	0	1	0	13
V	1376850	1377835	2	2	0	0	1	16
V	1475142	1475311	1	1	0	1	0	15
V	1658265	1658316	2	2	0	0	1	17
V	1879574	1879628	2	2	0	1	0	16
V	2068816	2068869	1	1	0	2	0	13
V	2096436	2096485	1	1	0	2	0	14
V	2096673	2098888	1	1	0	0	1	17
V	2098553	2098888	1	1	0	0	1	17
V	2129684	2129760	1	1	0	1	0	13
V	2191803	2192496	1	1	0	1	0	15
V	2322238	2322283	2	2	0	0	9	16
V	2323267	2323312	1	1	0	0	10	18
V	2329656	2329701	2	2	0	0	10	18
V	2330685	2330730	1	1	0	0	9	16
V	2703875	2705240	1	1	0	1	0	12
V	3191612	3191663	2	2	0	1	0	17
V	3191760	3191808	2	2	0	1	0	16
V	3280962	3281044	1	1	0	1	0	15
V	3589264	3589311	2	2	0	1	0	12
V	3633941	3634413	1	1	0	1	0	18
V	4427922	4427991	2	2	0	1	0	18
V	4484454	4485215	1	1	0	1	0	14
V	4566294	4566523	2	2	0	1	0	17
V	4571958	4572297	1	1	0	1	0	17
V	4631458	4631581	1	1	0	1	0	12
V	4632205	4634765	1	1	0	1	0	14
V	4653825	4653877	2	2	0	1	0	17
V	4742839	4743139	1	1	0	1	0	15
V	4816241	4816296	2	2	0	1	0	16
V	4857527	4857714	2	2	0	1	0	18
V	5059864	5059912	2	2	0	1	0	15
V	5084699	5084746	2	2	0	0	1	15
V	5084699	5086692	2	2	0	0	1	15
V	5086645	5086692	2	2	0	0	1	15
V	5325451	5325515	2	2	0	1	0	17
V	5392793	5392836	2	2	0	1	0	16
V	5465925	5465969	2	2	0	0	1	13
V	5618775	5618824	2	2	0	1	0	17
V	5665114	5665158	1	1	0	0	1	13
V	5686870	5686967	2	2	0	1	0	17
V	5719568	5719614	1	1	0	1	0	14
V	5720208	5720254	1	1	0	0	1	16
V	5805861	5806368	1	1	0	1	0	15
V	5836629	5836676	2	2	0	4	0	16
V	6003671	6011100	1	1	0	1	0	14
V	6044215	6044332	1	1	0	1	0	17
V	6099415	6099469	2	2	0	3	0	14
V	6111440	6111488	2	2	0	1	0	17
V	6215010	6215066	1	1	0	1	0	12
V	6216236	6216284	1	1	0	1	0	12
V	6277829	6277874	1	1	0	1	0	18
V	6393357	6393408	2	2	0	0	1	16
V	6393357	6402055	2	2	0	0	1	16
V	6402004	6402055	2	2	0	0	1	16
V	6488924	6488990	2	2	0	1	0	18
V	6614715	6614763	1	1	0	2	0	17
V	6651757	6651854	1	1	0	1	0	14
V	6654452	6654495	2	2	0	1	0	13
V	6766052	6766103	2	2	0	1	0	16
V	6830521	6832030	1	1	0	0	1	18
V	6831982	6832030	1	1	0	0	1	18
V	6836450	6836499	1	1	0	3	0	12
V	7026292	7026438	2	2	0	1	0	12
V	7078448	7078489	1	1	0	1	0	14
V	7212168	7213003	2	2	0	1	0	14
V	7239863	7240734	1	1	0	1	0	14
V	7244420	7244864	2	2	0	1	0	16
V	7441014	7441063	1	1	0	2	0	18
V	7453569	7453645	2	2	0	1	0	17
V	7775873	7775974	2	2	0	1	0	16
V	7776660	7776738	1	1	0	2	0	15
V	7776869	7776961	1	1	0	3	0	16
V	7859080	7859127	1	1	0	1	0	14
V	8005547	8005592	1	1	0	1	0	16
V	8182302	8182348	1	1	0	0	1	12
V	8182302	8185311	1	1	0	0	1	12
V	8268346	8268452	2	2	0	2	0	18
V	8268583	8268627	2	2	0	2	0	17
V	8318555	8318739	1	1	0	1	0	16
V	8384567	8384612	1	1	0	2	0	17
V	8484441	8484494	2	2	0	1	0	13
V	8605442	8605562	2	2	0	1	0	16
V	8923659	8923704	1	1	0	1	0	16
V	9087605	9087656	2	2	0	0	2	16
V	9090241	9090292	1	1	0	0	2	16
V	9235974	9236020	2	2	0	1	0	13
V	9399181	9399231	1	1	0	2	0	12
V	9400727	9401312	1	1	0	1	0	18
V	9532610	9532655	1	1	0	1	0	13
V	9553842	9553934	1	1	0	1	0	14
V	9566272	9566319	2	2	0	1	0	15
V	9645933	9645977	1	1	0	1	0	12
V	9705469	9705800	1	1	0	1	0	12
V	9716194	9716240	1	1	0	1	0	13
V	9754184	9754248	2	2	0	1	0	13
V	9787580	9787623	2	2	0	1	0	15
V	10054727	10054785	2	2	0	1	0	13
V	10130878	10130930	2	2	0	1	0	15
V	10452946	10452995	2	2	0	1	0	14
V	10481452	10481506	2	2	0	1	0	14
V	10953749	10953905	2	2	0	1	0	12
V	10954031	10954080	2	2	0	1	0	12
V	10954258	10954309	2	2	0	1	0	16
V	10955359	10955403	1	1	0	1	0	12
V	10966486	10966529	1	1	0	1	0	16
V	11072172	11072224	2	2	0	0	12	18
V	11072172	11077111	2	2	0	0	12	18
V	11073006	11073053	2	2	0	0	4	16
V	11073006	11077937	2	2	0	0	4	16
V	11077060	11077111	2	2	0	0	12	18
V	11077893	11077937	2	2	0	1	2	13
V	11081263	11081310	1	1	0	0	4	16
V	11082092	11082143	1	1	0	0	12	18
V	11123150	11123193	2	2	0	4	0	15
V	11123368	11123412	2	2	0	3	0	17
V	11306510	11306710	2	2	0	1	0	15
V	11522451	11522502	1	1	0	1	0	12
V	11734180	11734436	2	2	0	1	0	13
V	11767572	11767616	1	1	0	1	0	17
V	11769061	11769106	1	1	0	1	0	15
V	11783631	11783677	1	1	0	1	0	15
V	11975583	11975664	1	1	0	2	0	15
V	11994519	11994568	1	1	0	1	0	16
V	12003177	12003232	1	1	0	1	0	12
V	12003479	12003574	1	1	0	3	0	14
V	12016666	12016864	2	2	0	1	0	15
V	12064920	12064966	2	2	0	1	0	18
V	12073048	12073095	2	2	0	1	0	17
V	12085025	12085071	1	1	0	1	0	15
V	12117147	12117199	1	1	0	1	0	17
V	12186723	12186821	2	2	0	1	0	16
V	12264053	12264353	1	1	0	1	0	17
V	12290703	12290745	2	2	0	1	0	15
V	12408240	12408283	2	2	0	0	1	16
V	12408240	12413407	2	2	0	0	1	16
V	12411693	12411736	2	2	0	1	0	17
V	12418675	12418726	1	1	0	1	0	17
V	12420099	12420144	2	2	0	1	0	15
V	12456591	12456941	2	2	0	1	0	14
V	12495698	12495750	2	2	0	1	0	17
V	12513370	12513414	1	1	0	1	0	15
V	12699925	12699973	1	1	0	1	0	17
V	12700101	12703720	1	1	0	1	0	17
V	12724966	12725908	2	2	0	1	0	14
V	12727860	12727905	2	2	0	2	0	17
V	12761689	12761735	2	2	0	1	0	17
V	12766152	12766198	1	1	0	1	0	17
V	12863059	12863103	1	1	0	1	0	18
V	13044600	13044657	1	1	0	1	0	14
V	13128558	13128609	2	2	0	1	0	18
V	13137415	13137722	2	2	0	1	0	13
V	13199316	13202156	2	2	0	0	1	15
V	13201836	13201883	2	2	0	3	1	17
V	13202100	13202156	2	2	0	0	1	15
V	13381585	13381631	1	1	0	1	0	16
V	13498583	13498632	1	1	0	1	0	15
V	13561180	13561228	1	1	0	1	0	15
V	13625312	13625357	2	2	0	1	0	14
V	13718539	13718633	1	1	0	1	0	14
V	13734893	13734952	2	2	0	1	0	13
V	13737783	13737901	2	2	0	1	0	15
V	13747748	13747794	2	2	0	1	0	12
V	13955498	13955598	1	1	0	1	0	16
V	13997957	13998947	2	2	0	1	0	17
V	14013183	14013229	1	1	0	1	0	16
V	14037325	14037376	2	2	0	1	0	16
V	14146763	14146910	1	1	0	1	0	15
V	14215000	14215047	2	2	0	2	0	16
V	14233031	14233077	2	2	0	1	0	16
V	14233426	14233501	2	2	0	1	0	12
V	14346716	14346761	1	1	0	1	0	14
V	14393903	14394048	1	1	0	2	0	13
V	14480500	14480575	2	2	0	1	0	14
V	14599063	14599380	1	1	0	1	0	17
V	14686314	14686360	1	1	0	1	0	15
V	14714530	14714574	2	2	0	0	1	12
V	14876658	14876740	2	2	0	1	0	18
V	14918081	14918213	2	2	0	1	0	17
V	15066421	15066470	1	1	0	1	0	16
V	15085127	15085174	2	2	0	1	0	14
V	15186878	15186991	2	2	0	2	0	15
V	15445036	15445188	1	1	0	1	0	16
V	15512339	15512610	1	1	0	1	0	12
V	15671510	15671576	1	1	0	1	0	15
V	15977342	15977397	1	1	0	1	0	18
V	16215768	16215815	1	1	0	1	0	17
V	16418678	16418722	2	2	0	1	0	14
V	16419098	16419139	2	2	0	1	0	12
V	16419527	16419574	2	2	0	3	0	13
V	16592956	16593523	2	2	0	2	0	12
V	16594612	16595087	2	2	0	2	0	16
V	16834044	16834492	2	2	0	1	0	17
V	17077276	17077324	2	2	0	1	0	12
V	17207389	17207589	2	2	0	1	0	15
V	18159240	18159296	1	1	0	1	0	18
V	18193301	18193405	1	1	0	1	0	18
V	18223079	18223123	2	2	0	1	0	12
V	18559188	18560109	2	2	0	1	0	13
V	18571938	18572131	1	1	0	1	0	17
V	18582780	18582833	1	1	0	1	0	17
V	18661712	18662118	2	2	0	1	0	16
V	19028427	19028482	1	1	0	1	0	16
V	19203185	19203230	2	2	0	2	0	15
V	19261241	19262413	2	2	0	1	0	17
V	19521256	19521742	2	2	0	1	0	16
V	19537184	19537434	2	2	0	1	0	16
V	19631674	19631723	2	2	0	1	0	17
V	19744769	19744814	1	1	0	1	0	13
V	19745010	19745185	1	1	0	1	0	17
V	19752975	19753784	2	2	0	2	0	17
V	19754180	19755241	2	2	0	1	1	16
V	20090539	20090625	2	2	0	1	0	15
V	20383448	20384074	1	1	0	1	0	15
V	20468741	20468797	2	2	0	0	1	17
V	20480312	20480367	1	1	0	0	1	17
V	20498243	20498995	2	2	0	6	0	17
V	20781506	20781631	1	1	0	1	0	12
V	20783223	20783737	1	1	0	2	0	17
V	20909360	20909406	2	2	0	1	0	14
X	59369	59469	1	1	0	0	2	15
X	309016	311162	2	2	0	1	0	12
X	339021	339068	2	2	0	1	0	16
X	421859	421911	1	1	0	1	0	12
X	1402803	1402850	1	1	0	0	1	17
X	2197486	2197529	2	2	0	1	0	12
X	2238500	2238548	1	1	0	1	0	13
X	2624810	2624859	2	2	0	1	0	17
X	2668284	2669401	1	1	0	1	0	12
X	2686721	2686772	2	2	0	1	0	12
X	2695189	2696060	1	1	0	1	0	12
X	2696139	2696189	1	1	0	1	0	16
X	2697371	2697418	1	1	0	1	0	18
X	2697635	2697855	1	1	0	1	0	12
X	2699508	2700451	2	2	0	1	0	16
X	3025158	3025535	1	1	0	1	0	15
X	3026223	3026271	1	1	0	1	0	14
X	3026643	3026693	1	1	0	1	0	15
X	3113033	3113081	2	2	0	1	1	13
X	3113033	3114447	2	2	0	0	1	13
X	3114399	3114447	2	2	0	0	1	13
X	3118626	3118677	2	2	0	1	0	13
X	3172069	3172116	2	2	0	1	0	16
X	3229145	3229190	2	2	0	1	0	16
X	3235021	3235069	2	2	0	1	0	16
X	3282844	3282888	1	1	0	1	0	12
X	3409160	3409207	2	2	0	1	0	15
X	3496732	3497182	1	1	0	2	0	15
X	3559341	3559389	2	2	0	0	1	14
X	3559341	3567953	2	2	0	0	1	14
X	3567905	3567953	2	2	0	0	1	14
X	3605051	3605098	2	2	0	1	0	16
X	3608457	3608511	2	2	0	1	0	14
X	3958963	3959017	1	1	0	1	0	18
X	4146643	4146760	1	1	0	1	0	16
X	4471021	4471132	1	1	0	1	0	15
X	4524882	4525146	1	1	0	1	0	12
X	4525954	4526003	1	1	0	1	0	14
X	4702859	4703263	2	2	0	1	0	16
X	4715594	4715650	1	1	0	1	0	17
X	4735921	4735970	1	1	0	1	0	13
X	4822756	4822802	1	1	0	1	0	15
X	4823712	4823757	1	1	0	1	0	13
X	4825242	4825809	1	1	0	1	0	15
X	4831784	4831828	1	1	0	1	0	13
X	4832282	4832330	1	1	0	1	0	12
X	4832495	4832542	1	1	0	1	0	18
X	4963770	4963824	1	1	0	5	1	18
X	4970748	4970802	2	2	0	1	0	12
X	4991501	4991550	1	1	0	1	0	15
X	5114321	5114373	2	2	0	1	0	14
X	5115373	5115555	2	2	0	1	0	14
X	5116339	5116798	2	2	0	1	0	12
X	5254529	5254579	1	1	0	3	0	12
X	5254900	5254950	1	1	0	1	0	16
X	5397842	5397898	2	2	0	1	0	13
X	5779454	5779919	2	2	0	1	0	12
X	5972435	5972500	2	2	0	1	0	17
X	6089970	6090072	2	2	0	1	0	12
X	6090819	6091056	2	2	0	1	0	15
X	6091531	6091576	2	2	0	2	0	17
X	6107872	6107958	2	2	0	1	0	12
X	6108444	6108488	2	2	0	1	0	18
X	6127708	6127766	2	2	0	1	0	14
X	6128008	6128071	2	2	0	1	0	18
X	6233598	6234069	2	2	0	1	0	13
X	6272354	6272400	1	1	0	1	0	14
X	6409128	6409199	2	2	0	3	0	15
X	6409407	6409457	2	2	0	1	0	18
X	6409836	6409901	2	2	0	1	0	14
X	6448773	6448824	2	2	0	1	0	15
X	6533648	6534344	2	2	0	3	0	18
X	6596980	6597036	2	2	0	1	0	12
X	6598154	6598199	2	2	0	1	0	13
X	6607255	6607303	1	1	0	1	0	13
X	6617759	6617825	2	2	0	1	0	14
X	6742640	6742688	1	1	0	1	0	17
X	6772945	6777937	2	2	0	1	0	15
X	6791607	6791657	1	1	0	2	0	17
X	6791763	6791815	1	1	0	3	0	17
X	6841897	6841943	1	1	0	1	0	17
X	6883010	6883054	2	2	0	1	0	13
X	7232301	7232355	2	2	0	2	0	13
X	7292477	7292843	1	1	0	1	0	17
X	7315161	7315202	2	2	0	2	0	17
X	7318503	7318602	2	2	0	1	0	15
X	7320153	7320200	2	2	0	3	0	18
X	7394627	7394669	1	1	0	1	0	17
X	7432023	7432845	1	1	0	1	0	13
X	7474812	7474867	2	2	0	1	0	15
X	7497490	7497537	2	2	0	1	0	12
X	7498734	7498789	2	2	0	1	0	16
X	7569304	7569419	2	2	0	1	0	17
X	7687366	7687409	2	2	0	1	0	15
X	7726136	7726184	1	1	0	2	0	13
X	7941544	7941603	2	2	0	1	0	17
X	8292073	8292125	1	1	0	1	0	12
X	8677327	8677406	1	1	0	1	0	14
X	8722009	8722053	2	2	0	4	0	14
X	8723422	8723519	2	2	0	1	0	17
X	8765028	8765074	1	1	0	1	0	16
X	8789606	8789656	1	1	0	1	0	13
X	8790151	8790205	1	1	0	1	0	15
X	8790336	8790382	1	1	0	2	0	16
X	9451848	9451890	2	2	0	1	0	16
X	9781739	9781910	2	2	0	1	0	17
X	9862307	9862360	2	2	0	1	0	17
X	9862454	9862822	2	2	0	1	0	16
X	10150263	10150307	1	1	0	1	0	17
X	10234746	10234796	2	2	0	1	0	12
X	10339551	10339641	2	2	0	2	0	13
X	10481532	10481574	1	1	0	1	0	13
X	10843031	10843295	2	2	0	1	0	17
X	10898191	10898243	2	2	0	1	0	15
X	10994314	10994493	1	1	0	1	0	13
X	11037519	11037592	1	1	0	1	0	16
X	11038707	11038754	1	1	0	1	0	13
X	11073913	11073957	1	1	0	1	0	17
X	11179463	11202164	1	1	0	0	1	12
X	11199534	11199582	1	1	0	8	0	16
X	11275252	11275304	1	1	0	1	0	12
X	11305498	11305587	2	2	0	1	0	15
X	11407422	11407493	2	2	0	2	0	14
X	11411676	11411724	2	2	0	1	0	14
X	11491433	11491479	2	2	0	1	0	13
X	11492928	11492975	2	2	0	1	0	17
X	11493296	11493344	2	2	0	1	0	15
X	11496869	11496913	2	2	0	1	0	18
X	11512800	11514690	2	2	0	1	0	14
X	11536934	11536978	1	1	0	1	0	13
X	11539414	11539462	1	1	0	1	0	13
X	11654409	11654453	2	2	0	1	0	12
X	12020139	12020205	1	1	0	1	0	17
X	12105083	12105139	1	1	0	2	0	16
X	12742693	12742752	1	1	0	1	0	15
X	12932945	12933341	2	2	0	1	0	16
X	13105901	13106130	1	1	0	1	0	16
X	13115956	13116023	1	1	0	1	0	17
X	13373591	13373677	2	2	0	1	0	14
X	13469605	13469650	1	1	0	5	0	17
X	13544236	13544282	1	1	0	1	0	16
X	13598540	13598628	1	1	0	1	0	12
X	13766224	13766571	2	2	0	1	0	13
X	13856593	13856770	1	1	0	1	0	17
X	14004421	14004468	2	2	0	1	0	17
X	14077236	14077280	2	2	0	1	0	14
X	14077338	14077572	2	2	0	1	0	17
X	14078566	14078611	2	2	0	2	0	16
X	14163857	14163909	2	2	0	1	0	15
X	14215821	14216454	1	1	0	1	0	16
X	14217427	14217470	1	1	0	2	0	15
X	14218546	14218592	1	1	0	1	0	16
X	14424156	14424656	2	2	0	1	0	15
X	14685013	14685960	1	1	0	1	0	18
X	14687587	14687633	1	1	0	1	0	18
X	14732571	14733250	1	1	0	1	0	17
X	14754887	14755007	1	1	0	1	0	17
X	15177235	15177750	1	1	0	1	0	13
X	15190262	15190323	1	1	0	1	0	15
X	15235320	15235395	2	2	0	1	0	13
X	15507278	15507323	2	2	0	1	0	12
X	15937690	15937744	2	2	0	1	0	15
X	16126164	16127274	2	2	0	1	0	12
X	16143553	16144206	2	2	0	1	0	16
X	16381637	16381718	2	2	0	1	0	17
X	16970594	16970813	1	1	0	1	0	12
X	17216610	17216673	2	2	0	1	0	12
X	17223309	17223899	1	1	0	1	0	17
X	17232956	17234034	1	1	0	1	0	16
X	17448573	17448846	1	1	0	1	0	12
X	17455994	17456046	2	2	0	0	4	14
X	17456196	17456249	2	2	0	1	1	17
X	17459627	17459674	1	1	0	2	0	15
X	17459808	17459861	1	1	0	0	1	13
X	17460011	17460063	1	1	0	0	4	14
X	17671160	17671205	1	1	0	1	0	16
