Sample	0	1	2	3	4	5	6	7	8	9	10	11	12	13	14	15	16	17	18	19	20	21	22	23	24	25	26	27
SRR27013147_Genome_Sequencing_of_Listeria_monocytogenes_SA_outbreak_2017_1	(30, 5472.0)	(40, 11267.0)	(50, 12395.0)	(60, 13066.0)	(70, 13027.0)	(80, 12989.0)	(90, 12803.0)	(100, 13042.0)	(110, 13196.0)	(120, 13265.0)	(130, 13665.0)	(140, 13905.0)	(150, 14818.0)	(160, 15609.0)	(170, 16304.0)	(180, 17761.0)	(190, 18769.0)	(200, 20310.0)	(210, 22053.0)	(220, 23536.0)	(230, 24954.0)	(240, 26182.0)	(250, 27468.0)	(260, 27705.0)	(270, 28139.0)	(280, 28290.0)	(290, 61064.0)	(300, 448195.0)
SRR27013147_Genome_Sequencing_of_Listeria_monocytogenes_SA_outbreak_2017_2	(30, 5446.0)	(40, 11238.0)	(50, 12372.0)	(60, 13031.0)	(70, 13004.0)	(80, 12953.0)	(90, 12768.0)	(100, 12978.0)	(110, 13125.0)	(120, 13214.0)	(130, 13593.0)	(140, 13820.0)	(150, 14691.0)	(160, 15472.0)	(170, 16105.0)	(180, 17485.0)	(190, 18346.0)	(200, 19680.0)	(210, 21308.0)	(220, 22460.0)	(230, 23668.0)	(240, 24527.0)	(250, 25501.0)	(260, 29830.0)	(270, 29350.0)	(280, 23667.0)	(290, 48506.0)	(300, 471111.0)
SRR27013245_Genome_Sequencing_of_Listeria_monocytogenes_SA_outbreak_2017_1	(30, 829.0)	(40, 1649.0)	(50, 1894.0)	(60, 2046.0)	(70, 2205.0)	(80, 2335.0)	(90, 2432.0)	(100, 2654.0)	(110, 2865.0)	(120, 3137.0)	(130, 3401.0)	(140, 3756.0)	(150, 4174.0)	(160, 4825.0)	(170, 5256.0)	(180, 5998.0)	(190, 6848.0)	(200, 7492.0)	(210, 8456.0)	(220, 9495.0)	(230, 10432.0)	(240, 11458.0)	(250, 12317.0)	(260, 13554.0)	(270, 14582.0)	(280, 15605.0)	(290, 47576.0)	(300, 421899.0)
SRR27013245_Genome_Sequencing_of_Listeria_monocytogenes_SA_outbreak_2017_2	(30, 819.0)	(40, 1644.0)	(50, 1883.0)	(60, 2041.0)	(70, 2205.0)	(80, 2333.0)	(90, 2432.0)	(100, 2650.0)	(110, 2855.0)	(120, 3118.0)	(130, 3396.0)	(140, 3752.0)	(150, 4153.0)	(160, 4773.0)	(170, 5201.0)	(180, 5946.0)	(190, 6750.0)	(200, 7370.0)	(210, 8288.0)	(220, 9232.0)	(230, 10074.0)	(240, 10940.0)	(250, 11605.0)	(260, 12623.0)	(270, 13279.0)	(280, 13956.0)	(290, 40259.0)	(300, 435593.0)
SRR27013246_Genome_Sequencing_of_Listeria_monocytogenes_SA_outbreak_2017_1	(30, 467.0)	(40, 852.0)	(50, 930.0)	(60, 1079.0)	(70, 1187.0)	(80, 1425.0)	(90, 1607.0)	(100, 1729.0)	(110, 1975.0)	(120, 2304.0)	(130, 2564.0)	(140, 2869.0)	(150, 3367.0)	(160, 3950.0)	(170, 4496.0)	(180, 5081.0)	(190, 5696.0)	(200, 6432.0)	(210, 7056.0)	(220, 7761.0)	(230, 8380.0)	(240, 9028.0)	(250, 9763.0)	(260, 10101.0)	(270, 10880.0)	(280, 11180.0)	(290, 36292.0)	(300, 333154.0)
SRR27013246_Genome_Sequencing_of_Listeria_monocytogenes_SA_outbreak_2017_2	(30, 450.0)	(40, 851.0)	(50, 933.0)	(60, 1071.0)	(70, 1180.0)	(80, 1422.0)	(90, 1605.0)	(100, 1724.0)	(110, 1966.0)	(120, 2294.0)	(130, 2555.0)	(140, 2863.0)	(150, 3365.0)	(160, 3927.0)	(170, 4473.0)	(180, 5060.0)	(190, 5649.0)	(200, 6366.0)	(210, 6942.0)	(220, 7627.0)	(230, 8206.0)	(240, 8785.0)	(250, 9457.0)	(260, 9654.0)	(270, 10288.0)	(280, 10493.0)	(290, 32730.0)	(300, 339669.0)
SRR27013247_Genome_Sequencing_of_Listeria_monocytogenes_SA_outbreak_2017_1	(30, 146.0)	(40, 298.0)	(50, 353.0)	(60, 441.0)	(70, 469.0)	(80, 551.0)	(90, 620.0)	(100, 696.0)	(110, 860.0)	(120, 1017.0)	(130, 1186.0)	(140, 1425.0)	(150, 1673.0)	(160, 1937.0)	(170, 2428.0)	(180, 2694.0)	(190, 3264.0)	(200, 3698.0)	(210, 4225.0)	(220, 4868.0)	(230, 5376.0)	(240, 5889.0)	(250, 6535.0)	(260, 7142.0)	(270, 7649.0)	(280, 8349.0)	(290, 31701.0)	(300, 312971.0)
SRR27013247_Genome_Sequencing_of_Listeria_monocytogenes_SA_outbreak_2017_2	(30, 137.0)	(40, 288.0)	(50, 347.0)	(60, 434.0)	(70, 465.0)	(80, 555.0)	(90, 615.0)	(100, 692.0)	(110, 864.0)	(120, 1018.0)	(130, 1179.0)	(140, 1424.0)	(150, 1669.0)	(160, 1928.0)	(170, 2411.0)	(180, 2677.0)	(190, 3232.0)	(200, 3651.0)	(210, 4170.0)	(220, 4788.0)	(230, 5248.0)	(240, 5722.0)	(250, 6276.0)	(260, 6827.0)	(270, 7188.0)	(280, 7828.0)	(290, 28746.0)	(300, 318082.0)
SRR27013248_Genome_Sequencing_of_Listeria_monocytogenes_SA_outbreak_2017_2	(30, 721.0)	(40, 1505.0)	(50, 1802.0)	(60, 1956.0)	(70, 2201.0)	(80, 2394.0)	(90, 2700.0)	(100, 3115.0)	(110, 3547.0)	(120, 3945.0)	(130, 4331.0)	(140, 5067.0)	(150, 5715.0)	(160, 6588.0)	(170, 7505.0)	(180, 8544.0)	(190, 9792.0)	(200, 10864.0)	(210, 12165.0)	(220, 13375.0)	(230, 14532.0)	(240, 15489.0)	(250, 16522.0)	(260, 17365.0)	(270, 17772.0)	(280, 18330.0)	(290, 40656.0)	(300, 356883.0)
SRR27013249_Genome_Sequencing_of_Listeria_monocytogenes_SA_outbreak_2017_1	(30, 761.0)	(40, 1504.0)	(50, 1703.0)	(60, 1964.0)	(70, 2037.0)	(80, 2366.0)	(90, 2560.0)	(100, 2694.0)	(110, 3067.0)	(120, 3352.0)	(130, 3876.0)	(140, 4274.0)	(150, 4775.0)	(160, 5249.0)	(170, 6086.0)	(180, 6773.0)	(190, 7528.0)	(200, 8407.0)	(210, 9374.0)	(220, 10244.0)	(230, 11021.0)	(240, 11795.0)	(250, 12814.0)	(260, 13328.0)	(270, 14057.0)	(280, 14719.0)	(290, 39129.0)	(300, 335185.0)
SRR27013249_Genome_Sequencing_of_Listeria_monocytogenes_SA_outbreak_2017_2	(30, 747.0)	(40, 1496.0)	(50, 1701.0)	(60, 1961.0)	(70, 2026.0)	(80, 2366.0)	(90, 2552.0)	(100, 2686.0)	(110, 3062.0)	(120, 3338.0)	(130, 3865.0)	(140, 4264.0)	(150, 4747.0)	(160, 5228.0)	(170, 6061.0)	(180, 6717.0)	(190, 7465.0)	(200, 8305.0)	(210, 9264.0)	(220, 10084.0)	(230, 10793.0)	(240, 11495.0)	(250, 12409.0)	(260, 12747.0)	(270, 13290.0)	(280, 13841.0)	(290, 35559.0)	(300, 342573.0)
SRR27013250_Genome_Sequencing_of_Listeria_monocytogenes_SA_outbreak_2017_1	(30, 634.0)	(40, 1493.0)	(50, 1757.0)	(60, 1905.0)	(70, 2180.0)	(80, 2446.0)	(90, 2719.0)	(100, 3092.0)	(110, 3481.0)	(120, 3993.0)	(130, 4544.0)	(140, 5100.0)	(150, 5816.0)	(160, 6800.0)	(170, 7676.0)	(180, 8818.0)	(190, 9971.0)	(200, 11237.0)	(210, 12589.0)	(220, 13823.0)	(230, 15374.0)	(240, 16576.0)	(250, 17593.0)	(260, 18824.0)	(270, 19746.0)	(280, 20258.0)	(290, 51181.0)	(300, 425103.0)
SRR27013250_Genome_Sequencing_of_Listeria_monocytogenes_SA_outbreak_2017_2	(30, 616.0)	(40, 1487.0)	(50, 1755.0)	(60, 1902.0)	(70, 2173.0)	(80, 2445.0)	(90, 2715.0)	(100, 3078.0)	(110, 3475.0)	(120, 3981.0)	(130, 4526.0)	(140, 5086.0)	(150, 5799.0)	(160, 6787.0)	(170, 7650.0)	(180, 8777.0)	(190, 9904.0)	(200, 11139.0)	(210, 12458.0)	(220, 13613.0)	(230, 15151.0)	(240, 16244.0)	(250, 17138.0)	(260, 18183.0)	(270, 18823.0)	(280, 19159.0)	(290, 46964.0)	(300, 433701.0)
SRR27013251_Genome_Sequencing_of_Listeria_monocytogenes_SA_outbreak_2017_1	(30, 186.0)	(40, 450.0)	(50, 528.0)	(60, 600.0)	(70, 638.0)	(80, 744.0)	(90, 870.0)	(100, 1016.0)	(110, 1137.0)	(120, 1321.0)	(130, 1551.0)	(140, 1822.0)	(150, 2097.0)	(160, 2573.0)	(170, 3027.0)	(180, 3719.0)	(190, 4154.0)	(200, 4781.0)	(210, 5435.0)	(220, 6227.0)	(230, 6812.0)	(240, 7636.0)	(250, 8508.0)	(260, 9229.0)	(270, 9785.0)	(280, 10529.0)	(290, 36017.0)	(300, 366314.0)
SRR27013251_Genome_Sequencing_of_Listeria_monocytogenes_SA_outbreak_2017_2	(30, 180.0)	(40, 448.0)	(50, 525.0)	(60, 599.0)	(70, 638.0)	(80, 738.0)	(90, 863.0)	(100, 1011.0)	(110, 1133.0)	(120, 1312.0)	(130, 1544.0)	(140, 1812.0)	(150, 2077.0)	(160, 2552.0)	(170, 3003.0)	(180, 3672.0)	(190, 4091.0)	(200, 4699.0)	(210, 5330.0)	(220, 6034.0)	(230, 6546.0)	(240, 7316.0)	(250, 8052.0)	(260, 8671.0)	(270, 8981.0)	(280, 9583.0)	(290, 32147.0)	(300, 374149.0)
SRR27013252_Genome_Sequencing_of_Listeria_monocytogenes_SA_outbreak_2017_1	(30, 626.0)	(40, 1330.0)	(50, 1499.0)	(60, 1730.0)	(70, 1919.0)	(80, 2168.0)	(90, 2445.0)	(100, 2622.0)	(110, 3132.0)	(120, 3390.0)	(130, 3877.0)	(140, 4537.0)	(150, 5240.0)	(160, 5840.0)	(170, 6583.0)	(180, 7318.0)	(190, 8312.0)	(200, 9138.0)	(210, 9815.0)	(220, 10670.0)	(230, 11400.0)	(240, 12090.0)	(250, 12845.0)	(260, 13407.0)	(270, 13756.0)	(280, 14253.0)	(290, 40287.0)	(300, 351791.0)
SRR27013252_Genome_Sequencing_of_Listeria_monocytogenes_SA_outbreak_2017_2	(30, 622.0)	(40, 1323.0)	(50, 1498.0)	(60, 1723.0)	(70, 1916.0)	(80, 2167.0)	(90, 2438.0)	(100, 2619.0)	(110, 3127.0)	(120, 3385.0)	(130, 3876.0)	(140, 4518.0)	(150, 5227.0)	(160, 5825.0)	(170, 6574.0)	(180, 7280.0)	(190, 8253.0)	(200, 9058.0)	(210, 9712.0)	(220, 10511.0)	(230, 11211.0)	(240, 11833.0)	(250, 12476.0)	(260, 12911.0)	(270, 13130.0)	(280, 13541.0)	(290, 36309.0)	(300, 358957.0)
SRR27013253_Genome_Sequencing_of_Listeria_monocytogenes_SA_outbreak_2017_2	(30, 245.0)	(40, 521.0)	(50, 525.0)	(60, 594.0)	(70, 702.0)	(80, 770.0)	(90, 898.0)	(100, 981.0)	(110, 1110.0)	(120, 1237.0)	(130, 1497.0)	(140, 1700.0)	(150, 2028.0)	(160, 2449.0)	(170, 2827.0)	(180, 3319.0)	(190, 3973.0)	(200, 4354.0)	(210, 5144.0)	(220, 5833.0)	(230, 6556.0)	(240, 7317.0)	(250, 7829.0)	(260, 8621.0)	(270, 9273.0)	(280, 9729.0)	(290, 35080.0)	(300, 380387.0)
SRR27013254_Genome_Sequencing_of_Listeria_monocytogenes_SA_outbreak_2017_1	(30, 783.0)	(40, 1534.0)	(50, 1928.0)	(60, 2088.0)	(70, 2200.0)	(80, 2421.0)	(90, 2582.0)	(100, 2910.0)	(110, 3219.0)	(120, 3543.0)	(130, 4067.0)	(140, 4537.0)	(150, 5132.0)	(160, 5987.0)	(170, 6822.0)	(180, 7706.0)	(190, 8597.0)	(200, 9955.0)	(210, 10866.0)	(220, 12041.0)	(230, 13178.0)	(240, 14343.0)	(250, 15337.0)	(260, 16503.0)	(270, 17257.0)	(280, 17948.0)	(290, 44454.0)	(300, 359704.0)
SRR27013254_Genome_Sequencing_of_Listeria_monocytogenes_SA_outbreak_2017_2	(30, 776.0)	(40, 1539.0)	(50, 1928.0)	(60, 2091.0)	(70, 2193.0)	(80, 2433.0)	(90, 2577.0)	(100, 2914.0)	(110, 3209.0)	(120, 3519.0)	(130, 4041.0)	(140, 4492.0)	(150, 5092.0)	(160, 5916.0)	(170, 6727.0)	(180, 7587.0)	(190, 8446.0)	(200, 9728.0)	(210, 10595.0)	(220, 11637.0)	(230, 12618.0)	(240, 13585.0)	(250, 14239.0)	(260, 15094.0)	(270, 15450.0)	(280, 15777.0)	(290, 38884.0)	(300, 374555.0)
SRR27013255_Genome_Sequencing_of_Listeria_monocytogenes_SA_outbreak_2017_1	(30, 3236.0)	(40, 6924.0)	(50, 7833.0)	(60, 8298.0)	(70, 8489.0)	(80, 8608.0)	(90, 8565.0)	(100, 8514.0)	(110, 8541.0)	(120, 8558.0)	(130, 8357.0)	(140, 8362.0)	(150, 8736.0)	(160, 8629.0)	(170, 8965.0)	(180, 9390.0)	(190, 9958.0)	(200, 10557.0)	(210, 10800.0)	(220, 11746.0)	(230, 12308.0)	(240, 12903.0)	(250, 13357.0)	(260, 13750.0)	(270, 13983.0)	(280, 13751.0)	(290, 36643.0)	(300, 278985.0)
SRR27013255_Genome_Sequencing_of_Listeria_monocytogenes_SA_outbreak_2017_2	(30, 3197.0)	(40, 6860.0)	(50, 7751.0)	(60, 8171.0)	(70, 8381.0)	(80, 8483.0)	(90, 8416.0)	(100, 8328.0)	(110, 8345.0)	(120, 8327.0)	(130, 8106.0)	(140, 8039.0)	(150, 8340.0)	(160, 8150.0)	(170, 8398.0)	(180, 8717.0)	(190, 9080.0)	(200, 9452.0)	(210, 9310.0)	(220, 9929.0)	(230, 10062.0)	(240, 10108.0)	(250, 9828.0)	(260, 9168.0)	(270, 8352.0)	(280, 7762.0)	(290, 18112.0)	(300, 331574.0)
SRR27013256_Genome_Sequencing_of_Listeria_monocytogenes_SA_outbreak_2017_1	(30, 818.0)	(40, 1806.0)	(50, 2232.0)	(60, 2377.0)	(70, 2515.0)	(80, 2883.0)	(90, 2986.0)	(100, 3335.0)	(110, 3746.0)	(120, 3996.0)	(130, 4612.0)	(140, 5151.0)	(150, 5874.0)	(160, 6424.0)	(170, 7400.0)	(180, 8404.0)	(190, 9448.0)	(200, 10697.0)	(210, 11628.0)	(220, 12641.0)	(230, 13704.0)	(240, 14792.0)	(250, 15827.0)	(260, 16638.0)	(270, 17226.0)	(280, 17540.0)	(290, 43109.0)	(300, 344304.0)
SRR27013257_Genome_Sequencing_of_Listeria_monocytogenes_SA_outbreak_2017_1	(30, 233.0)	(40, 537.0)	(50, 576.0)	(60, 668.0)	(70, 797.0)	(80, 851.0)	(90, 963.0)	(100, 1136.0)	(110, 1328.0)	(120, 1409.0)	(130, 1807.0)	(140, 2068.0)	(150, 2575.0)	(160, 2947.0)	(170, 3674.0)	(180, 4334.0)	(190, 5220.0)	(200, 6051.0)	(210, 7113.0)	(220, 8066.0)	(230, 8978.0)	(240, 10265.0)	(250, 11251.0)	(260, 12361.0)	(270, 13076.0)	(280, 13854.0)	(290, 39399.0)	(300, 347105.0)
SRR27013258_Genome_Sequencing_of_Listeria_monocytogenes_SA_outbreak_2017_1	(30, 362.0)	(40, 839.0)	(50, 1037.0)	(60, 1100.0)	(70, 1293.0)	(80, 1398.0)	(90, 1555.0)	(100, 1734.0)	(110, 2053.0)	(120, 2273.0)	(130, 2573.0)	(140, 2978.0)	(150, 3482.0)	(160, 4065.0)	(170, 4835.0)	(180, 5480.0)	(190, 6287.0)	(200, 7362.0)	(210, 8213.0)	(220, 9491.0)	(230, 10437.0)	(240, 11281.0)	(250, 12080.0)	(260, 13239.0)	(270, 13718.0)	(280, 14663.0)	(290, 39091.0)	(300, 334076.0)
SRR27013258_Genome_Sequencing_of_Listeria_monocytogenes_SA_outbreak_2017_2	(30, 371.0)	(40, 843.0)	(50, 1034.0)	(60, 1093.0)	(70, 1294.0)	(80, 1392.0)	(90, 1541.0)	(100, 1717.0)	(110, 2039.0)	(120, 2265.0)	(130, 2569.0)	(140, 2966.0)	(150, 3436.0)	(160, 4024.0)	(170, 4766.0)	(180, 5389.0)	(190, 6186.0)	(200, 7210.0)	(210, 7969.0)	(220, 9197.0)	(230, 9984.0)	(240, 10711.0)	(250, 11372.0)	(260, 12269.0)	(270, 12623.0)	(280, 13436.0)	(290, 37925.0)	(300, 341374.0)
SRR27013259_Genome_Sequencing_of_Listeria_monocytogenes_SA_outbreak_2017_1	(30, 200.0)	(40, 448.0)	(50, 577.0)	(60, 630.0)	(70, 643.0)	(80, 809.0)	(90, 929.0)	(100, 986.0)	(110, 1163.0)	(120, 1339.0)	(130, 1614.0)	(140, 2042.0)	(150, 2483.0)	(160, 2977.0)	(170, 3552.0)	(180, 4391.0)	(190, 5145.0)	(200, 6139.0)	(210, 7102.0)	(220, 8529.0)	(230, 9477.0)	(240, 10366.0)	(250, 11656.0)	(260, 12563.0)	(270, 13570.0)	(280, 14195.0)	(290, 39527.0)	(300, 346883.0)
SRR27013259_Genome_Sequencing_of_Listeria_monocytogenes_SA_outbreak_2017_2	(30, 210.0)	(40, 438.0)	(50, 575.0)	(60, 627.0)	(70, 639.0)	(80, 804.0)	(90, 902.0)	(100, 973.0)	(110, 1125.0)	(120, 1308.0)	(130, 1593.0)	(140, 1999.0)	(150, 2421.0)	(160, 2907.0)	(170, 3461.0)	(180, 4244.0)	(190, 4932.0)	(200, 5857.0)	(210, 6773.0)	(220, 8048.0)	(230, 8891.0)	(240, 9575.0)	(250, 10628.0)	(260, 11258.0)	(270, 12071.0)	(280, 12546.0)	(290, 38382.0)	(300, 356748.0)
SRR27013260_Genome_Sequencing_of_Listeria_monocytogenes_SA_outbreak_2017_1	(30, 551.0)	(40, 1275.0)	(50, 1433.0)	(60, 1669.0)	(70, 1779.0)	(80, 1858.0)	(90, 2082.0)	(100, 2364.0)	(110, 2660.0)	(120, 2879.0)	(130, 3344.0)	(140, 3923.0)	(150, 4405.0)	(160, 5132.0)	(170, 6080.0)	(180, 6904.0)	(190, 7953.0)	(200, 9180.0)	(210, 10337.0)	(220, 11582.0)	(230, 12830.0)	(240, 13945.0)	(250, 14939.0)	(260, 16021.0)	(270, 16825.0)	(280, 17490.0)	(290, 46358.0)	(300, 397928.0)
SRR27013260_Genome_Sequencing_of_Listeria_monocytogenes_SA_outbreak_2017_2	(30, 561.0)	(40, 1276.0)	(50, 1433.0)	(60, 1656.0)	(70, 1759.0)	(80, 1844.0)	(90, 2078.0)	(100, 2344.0)	(110, 2637.0)	(120, 2860.0)	(130, 3336.0)	(140, 3895.0)	(150, 4365.0)	(160, 5063.0)	(170, 5959.0)	(180, 6777.0)	(190, 7800.0)	(200, 8939.0)	(210, 10017.0)	(220, 11175.0)	(230, 12232.0)	(240, 13159.0)	(250, 14027.0)	(260, 14829.0)	(270, 15403.0)	(280, 16029.0)	(290, 44886.0)	(300, 407387.0)
SRR27013261_Genome_Sequencing_of_Listeria_monocytogenes_SA_outbreak_2017_1	(30, 3577.0)	(40, 7538.0)	(50, 8423.0)	(60, 8755.0)	(70, 8636.0)	(80, 8677.0)	(90, 8671.0)	(100, 8871.0)	(110, 8764.0)	(120, 8808.0)	(130, 9031.0)	(140, 9170.0)	(150, 9674.0)	(160, 9994.0)	(170, 10554.0)	(180, 11026.0)	(190, 11838.0)	(200, 12775.0)	(210, 13452.0)	(220, 14538.0)	(230, 15224.0)	(240, 16106.0)	(250, 16888.0)	(260, 17459.0)	(270, 18145.0)	(280, 18470.0)	(290, 40296.0)	(300, 302054.0)
SRR27013261_Genome_Sequencing_of_Listeria_monocytogenes_SA_outbreak_2017_2	(30, 3568.0)	(40, 7523.0)	(50, 8416.0)	(60, 8763.0)	(70, 8639.0)	(80, 8674.0)	(90, 8659.0)	(100, 8845.0)	(110, 8710.0)	(120, 8784.0)	(130, 8957.0)	(140, 9076.0)	(150, 9581.0)	(160, 9883.0)	(170, 10408.0)	(180, 10829.0)	(190, 11581.0)	(200, 12480.0)	(210, 13097.0)	(220, 14043.0)	(230, 14504.0)	(240, 15221.0)	(250, 15771.0)	(260, 15967.0)	(270, 16352.0)	(280, 15893.0)	(290, 25967.0)	(300, 327223.0)
SRR27013262_Genome_Sequencing_of_Listeria_monocytogenes_SA_outbreak_2017_1	(30, 422.0)	(40, 1108.0)	(50, 1321.0)	(60, 1477.0)	(70, 1676.0)	(80, 1874.0)	(90, 2067.0)	(100, 2298.0)	(110, 2701.0)	(120, 3125.0)	(130, 3622.0)	(140, 4122.0)	(150, 4956.0)	(160, 5673.0)	(170, 6576.0)	(180, 7714.0)	(190, 8608.0)	(200, 10002.0)	(210, 11367.0)	(220, 12532.0)	(230, 13889.0)	(240, 15253.0)	(250, 16195.0)	(260, 17515.0)	(270, 18050.0)	(280, 19168.0)	(290, 48740.0)	(300, 402245.0)
SRR27013262_Genome_Sequencing_of_Listeria_monocytogenes_SA_outbreak_2017_2	(30, 445.0)	(40, 1109.0)	(50, 1316.0)	(60, 1483.0)	(70, 1670.0)	(80, 1886.0)	(90, 2056.0)	(100, 2311.0)	(110, 2675.0)	(120, 3115.0)	(130, 3620.0)	(140, 4116.0)	(150, 4914.0)	(160, 5608.0)	(170, 6489.0)	(180, 7621.0)	(190, 8496.0)	(200, 9859.0)	(210, 11118.0)	(220, 12117.0)	(230, 13321.0)	(240, 14556.0)	(250, 15297.0)	(260, 16343.0)	(270, 16745.0)	(280, 17643.0)	(290, 46959.0)	(300, 411408.0)
SRR27013263_Genome_Sequencing_of_Listeria_monocytogenes_SA_outbreak_2017_2	(30, 3171.0)	(40, 6682.0)	(50, 7468.0)	(60, 7797.0)	(70, 7843.0)	(80, 7874.0)	(90, 7886.0)	(100, 7919.0)	(110, 7959.0)	(120, 8255.0)	(130, 8432.0)	(140, 8613.0)	(150, 9270.0)	(160, 9875.0)	(170, 10258.0)	(180, 11132.0)	(190, 12170.0)	(200, 13172.0)	(210, 14002.0)	(220, 15217.0)	(230, 15993.0)	(240, 16786.0)	(250, 17567.0)	(260, 18196.0)	(270, 18451.0)	(280, 17691.0)	(290, 28905.0)	(300, 357769.0)
SRR27013264_Genome_Sequencing_of_Listeria_monocytogenes_SA_outbreak_2017_1	(30, 2919.0)	(40, 6793.0)	(50, 7800.0)	(60, 8271.0)	(70, 8517.0)	(80, 8585.0)	(90, 8501.0)	(100, 8667.0)	(110, 8644.0)	(120, 8921.0)	(130, 8994.0)	(140, 9371.0)	(150, 9713.0)	(160, 10108.0)	(170, 10811.0)	(180, 11749.0)	(190, 12382.0)	(200, 13467.0)	(210, 14458.0)	(220, 15281.0)	(230, 16632.0)	(240, 17841.0)	(250, 18671.0)	(260, 19478.0)	(270, 19687.0)	(280, 20259.0)	(290, 46804.0)	(300, 362826.0)
SRR27013264_Genome_Sequencing_of_Listeria_monocytogenes_SA_outbreak_2017_2	(30, 2884.0)	(40, 6724.0)	(50, 7753.0)	(60, 8229.0)	(70, 8467.0)	(80, 8509.0)	(90, 8400.0)	(100, 8539.0)	(110, 8523.0)	(120, 8760.0)	(130, 8880.0)	(140, 9222.0)	(150, 9479.0)	(160, 9897.0)	(170, 10527.0)	(180, 11390.0)	(190, 12029.0)	(200, 12987.0)	(210, 13846.0)	(220, 14334.0)	(230, 15602.0)	(240, 16565.0)	(250, 17000.0)	(260, 17531.0)	(270, 17531.0)	(280, 17950.0)	(290, 45359.0)	(300, 379233.0)
SRR27013265_Genome_Sequencing_of_Listeria_monocytogenes_SA_outbreak_2017_1	(30, 5883.0)	(40, 12248.0)	(50, 13770.0)	(60, 14507.0)	(70, 15242.0)	(80, 15316.0)	(90, 16135.0)	(100, 16577.0)	(110, 17647.0)	(120, 18309.0)	(130, 19490.0)	(140, 20455.0)	(150, 21877.0)	(160, 23514.0)	(170, 24311.0)	(180, 25606.0)	(190, 27046.0)	(200, 27976.0)	(210, 28849.0)	(220, 30015.0)	(230, 30306.0)	(240, 30574.0)	(250, 30617.0)	(260, 30339.0)	(270, 30254.0)	(280, 30198.0)	(290, 63179.0)	(300, 463075.0)
SRR27013265_Genome_Sequencing_of_Listeria_monocytogenes_SA_outbreak_2017_2	(30, 5841.0)	(40, 12184.0)	(50, 13704.0)	(60, 14447.0)	(70, 15173.0)	(80, 15213.0)	(90, 16038.0)	(100, 16479.0)	(110, 17535.0)	(120, 18185.0)	(130, 19358.0)	(140, 20251.0)	(150, 21589.0)	(160, 23226.0)	(170, 23933.0)	(180, 25084.0)	(190, 26277.0)	(200, 26958.0)	(210, 27535.0)	(220, 28340.0)	(230, 28295.0)	(240, 28176.0)	(250, 27968.0)	(260, 31824.0)	(270, 30959.0)	(280, 24392.0)	(290, 50481.0)	(300, 493870.0)
SRR27013266_Genome_Sequencing_of_Listeria_monocytogenes_SA_outbreak_2017_2	(30, 4422.0)	(40, 8784.0)	(50, 9770.0)	(60, 10373.0)	(70, 10579.0)	(80, 10661.0)	(90, 10757.0)	(100, 10782.0)	(110, 10938.0)	(120, 10861.0)	(130, 11451.0)	(140, 11964.0)	(150, 12534.0)	(160, 12995.0)	(170, 14137.0)	(180, 14719.0)	(190, 15768.0)	(200, 16939.0)	(210, 17947.0)	(220, 18566.0)	(230, 19490.0)	(240, 20567.0)	(250, 21180.0)	(260, 25572.0)	(270, 25985.0)	(280, 19965.0)	(290, 46555.0)	(300, 489820.0)
SRR27013267_Genome_Sequencing_of_Listeria_monocytogenes_SA_outbreak_2017_1	(30, 3319.0)	(40, 6949.0)	(50, 7980.0)	(60, 8822.0)	(70, 9062.0)	(80, 9429.0)	(90, 9943.0)	(100, 10296.0)	(110, 10994.0)	(120, 11815.0)	(130, 12767.0)	(140, 13705.0)	(150, 15007.0)	(160, 16164.0)	(170, 17850.0)	(180, 18638.0)	(190, 20210.0)	(200, 21696.0)	(210, 22994.0)	(220, 23656.0)	(230, 25046.0)	(240, 25618.0)	(250, 26519.0)	(260, 26554.0)	(270, 26642.0)	(280, 26380.0)	(290, 51413.0)	(300, 353582.0)
SRR27013267_Genome_Sequencing_of_Listeria_monocytogenes_SA_outbreak_2017_2	(30, 3328.0)	(40, 6966.0)	(50, 8042.0)	(60, 8849.0)	(70, 9105.0)	(80, 9447.0)	(90, 9967.0)	(100, 10344.0)	(110, 11042.0)	(120, 11856.0)	(130, 12806.0)	(140, 13737.0)	(150, 15053.0)	(160, 16197.0)	(170, 17860.0)	(180, 18598.0)	(190, 20116.0)	(200, 21529.0)	(210, 22669.0)	(220, 23187.0)	(230, 24353.0)	(240, 24678.0)	(250, 25168.0)	(260, 24661.0)	(270, 24275.0)	(280, 23589.0)	(290, 42810.0)	(300, 372818.0)
SRR27013268_Genome_Sequencing_of_Listeria_monocytogenes_SA_outbreak_2017_1	(30, 12279.0)	(40, 25682.0)	(50, 29396.0)	(60, 30543.0)	(70, 31164.0)	(80, 31403.0)	(90, 31267.0)	(100, 31531.0)	(110, 31454.0)	(120, 31583.0)	(130, 31720.0)	(140, 31985.0)	(150, 32413.0)	(160, 33248.0)	(170, 33982.0)	(180, 34707.0)	(190, 35866.0)	(200, 36572.0)	(210, 37725.0)	(220, 38379.0)	(230, 38683.0)	(240, 39047.0)	(250, 38888.0)	(260, 37544.0)	(270, 37012.0)	(280, 36235.0)	(290, 65141.0)	(300, 423479.0)
SRR27013268_Genome_Sequencing_of_Listeria_monocytogenes_SA_outbreak_2017_2	(30, 12258.0)	(40, 25618.0)	(50, 29328.0)	(60, 30455.0)	(70, 31084.0)	(80, 31326.0)	(90, 31116.0)	(100, 31393.0)	(110, 31293.0)	(120, 31300.0)	(130, 31480.0)	(140, 31681.0)	(150, 32048.0)	(160, 32809.0)	(170, 33378.0)	(180, 33891.0)	(190, 34750.0)	(200, 35229.0)	(210, 36001.0)	(220, 36214.0)	(230, 36027.0)	(240, 35911.0)	(250, 35414.0)	(260, 37958.0)	(270, 36445.0)	(280, 29295.0)	(290, 52086.0)	(300, 463140.0)
SRR27013269_Genome_Sequencing_of_Listeria_monocytogenes_SA_outbreak_2017_1	(30, 3668.0)	(40, 7739.0)	(50, 9120.0)	(60, 9274.0)	(70, 9678.0)	(80, 9909.0)	(90, 9653.0)	(100, 9764.0)	(110, 9870.0)	(120, 10156.0)	(130, 10220.0)	(140, 10622.0)	(150, 10984.0)	(160, 11598.0)	(170, 12543.0)	(180, 13391.0)	(190, 14614.0)	(200, 15618.0)	(210, 16451.0)	(220, 17849.0)	(230, 19068.0)	(240, 20271.0)	(250, 20760.0)	(260, 21520.0)	(270, 22341.0)	(280, 22851.0)	(290, 50609.0)	(300, 381274.0)
SRR27013269_Genome_Sequencing_of_Listeria_monocytogenes_SA_outbreak_2017_2	(30, 3657.0)	(40, 7726.0)	(50, 9111.0)	(60, 9222.0)	(70, 9643.0)	(80, 9875.0)	(90, 9618.0)	(100, 9726.0)	(110, 9800.0)	(120, 10090.0)	(130, 10147.0)	(140, 10525.0)	(150, 10856.0)	(160, 11452.0)	(170, 12336.0)	(180, 13106.0)	(190, 14217.0)	(200, 15032.0)	(210, 15697.0)	(220, 16864.0)	(230, 17768.0)	(240, 18623.0)	(250, 19010.0)	(260, 23146.0)	(270, 22934.0)	(280, 18539.0)	(290, 40327.0)	(300, 402368.0)
SRR27013270_Genome_Sequencing_of_Listeria_monocytogenes_SA_outbreak_2017_1	(30, 289.0)	(40, 503.0)	(50, 556.0)	(60, 678.0)	(70, 788.0)	(80, 869.0)	(90, 1000.0)	(100, 1125.0)	(110, 1275.0)	(120, 1496.0)	(130, 1719.0)	(140, 2049.0)	(150, 2343.0)	(160, 2866.0)	(170, 3313.0)	(180, 3847.0)	(190, 4538.0)	(200, 5224.0)	(210, 5914.0)	(220, 6630.0)	(230, 7360.0)	(240, 8141.0)	(250, 8622.0)	(260, 9242.0)	(270, 9780.0)	(280, 10269.0)	(290, 30809.0)	(300, 283981.0)
SRR27013270_Genome_Sequencing_of_Listeria_monocytogenes_SA_outbreak_2017_2	(30, 272.0)	(40, 493.0)	(50, 546.0)	(60, 667.0)	(70, 786.0)	(80, 859.0)	(90, 982.0)	(100, 1110.0)	(110, 1262.0)	(120, 1459.0)	(130, 1685.0)	(140, 1974.0)	(150, 2272.0)	(160, 2765.0)	(170, 3180.0)	(180, 3640.0)	(190, 4238.0)	(200, 4752.0)	(210, 5258.0)	(220, 5688.0)	(230, 6113.0)	(240, 6483.0)	(250, 6476.0)	(260, 6328.0)	(270, 6194.0)	(280, 5958.0)	(290, 20505.0)	(300, 313281.0)
SRR27013271_Genome_Sequencing_of_Listeria_monocytogenes_SA_outbreak_2017_1	(30, 4082.0)	(40, 9008.0)	(50, 10454.0)	(60, 10872.0)	(70, 11065.0)	(80, 11219.0)	(90, 11249.0)	(100, 11227.0)	(110, 11475.0)	(120, 11776.0)	(130, 11977.0)	(140, 12484.0)	(150, 13048.0)	(160, 13926.0)	(170, 14480.0)	(180, 15341.0)	(190, 16556.0)	(200, 17595.0)	(210, 18586.0)	(220, 19781.0)	(230, 20780.0)	(240, 21768.0)	(250, 22630.0)	(260, 22712.0)	(270, 22914.0)	(280, 23623.0)	(290, 47868.0)	(300, 346358.0)
SRR27013271_Genome_Sequencing_of_Listeria_monocytogenes_SA_outbreak_2017_2	(30, 4045.0)	(40, 8951.0)	(50, 10405.0)	(60, 10800.0)	(70, 11012.0)	(80, 11149.0)	(90, 11164.0)	(100, 11118.0)	(110, 11364.0)	(120, 11665.0)	(130, 11813.0)	(140, 12299.0)	(150, 12793.0)	(160, 13665.0)	(170, 14150.0)	(180, 14853.0)	(190, 15909.0)	(200, 16747.0)	(210, 17511.0)	(220, 18420.0)	(230, 19034.0)	(240, 19619.0)	(250, 20259.0)	(260, 23476.0)	(270, 22884.0)	(280, 18608.0)	(290, 38174.0)	(300, 372967.0)
SRR27013272_Genome_Sequencing_of_Listeria_monocytogenes_SA_outbreak_2017_1	(30, 4613.0)	(40, 9250.0)	(50, 10051.0)	(60, 10375.0)	(70, 10391.0)	(80, 9922.0)	(90, 9735.0)	(100, 9585.0)	(110, 9638.0)	(120, 9536.0)	(130, 9667.0)	(140, 9977.0)	(150, 10497.0)	(160, 10679.0)	(170, 11359.0)	(180, 12181.0)	(190, 12854.0)	(200, 13958.0)	(210, 15161.0)	(220, 16265.0)	(230, 17190.0)	(240, 17983.0)	(250, 18589.0)	(260, 19107.0)	(270, 19514.0)	(280, 19392.0)	(290, 40534.0)	(300, 297413.0)
SRR27013272_Genome_Sequencing_of_Listeria_monocytogenes_SA_outbreak_2017_2	(30, 4589.0)	(40, 9234.0)	(50, 10050.0)	(60, 10364.0)	(70, 10381.0)	(80, 9918.0)	(90, 9711.0)	(100, 9534.0)	(110, 9553.0)	(120, 9484.0)	(130, 9603.0)	(140, 9902.0)	(150, 10396.0)	(160, 10524.0)	(170, 11147.0)	(180, 11988.0)	(190, 12607.0)	(200, 13564.0)	(210, 14613.0)	(220, 15508.0)	(230, 16240.0)	(240, 16814.0)	(250, 17040.0)	(260, 17280.0)	(270, 17174.0)	(280, 16538.0)	(290, 30231.0)	(300, 321429.0)
SRR27013273_Genome_Sequencing_of_Listeria_monocytogenes_SA_outbreak_2017_2	(30, 2517.0)	(40, 5751.0)	(50, 6672.0)	(60, 6911.0)	(70, 7309.0)	(80, 7646.0)	(90, 8100.0)	(100, 8414.0)	(110, 8687.0)	(120, 9344.0)	(130, 10078.0)	(140, 10647.0)	(150, 11614.0)	(160, 12748.0)	(170, 13908.0)	(180, 14738.0)	(190, 16051.0)	(200, 17508.0)	(210, 19008.0)	(220, 20512.0)	(230, 21353.0)	(240, 22454.0)	(250, 23309.0)	(260, 28543.0)	(270, 28699.0)	(280, 23008.0)	(290, 50626.0)	(300, 524414.0)
SRR27013274_Genome_Sequencing_of_Listeria_monocytogenes_SA_outbreak_2017_1	(30, 6750.0)	(40, 14257.0)	(50, 16389.0)	(60, 16877.0)	(70, 17065.0)	(80, 16930.0)	(90, 17415.0)	(100, 17012.0)	(110, 17100.0)	(120, 17296.0)	(130, 17745.0)	(140, 17961.0)	(150, 18498.0)	(160, 19418.0)	(170, 20319.0)	(180, 20930.0)	(190, 22006.0)	(200, 23411.0)	(210, 24661.0)	(220, 26041.0)	(230, 27088.0)	(240, 28459.0)	(250, 29026.0)	(260, 29887.0)	(270, 29815.0)	(280, 29448.0)	(290, 55747.0)	(300, 374460.0)
SRR27013274_Genome_Sequencing_of_Listeria_monocytogenes_SA_outbreak_2017_2	(30, 6722.0)	(40, 14224.0)	(50, 16361.0)	(60, 16874.0)	(70, 16993.0)	(80, 16861.0)	(90, 17313.0)	(100, 16915.0)	(110, 16965.0)	(120, 17142.0)	(130, 17536.0)	(140, 17669.0)	(150, 18154.0)	(160, 19042.0)	(170, 19821.0)	(180, 20293.0)	(190, 21228.0)	(200, 22366.0)	(210, 23324.0)	(220, 24320.0)	(230, 24834.0)	(240, 25600.0)	(250, 25464.0)	(260, 25575.0)	(270, 24436.0)	(280, 22602.0)	(290, 34613.0)	(300, 428764.0)
SRR27013275_Genome_Sequencing_of_Listeria_monocytogenes_SA_outbreak_2017_1	(30, 7284.0)	(40, 15719.0)	(50, 18248.0)	(60, 18735.0)	(70, 19284.0)	(80, 19380.0)	(90, 19149.0)	(100, 19415.0)	(110, 19440.0)	(120, 19563.0)	(130, 19591.0)	(140, 20087.0)	(150, 20902.0)	(160, 21454.0)	(170, 21888.0)	(180, 22692.0)	(190, 24202.0)	(200, 24995.0)	(210, 26418.0)	(220, 27592.0)	(230, 29021.0)	(240, 30001.0)	(250, 30640.0)	(260, 31130.0)	(270, 31446.0)	(280, 31104.0)	(290, 60158.0)	(300, 403639.0)
SRR27013275_Genome_Sequencing_of_Listeria_monocytogenes_SA_outbreak_2017_2	(30, 7259.0)	(40, 15674.0)	(50, 18235.0)	(60, 18749.0)	(70, 19271.0)	(80, 19393.0)	(90, 19146.0)	(100, 19373.0)	(110, 19403.0)	(120, 19531.0)	(130, 19532.0)	(140, 19977.0)	(150, 20634.0)	(160, 21206.0)	(170, 21642.0)	(180, 22323.0)	(190, 23745.0)	(200, 24469.0)	(210, 25635.0)	(220, 26494.0)	(230, 27641.0)	(240, 28213.0)	(250, 28422.0)	(260, 28209.0)	(270, 27837.0)	(280, 26176.0)	(290, 37517.0)	(300, 447471.0)
SRR27013276_Genome_Sequencing_of_Listeria_monocytogenes_SA_outbreak_2017_1	(30, 3796.0)	(40, 8178.0)	(50, 9388.0)	(60, 10206.0)	(70, 10376.0)	(80, 10450.0)	(90, 10728.0)	(100, 10603.0)	(110, 11047.0)	(120, 10789.0)	(130, 11130.0)	(140, 11411.0)	(150, 11752.0)	(160, 12105.0)	(170, 12981.0)	(180, 13287.0)	(190, 14412.0)	(200, 15021.0)	(210, 16167.0)	(220, 16964.0)	(230, 17456.0)	(240, 18283.0)	(250, 19055.0)	(260, 19829.0)	(270, 19929.0)	(280, 20254.0)	(290, 43496.0)	(300, 327578.0)
SRR27013276_Genome_Sequencing_of_Listeria_monocytogenes_SA_outbreak_2017_2	(30, 3802.0)	(40, 8168.0)	(50, 9408.0)	(60, 10244.0)	(70, 10421.0)	(80, 10479.0)	(90, 10735.0)	(100, 10634.0)	(110, 11029.0)	(120, 10774.0)	(130, 11132.0)	(140, 11355.0)	(150, 11672.0)	(160, 12013.0)	(170, 12803.0)	(180, 13110.0)	(190, 14061.0)	(200, 14571.0)	(210, 15637.0)	(220, 16265.0)	(230, 16449.0)	(240, 16992.0)	(250, 17450.0)	(260, 17703.0)	(270, 17294.0)	(280, 16371.0)	(290, 26824.0)	(300, 359275.0)
SRR27013277_Genome_Sequencing_of_Listeria_monocytogenes_SA_outbreak_2017_1	(30, 328.0)	(40, 749.0)	(50, 900.0)	(60, 1036.0)	(70, 1127.0)	(80, 1403.0)	(90, 1446.0)	(100, 1713.0)	(110, 1898.0)	(120, 2134.0)	(130, 2519.0)	(140, 2833.0)	(150, 3329.0)	(160, 3873.0)	(170, 4466.0)	(180, 5262.0)	(190, 5940.0)	(200, 6713.0)	(210, 7784.0)	(220, 8734.0)	(230, 9599.0)	(240, 10557.0)	(250, 11360.0)	(260, 12327.0)	(270, 12856.0)	(280, 13490.0)	(290, 37509.0)	(300, 330448.0)
SRR27013277_Genome_Sequencing_of_Listeria_monocytogenes_SA_outbreak_2017_2	(30, 324.0)	(40, 740.0)	(50, 895.0)	(60, 1031.0)	(70, 1120.0)	(80, 1397.0)	(90, 1443.0)	(100, 1706.0)	(110, 1881.0)	(120, 2120.0)	(130, 2508.0)	(140, 2816.0)	(150, 3295.0)	(160, 3815.0)	(170, 4421.0)	(180, 5188.0)	(190, 5800.0)	(200, 6556.0)	(210, 7572.0)	(220, 8407.0)	(230, 9091.0)	(240, 9937.0)	(250, 10445.0)	(260, 11087.0)	(270, 11301.0)	(280, 11180.0)	(290, 23036.0)	(300, 353221.0)
SRR27013278_Genome_Sequencing_of_Listeria_monocytogenes_SA_outbreak_2017_1	(30, 1554.0)	(40, 3326.0)	(50, 3963.0)	(60, 4111.0)	(70, 4594.0)	(80, 4643.0)	(90, 4893.0)	(100, 5283.0)	(110, 5405.0)	(120, 5940.0)	(130, 6489.0)	(140, 7011.0)	(150, 7558.0)	(160, 8525.0)	(170, 9254.0)	(180, 10224.0)	(190, 11213.0)	(200, 12363.0)	(210, 13335.0)	(220, 14523.0)	(230, 15533.0)	(240, 16743.0)	(250, 17634.0)	(260, 18476.0)	(270, 18903.0)	(280, 19038.0)	(290, 45763.0)	(300, 366813.0)
SRR27013278_Genome_Sequencing_of_Listeria_monocytogenes_SA_outbreak_2017_2	(30, 1545.0)	(40, 3323.0)	(50, 3950.0)	(60, 4109.0)	(70, 4582.0)	(80, 4623.0)	(90, 4880.0)	(100, 5259.0)	(110, 5384.0)	(120, 5901.0)	(130, 6438.0)	(140, 6944.0)	(150, 7441.0)	(160, 8384.0)	(170, 9117.0)	(180, 9989.0)	(190, 10923.0)	(200, 11908.0)	(210, 12816.0)	(220, 13799.0)	(230, 14491.0)	(240, 15321.0)	(250, 15926.0)	(260, 16222.0)	(270, 16095.0)	(280, 15343.0)	(290, 27811.0)	(300, 400586.0)
SRR27013279_Genome_Sequencing_of_Listeria_monocytogenes_SA_outbreak_2017_1	(30, 384.0)	(40, 850.0)	(50, 1159.0)	(60, 1385.0)	(70, 1520.0)	(80, 1666.0)	(90, 1907.0)	(100, 2156.0)	(110, 2299.0)	(120, 2710.0)	(130, 3003.0)	(140, 3480.0)	(150, 4168.0)	(160, 4797.0)	(170, 5377.0)	(180, 6194.0)	(190, 7215.0)	(200, 8163.0)	(210, 9180.0)	(220, 9975.0)	(230, 11274.0)	(240, 12176.0)	(250, 13205.0)	(260, 13918.0)	(270, 14673.0)	(280, 15204.0)	(290, 42468.0)	(300, 369103.0)
SRR27013279_Genome_Sequencing_of_Listeria_monocytogenes_SA_outbreak_2017_2	(30, 375.0)	(40, 850.0)	(50, 1149.0)	(60, 1377.0)	(70, 1517.0)	(80, 1658.0)	(90, 1898.0)	(100, 2162.0)	(110, 2292.0)	(120, 2700.0)	(130, 2978.0)	(140, 3455.0)	(150, 4121.0)	(160, 4719.0)	(170, 5287.0)	(180, 6045.0)	(190, 7042.0)	(200, 7893.0)	(210, 8805.0)	(220, 9461.0)	(230, 10564.0)	(240, 11194.0)	(250, 11856.0)	(260, 12222.0)	(270, 12494.0)	(280, 12138.0)	(290, 25209.0)	(300, 398148.0)
SRR27013280_Genome_Sequencing_of_Listeria_monocytogenes_SA_outbreak_2017_1	(30, 1210.0)	(40, 2653.0)	(50, 3226.0)	(60, 3645.0)	(70, 3838.0)	(80, 4265.0)	(90, 4607.0)	(100, 4865.0)	(110, 5393.0)	(120, 5808.0)	(130, 6330.0)	(140, 7147.0)	(150, 7923.0)	(160, 8903.0)	(170, 10037.0)	(180, 11019.0)	(190, 12064.0)	(200, 13362.0)	(210, 14545.0)	(220, 15845.0)	(230, 16859.0)	(240, 18122.0)	(250, 19245.0)	(260, 20104.0)	(270, 20812.0)	(280, 21225.0)	(290, 50188.0)	(300, 398477.0)
SRR27013280_Genome_Sequencing_of_Listeria_monocytogenes_SA_outbreak_2017_2	(30, 1201.0)	(40, 2644.0)	(50, 3229.0)	(60, 3638.0)	(70, 3826.0)	(80, 4267.0)	(90, 4608.0)	(100, 4859.0)	(110, 5376.0)	(120, 5788.0)	(130, 6278.0)	(140, 7083.0)	(150, 7872.0)	(160, 8802.0)	(170, 9934.0)	(180, 10816.0)	(190, 11862.0)	(200, 13073.0)	(210, 14124.0)	(220, 15273.0)	(230, 15983.0)	(240, 16952.0)	(250, 17672.0)	(260, 18046.0)	(270, 18215.0)	(280, 17632.0)	(290, 31004.0)	(300, 431660.0)
SRR27013281_Genome_Sequencing_of_Listeria_monocytogenes_SA_outbreak_2017_1	(30, 324.0)	(40, 550.0)	(50, 624.0)	(60, 752.0)	(70, 810.0)	(80, 911.0)	(90, 991.0)	(100, 1098.0)	(110, 1236.0)	(120, 1397.0)	(130, 1666.0)	(140, 1899.0)	(150, 2215.0)	(160, 2541.0)	(170, 2912.0)	(180, 3583.0)	(190, 4025.0)	(200, 4703.0)	(210, 5356.0)	(220, 6106.0)	(230, 6886.0)	(240, 7464.0)	(250, 8142.0)	(260, 8903.0)	(270, 9459.0)	(280, 9946.0)	(290, 33314.0)	(300, 319689.0)
SRR27013281_Genome_Sequencing_of_Listeria_monocytogenes_SA_outbreak_2017_2	(30, 296.0)	(40, 544.0)	(50, 622.0)	(60, 747.0)	(70, 807.0)	(80, 903.0)	(90, 980.0)	(100, 1088.0)	(110, 1233.0)	(120, 1374.0)	(130, 1640.0)	(140, 1859.0)	(150, 2165.0)	(160, 2493.0)	(170, 2830.0)	(180, 3394.0)	(190, 3818.0)	(200, 4427.0)	(210, 4904.0)	(220, 5467.0)	(230, 5949.0)	(240, 6217.0)	(250, 6442.0)	(260, 6572.0)	(270, 6477.0)	(280, 6398.0)	(290, 21925.0)	(300, 345931.0)
SRR27013282_Genome_Sequencing_of_Listeria_monocytogenes_SA_outbreak_2017_1	(30, 1157.0)	(40, 2601.0)	(50, 3134.0)	(60, 3416.0)	(70, 3870.0)	(80, 4115.0)	(90, 4370.0)	(100, 4879.0)	(110, 5321.0)	(120, 5856.0)	(130, 6230.0)	(140, 6983.0)	(150, 7625.0)	(160, 8490.0)	(170, 9524.0)	(180, 10387.0)	(190, 11421.0)	(200, 12647.0)	(210, 13491.0)	(220, 14666.0)	(230, 16061.0)	(240, 16929.0)	(250, 17771.0)	(260, 18597.0)	(270, 19360.0)	(280, 19562.0)	(290, 47688.0)	(300, 378038.0)
SRR27013283_Genome_Sequencing_of_Listeria_monocytogenes_SA_outbreak_2017_1	(30, 7476.0)	(40, 14747.0)	(50, 16366.0)	(60, 16467.0)	(70, 16569.0)	(80, 16228.0)	(90, 16298.0)	(100, 16147.0)	(110, 15986.0)	(120, 16218.0)	(130, 16596.0)	(140, 16894.0)	(150, 18019.0)	(160, 18605.0)	(170, 19915.0)	(180, 20808.0)	(190, 22263.0)	(200, 24109.0)	(210, 25532.0)	(220, 27236.0)	(230, 28970.0)	(240, 30424.0)	(250, 31426.0)	(260, 32052.0)	(270, 32437.0)	(280, 32422.0)	(290, 61236.0)	(300, 411688.0)
SRR27013283_Genome_Sequencing_of_Listeria_monocytogenes_SA_outbreak_2017_2	(30, 7440.0)	(40, 14728.0)	(50, 16339.0)	(60, 16462.0)	(70, 16576.0)	(80, 16195.0)	(90, 16267.0)	(100, 16136.0)	(110, 15931.0)	(120, 16182.0)	(130, 16503.0)	(140, 16769.0)	(150, 17856.0)	(160, 18422.0)	(170, 19662.0)	(180, 20491.0)	(190, 21824.0)	(200, 23484.0)	(210, 24744.0)	(220, 26132.0)	(230, 27509.0)	(240, 28465.0)	(250, 28936.0)	(260, 28925.0)	(270, 28367.0)	(280, 26821.0)	(290, 38157.0)	(300, 457811.0)
SRR27013284_Genome_Sequencing_of_Listeria_monocytogenes_SA_outbreak_2017_1	(30, 6024.0)	(40, 13065.0)	(50, 14915.0)	(60, 15565.0)	(70, 15458.0)	(80, 15639.0)	(90, 15492.0)	(100, 15514.0)	(110, 15745.0)	(120, 15772.0)	(130, 16259.0)	(140, 16726.0)	(150, 17705.0)	(160, 18685.0)	(170, 19855.0)	(180, 21202.0)	(190, 22853.0)	(200, 24444.0)	(210, 26455.0)	(220, 27571.0)	(230, 29687.0)	(240, 31383.0)	(250, 32471.0)	(260, 33317.0)	(270, 33544.0)	(280, 33391.0)	(290, 63129.0)	(300, 426599.0)
SRR27013284_Genome_Sequencing_of_Listeria_monocytogenes_SA_outbreak_2017_2	(30, 6009.0)	(40, 13026.0)	(50, 14837.0)	(60, 15572.0)	(70, 15446.0)	(80, 15587.0)	(90, 15453.0)	(100, 15458.0)	(110, 15650.0)	(120, 15671.0)	(130, 16108.0)	(140, 16556.0)	(150, 17477.0)	(160, 18385.0)	(170, 19491.0)	(180, 20712.0)	(190, 22189.0)	(200, 23531.0)	(210, 25216.0)	(220, 26020.0)	(230, 27524.0)	(240, 28657.0)	(250, 28934.0)	(260, 29000.0)	(270, 28180.0)	(280, 26291.0)	(290, 39225.0)	(300, 482260.0)
SRR27013285_Genome_Sequencing_of_Listeria_monocytogenes_SA_outbreak_2017_1	(30, 6444.0)	(40, 13329.0)	(50, 15196.0)	(60, 15441.0)	(70, 15258.0)	(80, 14948.0)	(90, 14841.0)	(100, 15122.0)	(110, 14696.0)	(120, 14774.0)	(130, 15115.0)	(140, 15359.0)	(150, 16143.0)	(160, 16864.0)	(170, 17831.0)	(180, 18877.0)	(190, 20013.0)	(200, 21220.0)	(210, 23011.0)	(220, 24948.0)	(230, 25777.0)	(240, 27201.0)	(250, 28273.0)	(260, 28909.0)	(270, 29020.0)	(280, 29009.0)	(290, 55960.0)	(300, 382353.0)
SRR27013285_Genome_Sequencing_of_Listeria_monocytogenes_SA_outbreak_2017_2	(30, 6400.0)	(40, 13274.0)	(50, 15151.0)	(60, 15372.0)	(70, 15205.0)	(80, 14905.0)	(90, 14766.0)	(100, 15007.0)	(110, 14537.0)	(120, 14610.0)	(130, 14941.0)	(140, 15133.0)	(150, 15840.0)	(160, 16521.0)	(170, 17426.0)	(180, 18445.0)	(190, 19321.0)	(200, 20391.0)	(210, 21893.0)	(220, 23559.0)	(230, 23833.0)	(240, 24853.0)	(250, 25151.0)	(260, 25144.0)	(270, 24272.0)	(280, 22892.0)	(290, 34734.0)	(300, 432356.0)
SRR27013286_Genome_Sequencing_of_Listeria_monocytogenes_SA_outbreak_2017_1	(30, 4530.0)	(40, 9117.0)	(50, 10401.0)	(60, 10822.0)	(70, 10616.0)	(80, 10604.0)	(90, 10793.0)	(100, 10761.0)	(110, 10797.0)	(120, 10983.0)	(130, 11297.0)	(140, 11661.0)	(150, 12386.0)	(160, 12912.0)	(170, 13811.0)	(180, 14929.0)	(190, 16260.0)	(200, 17585.0)	(210, 18720.0)	(220, 20012.0)	(230, 21741.0)	(240, 22805.0)	(250, 24072.0)	(260, 25503.0)	(270, 26037.0)	(280, 26424.0)	(290, 56689.0)	(300, 419577.0)
SRR27013286_Genome_Sequencing_of_Listeria_monocytogenes_SA_outbreak_2017_2	(30, 4514.0)	(40, 9093.0)	(50, 10353.0)	(60, 10828.0)	(70, 10580.0)	(80, 10579.0)	(90, 10753.0)	(100, 10734.0)	(110, 10709.0)	(120, 10900.0)	(130, 11213.0)	(140, 11491.0)	(150, 12214.0)	(160, 12688.0)	(170, 13508.0)	(180, 14605.0)	(190, 15821.0)	(200, 16967.0)	(210, 17901.0)	(220, 18982.0)	(230, 20327.0)	(240, 20909.0)	(250, 21611.0)	(260, 22380.0)	(270, 22266.0)	(280, 21168.0)	(290, 34744.0)	(300, 464007.0)
SRR27013287_Genome_Sequencing_of_Listeria_monocytogenes_SA_outbreak_2017_1	(30, 685.0)	(40, 1465.0)	(50, 1761.0)	(60, 2021.0)	(70, 2302.0)	(80, 2602.0)	(90, 2803.0)	(100, 3005.0)	(110, 3483.0)	(120, 3783.0)	(130, 4310.0)	(140, 4651.0)	(150, 5415.0)	(160, 6386.0)	(170, 6891.0)	(180, 7906.0)	(190, 8809.0)	(200, 9957.0)	(210, 10887.0)	(220, 12041.0)	(230, 12785.0)	(240, 13918.0)	(250, 14802.0)	(260, 15587.0)	(270, 16448.0)	(280, 16710.0)	(290, 42485.0)	(300, 351873.0)
SRR27013287_Genome_Sequencing_of_Listeria_monocytogenes_SA_outbreak_2017_2	(30, 685.0)	(40, 1457.0)	(50, 1751.0)	(60, 2015.0)	(70, 2299.0)	(80, 2604.0)	(90, 2799.0)	(100, 3008.0)	(110, 3470.0)	(120, 3764.0)	(130, 4291.0)	(140, 4622.0)	(150, 5379.0)	(160, 6339.0)	(170, 6813.0)	(180, 7792.0)	(190, 8646.0)	(200, 9685.0)	(210, 10609.0)	(220, 11593.0)	(230, 12122.0)	(240, 13022.0)	(250, 13669.0)	(260, 14024.0)	(270, 14512.0)	(280, 14001.0)	(290, 26209.0)	(300, 378591.0)
SRR27013288_Genome_Sequencing_of_Listeria_monocytogenes_SA_outbreak_2017_1	(30, 510.0)	(40, 1226.0)	(50, 1469.0)	(60, 1730.0)	(70, 1815.0)	(80, 2073.0)	(90, 2318.0)	(100, 2536.0)	(110, 2863.0)	(120, 3346.0)	(130, 3562.0)	(140, 3941.0)	(150, 4601.0)	(160, 5109.0)	(170, 5876.0)	(180, 6525.0)	(190, 7389.0)	(200, 8210.0)	(210, 9080.0)	(220, 9752.0)	(230, 10824.0)	(240, 11600.0)	(250, 12469.0)	(260, 12925.0)	(270, 13520.0)	(280, 13990.0)	(290, 37549.0)	(300, 322219.0)
SRR27013288_Genome_Sequencing_of_Listeria_monocytogenes_SA_outbreak_2017_2	(30, 505.0)	(40, 1214.0)	(50, 1468.0)	(60, 1729.0)	(70, 1813.0)	(80, 2070.0)	(90, 2323.0)	(100, 2533.0)	(110, 2853.0)	(120, 3316.0)	(130, 3550.0)	(140, 3908.0)	(150, 4557.0)	(160, 5076.0)	(170, 5791.0)	(180, 6428.0)	(190, 7269.0)	(200, 7978.0)	(210, 8804.0)	(220, 9339.0)	(230, 10229.0)	(240, 10809.0)	(250, 11510.0)	(260, 11578.0)	(270, 11771.0)	(280, 11526.0)	(290, 22948.0)	(300, 346132.0)
SRR27013289_Genome_Sequencing_of_Listeria_monocytogenes_SA_outbreak_2017_1	(30, 1123.0)	(40, 2470.0)	(50, 3007.0)	(60, 3373.0)	(70, 3795.0)	(80, 4114.0)	(90, 4322.0)	(100, 4791.0)	(110, 5177.0)	(120, 5629.0)	(130, 6207.0)	(140, 6893.0)	(150, 7613.0)	(160, 8272.0)	(170, 9354.0)	(180, 10174.0)	(190, 11186.0)	(200, 12431.0)	(210, 13449.0)	(220, 14569.0)	(230, 15294.0)	(240, 16170.0)	(250, 17103.0)	(260, 17750.0)	(270, 18618.0)	(280, 18967.0)	(290, 47237.0)	(300, 391523.0)
SRR27013289_Genome_Sequencing_of_Listeria_monocytogenes_SA_outbreak_2017_2	(30, 1109.0)	(40, 2458.0)	(50, 3000.0)	(60, 3373.0)	(70, 3805.0)	(80, 4107.0)	(90, 4318.0)	(100, 4779.0)	(110, 5152.0)	(120, 5594.0)	(130, 6153.0)	(140, 6838.0)	(150, 7517.0)	(160, 8176.0)	(170, 9204.0)	(180, 9983.0)	(190, 10911.0)	(200, 12079.0)	(210, 12955.0)	(220, 13840.0)	(230, 14356.0)	(240, 14881.0)	(250, 15501.0)	(260, 15657.0)	(270, 16063.0)	(280, 15375.0)	(290, 28877.0)	(300, 424550.0)
SRR27013290_Genome_Sequencing_of_Listeria_monocytogenes_SA_outbreak_2017_2	(30, 4119.0)	(40, 8847.0)	(50, 9990.0)	(60, 10416.0)	(70, 10605.0)	(80, 10789.0)	(90, 10834.0)	(100, 10980.0)	(110, 11013.0)	(120, 11908.0)	(130, 12328.0)	(140, 12509.0)	(150, 13416.0)	(160, 13827.0)	(170, 14951.0)	(180, 15786.0)	(190, 16422.0)	(200, 17422.0)	(210, 18734.0)	(220, 19636.0)	(230, 19983.0)	(240, 20636.0)	(250, 21014.0)	(260, 21009.0)	(270, 20604.0)	(280, 19658.0)	(290, 31660.0)	(300, 404355.0)
SRR27013291_Genome_Sequencing_of_Listeria_monocytogenes_SA_outbreak_2017_1	(30, 8008.0)	(40, 16663.0)	(50, 18758.0)	(60, 19045.0)	(70, 19492.0)	(80, 19140.0)	(90, 18910.0)	(100, 19034.0)	(110, 18509.0)	(120, 18695.0)	(130, 18648.0)	(140, 18820.0)	(150, 19443.0)	(160, 19982.0)	(170, 20614.0)	(180, 21623.0)	(190, 22104.0)	(200, 23571.0)	(210, 24527.0)	(220, 25809.0)	(230, 26268.0)	(240, 27737.0)	(250, 28068.0)	(260, 28857.0)	(270, 28706.0)	(280, 28558.0)	(290, 56618.0)	(300, 391564.0)
SRR27013291_Genome_Sequencing_of_Listeria_monocytogenes_SA_outbreak_2017_2	(30, 7990.0)	(40, 16625.0)	(50, 18745.0)	(60, 19015.0)	(70, 19466.0)	(80, 19104.0)	(90, 18858.0)	(100, 18952.0)	(110, 18439.0)	(120, 18556.0)	(130, 18513.0)	(140, 18658.0)	(150, 19203.0)	(160, 19653.0)	(170, 20241.0)	(180, 21209.0)	(190, 21517.0)	(200, 22799.0)	(210, 23602.0)	(220, 24460.0)	(230, 24699.0)	(240, 25550.0)	(250, 25394.0)	(260, 25516.0)	(270, 24624.0)	(280, 23106.0)	(290, 35372.0)	(300, 437905.0)
SRR27013292_Genome_Sequencing_of_Listeria_monocytogenes_SA_outbreak_2017_1	(30, 201.0)	(40, 309.0)	(50, 420.0)	(60, 427.0)	(70, 496.0)	(80, 606.0)	(90, 701.0)	(100, 806.0)	(110, 967.0)	(120, 1193.0)	(130, 1379.0)	(140, 1745.0)	(150, 2062.0)	(160, 2418.0)	(170, 3048.0)	(180, 3529.0)	(190, 4224.0)	(200, 4883.0)	(210, 5787.0)	(220, 6309.0)	(230, 6949.0)	(240, 7996.0)	(250, 8745.0)	(260, 9506.0)	(270, 10048.0)	(280, 10697.0)	(290, 33103.0)	(300, 310737.0)
SRR27013292_Genome_Sequencing_of_Listeria_monocytogenes_SA_outbreak_2017_2	(30, 181.0)	(40, 306.0)	(50, 417.0)	(60, 418.0)	(70, 492.0)	(80, 591.0)	(90, 690.0)	(100, 789.0)	(110, 945.0)	(120, 1178.0)	(130, 1354.0)	(140, 1683.0)	(150, 1993.0)	(160, 2323.0)	(170, 2923.0)	(180, 3291.0)	(190, 3918.0)	(200, 4398.0)	(210, 5130.0)	(220, 5260.0)	(230, 5723.0)	(240, 6313.0)	(250, 6406.0)	(260, 6458.0)	(270, 6263.0)	(280, 6130.0)	(290, 21615.0)	(300, 342103.0)
SRR27013293_Genome_Sequencing_of_Listeria_monocytogenes_SA_outbreak_2017_1	(30, 4965.0)	(40, 10622.0)	(50, 11989.0)	(60, 12323.0)	(70, 12971.0)	(80, 12953.0)	(90, 13460.0)	(100, 13525.0)	(110, 13838.0)	(120, 14327.0)	(130, 15162.0)	(140, 15970.0)	(150, 16926.0)	(160, 18023.0)	(170, 19093.0)	(180, 20256.0)	(190, 21556.0)	(200, 23220.0)	(210, 24941.0)	(220, 25832.0)	(230, 27375.0)	(240, 28913.0)	(250, 29498.0)	(260, 30517.0)	(270, 30396.0)	(280, 30727.0)	(290, 61340.0)	(300, 436172.0)
SRR27013294_Genome_Sequencing_of_Listeria_monocytogenes_SA_outbreak_2017_2	(30, 6385.0)	(40, 13194.0)	(50, 14634.0)	(60, 15551.0)	(70, 15293.0)	(80, 15213.0)	(90, 15536.0)	(100, 15741.0)	(110, 15911.0)	(120, 16048.0)	(130, 16100.0)	(140, 16813.0)	(150, 17404.0)	(160, 18249.0)	(170, 19250.0)	(180, 20084.0)	(190, 21026.0)	(200, 22272.0)	(210, 22955.0)	(220, 24134.0)	(230, 24715.0)	(240, 24977.0)	(250, 24908.0)	(260, 24800.0)	(270, 24067.0)	(280, 22508.0)	(290, 36087.0)	(300, 463487.0)
SRR27013295_Genome_Sequencing_of_Listeria_monocytogenes_SA_outbreak_2017_1	(30, 5492.0)	(40, 10909.0)	(50, 11464.0)	(60, 11931.0)	(70, 11539.0)	(80, 11498.0)	(90, 11350.0)	(100, 10983.0)	(110, 10976.0)	(120, 10971.0)	(130, 11108.0)	(140, 11013.0)	(150, 11315.0)	(160, 11867.0)	(170, 12362.0)	(180, 12697.0)	(190, 13239.0)	(200, 14543.0)	(210, 15246.0)	(220, 16370.0)	(230, 17102.0)	(240, 18101.0)	(250, 18818.0)	(260, 19248.0)	(270, 19360.0)	(280, 19399.0)	(290, 40174.0)	(300, 290146.0)
SRR27013295_Genome_Sequencing_of_Listeria_monocytogenes_SA_outbreak_2017_2	(30, 5461.0)	(40, 10887.0)	(50, 11442.0)	(60, 11881.0)	(70, 11532.0)	(80, 11453.0)	(90, 11298.0)	(100, 10883.0)	(110, 10877.0)	(120, 10895.0)	(130, 11017.0)	(140, 10884.0)	(150, 11181.0)	(160, 11694.0)	(170, 12168.0)	(180, 12523.0)	(190, 12929.0)	(200, 14093.0)	(210, 14725.0)	(220, 15587.0)	(230, 16090.0)	(240, 16843.0)	(250, 17282.0)	(260, 17391.0)	(270, 17086.0)	(280, 16538.0)	(290, 29891.0)	(300, 314690.0)
SRR27013296_Genome_Sequencing_of_Listeria_monocytogenes_SA_outbreak_2017_1	(30, 3584.0)	(40, 7238.0)	(50, 7896.0)	(60, 8089.0)	(70, 8104.0)	(80, 8111.0)	(90, 8000.0)	(100, 7918.0)	(110, 8044.0)	(120, 8308.0)	(130, 8135.0)	(140, 8580.0)	(150, 8816.0)	(160, 9308.0)	(170, 9677.0)	(180, 10274.0)	(190, 10752.0)	(200, 11438.0)	(210, 12069.0)	(220, 12636.0)	(230, 13328.0)	(240, 14041.0)	(250, 14508.0)	(260, 14920.0)	(270, 15136.0)	(280, 14956.0)	(290, 32518.0)	(300, 246102.0)
SRR27013296_Genome_Sequencing_of_Listeria_monocytogenes_SA_outbreak_2017_2	(30, 3577.0)	(40, 7209.0)	(50, 7892.0)	(60, 8047.0)	(70, 8083.0)	(80, 8065.0)	(90, 7962.0)	(100, 7865.0)	(110, 7985.0)	(120, 8225.0)	(130, 8062.0)	(140, 8514.0)	(150, 8680.0)	(160, 9169.0)	(170, 9511.0)	(180, 10045.0)	(190, 10449.0)	(200, 11083.0)	(210, 11602.0)	(220, 11952.0)	(230, 12442.0)	(240, 13002.0)	(250, 13162.0)	(260, 13376.0)	(270, 13125.0)	(280, 12541.0)	(290, 23972.0)	(300, 266889.0)
SRR27013297_Genome_Sequencing_of_Listeria_monocytogenes_SA_outbreak_2017_1	(30, 7858.0)	(40, 15117.0)	(50, 16565.0)	(60, 16855.0)	(70, 16945.0)	(80, 16509.0)	(90, 16151.0)	(100, 15982.0)	(110, 15782.0)	(120, 15938.0)	(130, 16042.0)	(140, 16232.0)	(150, 16657.0)	(160, 17258.0)	(170, 17338.0)	(180, 18132.0)	(190, 19063.0)	(200, 19964.0)	(210, 21073.0)	(220, 22120.0)	(230, 22510.0)	(240, 23261.0)	(250, 22925.0)	(260, 22967.0)	(270, 22031.0)	(280, 20720.0)	(290, 45082.0)	(300, 309024.0)
SRR27013297_Genome_Sequencing_of_Listeria_monocytogenes_SA_outbreak_2017_2	(30, 7730.0)	(40, 14870.0)	(50, 16250.0)	(60, 16589.0)	(70, 16695.0)	(80, 16185.0)	(90, 15828.0)	(100, 15567.0)	(110, 15344.0)	(120, 15422.0)	(130, 15445.0)	(140, 15521.0)	(150, 15907.0)	(160, 16210.0)	(170, 16216.0)	(180, 16817.0)	(190, 17487.0)	(200, 17900.0)	(210, 18388.0)	(220, 18722.0)	(230, 18383.0)	(240, 18194.0)	(250, 16994.0)	(260, 15381.0)	(270, 13238.0)	(280, 11896.0)	(290, 24028.0)	(300, 388894.0)
SRR27013298_Genome_Sequencing_of_Listeria_monocytogenes_SA_outbreak_2017_1	(30, 6580.0)	(40, 12577.0)	(50, 13936.0)	(60, 14311.0)	(70, 14762.0)	(80, 14671.0)	(90, 14797.0)	(100, 15062.0)	(110, 15238.0)	(120, 15534.0)	(130, 16126.0)	(140, 16830.0)	(150, 17652.0)	(160, 19096.0)	(170, 20003.0)	(180, 21177.0)	(190, 22495.0)	(200, 23332.0)	(210, 24521.0)	(220, 24599.0)	(230, 24693.0)	(240, 24221.0)	(250, 23758.0)	(260, 22783.0)	(270, 21359.0)	(280, 19612.0)	(290, 39474.0)	(300, 247987.0)
SRR27013298_Genome_Sequencing_of_Listeria_monocytogenes_SA_outbreak_2017_2	(30, 6578.0)	(40, 12567.0)	(50, 13924.0)	(60, 14334.0)	(70, 14639.0)	(80, 14547.0)	(90, 14567.0)	(100, 14787.0)	(110, 14897.0)	(120, 15102.0)	(130, 15680.0)	(140, 16210.0)	(150, 16831.0)	(160, 17961.0)	(170, 18440.0)	(180, 18997.0)	(190, 19544.0)	(200, 19625.0)	(210, 19597.0)	(220, 19054.0)	(230, 18068.0)	(240, 16007.0)	(250, 14789.0)	(260, 13854.0)	(270, 11654.0)	(280, 9910.0)	(290, 19276.0)	(300, 345747.0)
SRR27013299_Genome_Sequencing_of_Listeria_monocytogenes_SA_outbreak_2017_1	(30, 8237.0)	(40, 16397.0)	(50, 17905.0)	(60, 18500.0)	(70, 18367.0)	(80, 17935.0)	(90, 17789.0)	(100, 17616.0)	(110, 17259.0)	(120, 17186.0)	(130, 17157.0)	(140, 17068.0)	(150, 16890.0)	(160, 17486.0)	(170, 17847.0)	(180, 18116.0)	(190, 18838.0)	(200, 19529.0)	(210, 20157.0)	(220, 21150.0)	(230, 21754.0)	(240, 21967.0)	(250, 21825.0)	(260, 21529.0)	(270, 20891.0)	(280, 19847.0)	(290, 42732.0)	(300, 291198.0)
SRR27013299_Genome_Sequencing_of_Listeria_monocytogenes_SA_outbreak_2017_2	(30, 8136.0)	(40, 16223.0)	(50, 17692.0)	(60, 18293.0)	(70, 18173.0)	(80, 17684.0)	(90, 17515.0)	(100, 17281.0)	(110, 16855.0)	(120, 16752.0)	(130, 16582.0)	(140, 16369.0)	(150, 16147.0)	(160, 16556.0)	(170, 16648.0)	(180, 16787.0)	(190, 17046.0)	(200, 17420.0)	(210, 17576.0)	(220, 17829.0)	(230, 17725.0)	(240, 16994.0)	(250, 15861.0)	(260, 14210.0)	(270, 12450.0)	(280, 11155.0)	(290, 22641.0)	(300, 368572.0)
SRR27013300_Genome_Sequencing_of_Listeria_monocytogenes_SA_outbreak_2017_1	(30, 3963.0)	(40, 7542.0)	(50, 8579.0)	(60, 8851.0)	(70, 9221.0)	(80, 9423.0)	(90, 9722.0)	(100, 9794.0)	(110, 10179.0)	(120, 10725.0)	(130, 11167.0)	(140, 12025.0)	(150, 12664.0)	(160, 13796.0)	(170, 14912.0)	(180, 15845.0)	(190, 17048.0)	(200, 18353.0)	(210, 19268.0)	(220, 20032.0)	(230, 20009.0)	(240, 20698.0)	(250, 20330.0)	(260, 20003.0)	(270, 19278.0)	(280, 18355.0)	(290, 41933.0)	(300, 281364.0)
SRR27013300_Genome_Sequencing_of_Listeria_monocytogenes_SA_outbreak_2017_2	(30, 3930.0)	(40, 7477.0)	(50, 8545.0)	(60, 8884.0)	(70, 9124.0)	(80, 9280.0)	(90, 9570.0)	(100, 9576.0)	(110, 9912.0)	(120, 10403.0)	(130, 10795.0)	(140, 11541.0)	(150, 12035.0)	(160, 12954.0)	(170, 13723.0)	(180, 14128.0)	(190, 14676.0)	(200, 15506.0)	(210, 15474.0)	(220, 15500.0)	(230, 14732.0)	(240, 13691.0)	(250, 12697.0)	(260, 12150.0)	(270, 10458.0)	(280, 9397.0)	(290, 19901.0)	(300, 369020.0)
SRR27013301_Genome_Sequencing_of_Listeria_monocytogenes_SA_outbreak_2017_1	(30, 6891.0)	(40, 13685.0)	(50, 15330.0)	(60, 15380.0)	(70, 15566.0)	(80, 15288.0)	(90, 15295.0)	(100, 14857.0)	(110, 14576.0)	(120, 14594.0)	(130, 14490.0)	(140, 14581.0)	(150, 14667.0)	(160, 14955.0)	(170, 14838.0)	(180, 15535.0)	(190, 16306.0)	(200, 17065.0)	(210, 17555.0)	(220, 17988.0)	(230, 18873.0)	(240, 19445.0)	(250, 18955.0)	(260, 19588.0)	(270, 18828.0)	(280, 17931.0)	(290, 41292.0)	(300, 290768.0)
SRR27013301_Genome_Sequencing_of_Listeria_monocytogenes_SA_outbreak_2017_2	(30, 6772.0)	(40, 13482.0)	(50, 15107.0)	(60, 15117.0)	(70, 15251.0)	(80, 15002.0)	(90, 14928.0)	(100, 14493.0)	(110, 14199.0)	(120, 14098.0)	(130, 13833.0)	(140, 13857.0)	(150, 13866.0)	(160, 13981.0)	(170, 13695.0)	(180, 14215.0)	(190, 14698.0)	(200, 15032.0)	(210, 15105.0)	(220, 14939.0)	(230, 15038.0)	(240, 14735.0)	(250, 13593.0)	(260, 12582.0)	(270, 10786.0)	(280, 9785.0)	(290, 20952.0)	(300, 365981.0)
SRR27013302_Genome_Sequencing_of_Listeria_monocytogenes_SA_outbreak_2017_1	(30, 8287.0)	(40, 16047.0)	(50, 17605.0)	(60, 17961.0)	(70, 18110.0)	(80, 17935.0)	(90, 17533.0)	(100, 17373.0)	(110, 17111.0)	(120, 16957.0)	(130, 17132.0)	(140, 16888.0)	(150, 17092.0)	(160, 17569.0)	(170, 18181.0)	(180, 18524.0)	(190, 19075.0)	(200, 20312.0)	(210, 20818.0)	(220, 21611.0)	(230, 21570.0)	(240, 21486.0)	(250, 21334.0)	(260, 20914.0)	(270, 19958.0)	(280, 18726.0)	(290, 39200.0)	(300, 269207.0)
SRR27013302_Genome_Sequencing_of_Listeria_monocytogenes_SA_outbreak_2017_2	(30, 8166.0)	(40, 15798.0)	(50, 17300.0)	(60, 17678.0)	(70, 17789.0)	(80, 17587.0)	(90, 17143.0)	(100, 16916.0)	(110, 16669.0)	(120, 16450.0)	(130, 16488.0)	(140, 16109.0)	(150, 16175.0)	(160, 16491.0)	(170, 16785.0)	(180, 17032.0)	(190, 17278.0)	(200, 17990.0)	(210, 17801.0)	(220, 18002.0)	(230, 17293.0)	(240, 16545.0)	(250, 15430.0)	(260, 13649.0)	(270, 11746.0)	(280, 10338.0)	(290, 20839.0)	(300, 347029.0)
SRR27013303_Genome_Sequencing_of_Listeria_monocytogenes_SA_outbreak_2017_1	(30, 6702.0)	(40, 13216.0)	(50, 14670.0)	(60, 15142.0)	(70, 14979.0)	(80, 15142.0)	(90, 14880.0)	(100, 14774.0)	(110, 14659.0)	(120, 15033.0)	(130, 15199.0)	(140, 15523.0)	(150, 15767.0)	(160, 16231.0)	(170, 17050.0)	(180, 17979.0)	(190, 18772.0)	(200, 20147.0)	(210, 20735.0)	(220, 21125.0)	(230, 22009.0)	(240, 22248.0)	(250, 22146.0)	(260, 21281.0)	(270, 20400.0)	(280, 19329.0)	(290, 41094.0)	(300, 283157.0)
SRR27013303_Genome_Sequencing_of_Listeria_monocytogenes_SA_outbreak_2017_2	(30, 6573.0)	(40, 13039.0)	(50, 14490.0)	(60, 14893.0)	(70, 14688.0)	(80, 14892.0)	(90, 14597.0)	(100, 14363.0)	(110, 14202.0)	(120, 14551.0)	(130, 14657.0)	(140, 14706.0)	(150, 14898.0)	(160, 15249.0)	(170, 15719.0)	(180, 16382.0)	(190, 16889.0)	(200, 17656.0)	(210, 17514.0)	(220, 17415.0)	(230, 17484.0)	(240, 16764.0)	(250, 15700.0)	(260, 13430.0)	(270, 11405.0)	(280, 10299.0)	(290, 21406.0)	(300, 365528.0)
SRR27013304_Genome_Sequencing_of_Listeria_monocytogenes_SA_outbreak_2017_1	(30, 9210.0)	(40, 18387.0)	(50, 20574.0)	(60, 20933.0)	(70, 21209.0)	(80, 21339.0)	(90, 21075.0)	(100, 20796.0)	(110, 20861.0)	(120, 21286.0)	(130, 21208.0)	(140, 21765.0)	(150, 21782.0)	(160, 22548.0)	(170, 22795.0)	(180, 23381.0)	(190, 24052.0)	(200, 24997.0)	(210, 25547.0)	(220, 26016.0)	(230, 25992.0)	(240, 26212.0)	(250, 25528.0)	(260, 25046.0)	(270, 23941.0)	(280, 22645.0)	(290, 50063.0)	(300, 350072.0)
SRR27013304_Genome_Sequencing_of_Listeria_monocytogenes_SA_outbreak_2017_2	(30, 9115.0)	(40, 18248.0)	(50, 20353.0)	(60, 20739.0)	(70, 20976.0)	(80, 21070.0)	(90, 20728.0)	(100, 20373.0)	(110, 20404.0)	(120, 20773.0)	(130, 20540.0)	(140, 20919.0)	(150, 20846.0)	(160, 21418.0)	(170, 21402.0)	(180, 21785.0)	(190, 21970.0)	(200, 22365.0)	(210, 22263.0)	(220, 22029.0)	(230, 21338.0)	(240, 20436.0)	(250, 18736.0)	(260, 16904.0)	(270, 14301.0)	(280, 12930.0)	(290, 26105.0)	(300, 440194.0)
SRR27013305_Genome_Sequencing_of_Listeria_monocytogenes_SA_outbreak_2017_1	(30, 2242.0)	(40, 4360.0)	(50, 4774.0)	(60, 5079.0)	(70, 5316.0)	(80, 5563.0)	(90, 5643.0)	(100, 5929.0)	(110, 6067.0)	(120, 6547.0)	(130, 6816.0)	(140, 7300.0)	(150, 8041.0)	(160, 8599.0)	(170, 9410.0)	(180, 10246.0)	(190, 10866.0)	(200, 11762.0)	(210, 12266.0)	(220, 13216.0)	(230, 13328.0)	(240, 13806.0)	(250, 14249.0)	(260, 14120.0)	(270, 13724.0)	(280, 13454.0)	(290, 32364.0)	(300, 232280.0)
SRR27013306_Genome_Sequencing_of_Listeria_monocytogenes_SA_outbreak_2017_2	(30, 7501.0)	(40, 14418.0)	(50, 16115.0)	(60, 16607.0)	(70, 16633.0)	(80, 16528.0)	(90, 16242.0)	(100, 16102.0)	(110, 16222.0)	(120, 16076.0)	(130, 16214.0)	(140, 16210.0)	(150, 16594.0)	(160, 16721.0)	(170, 16795.0)	(180, 16710.0)	(190, 16852.0)	(200, 16622.0)	(210, 16267.0)	(220, 15673.0)	(230, 14716.0)	(240, 13169.0)	(250, 12185.0)	(260, 11436.0)	(270, 9645.0)	(280, 8490.0)	(290, 17231.0)	(300, 320710.0)
SRR27013307_Genome_Sequencing_of_Listeria_monocytogenes_SA_outbreak_2017_1	(30, 1029.0)	(40, 2279.0)	(50, 2813.0)	(60, 3010.0)	(70, 3317.0)	(80, 3622.0)	(90, 3963.0)	(100, 4249.0)	(110, 4646.0)	(120, 5279.0)	(130, 5858.0)	(140, 6720.0)	(150, 7630.0)	(160, 8607.0)	(170, 9893.0)	(180, 11108.0)	(190, 12513.0)	(200, 14186.0)	(210, 15691.0)	(220, 16778.0)	(230, 18369.0)	(240, 19448.0)	(250, 20303.0)	(260, 20661.0)	(270, 20844.0)	(280, 20688.0)	(290, 40223.0)	(300, 254497.0)
SRR27013307_Genome_Sequencing_of_Listeria_monocytogenes_SA_outbreak_2017_2	(30, 1006.0)	(40, 2259.0)	(50, 2786.0)	(60, 2976.0)	(70, 3270.0)	(80, 3551.0)	(90, 3903.0)	(100, 4175.0)	(110, 4529.0)	(120, 5124.0)	(130, 5707.0)	(140, 6482.0)	(150, 7363.0)	(160, 8262.0)	(170, 9372.0)	(180, 10413.0)	(190, 11730.0)	(200, 13084.0)	(210, 14406.0)	(220, 15155.0)	(230, 16121.0)	(240, 16482.0)	(250, 16930.0)	(260, 16672.0)	(270, 16509.0)	(280, 15865.0)	(290, 32118.0)	(300, 291974.0)
SRR27013308_Genome_Sequencing_of_Listeria_monocytogenes_SA_outbreak_2017_1	(30, 3760.0)	(40, 7586.0)	(50, 8219.0)	(60, 8773.0)	(70, 9321.0)	(80, 9524.0)	(90, 9641.0)	(100, 9742.0)	(110, 9825.0)	(120, 10456.0)	(130, 10575.0)	(140, 11289.0)	(150, 12020.0)	(160, 12532.0)	(170, 13753.0)	(180, 14516.0)	(190, 15328.0)	(200, 16440.0)	(210, 17256.0)	(220, 17550.0)	(230, 18296.0)	(240, 18621.0)	(250, 18761.0)	(260, 18363.0)	(270, 18233.0)	(280, 17114.0)	(290, 38206.0)	(300, 259278.0)
SRR27013308_Genome_Sequencing_of_Listeria_monocytogenes_SA_outbreak_2017_2	(30, 3748.0)	(40, 7517.0)	(50, 8175.0)	(60, 8751.0)	(70, 9230.0)	(80, 9398.0)	(90, 9439.0)	(100, 9540.0)	(110, 9539.0)	(120, 10113.0)	(130, 10253.0)	(140, 10824.0)	(150, 11360.0)	(160, 11799.0)	(170, 12698.0)	(180, 12982.0)	(190, 13280.0)	(200, 13833.0)	(210, 13815.0)	(220, 13619.0)	(230, 13518.0)	(240, 12399.0)	(250, 11773.0)	(260, 11126.0)	(270, 9900.0)	(280, 8751.0)	(290, 18092.0)	(300, 339506.0)
SRR27013309_Genome_Sequencing_of_Listeria_monocytogenes_SA_outbreak_2017_1	(30, 3669.0)	(40, 7180.0)	(50, 7769.0)	(60, 8083.0)	(70, 8461.0)	(80, 8523.0)	(90, 8746.0)	(100, 9061.0)	(110, 9393.0)	(120, 9708.0)	(130, 10238.0)	(140, 11102.0)	(150, 11648.0)	(160, 12542.0)	(170, 13665.0)	(180, 14891.0)	(190, 15632.0)	(200, 16462.0)	(210, 17693.0)	(220, 18409.0)	(230, 18630.0)	(240, 18836.0)	(250, 18943.0)	(260, 18709.0)	(270, 18011.0)	(280, 17436.0)	(290, 37725.0)	(300, 251654.0)
SRR27013309_Genome_Sequencing_of_Listeria_monocytogenes_SA_outbreak_2017_2	(30, 3619.0)	(40, 7103.0)	(50, 7674.0)	(60, 8064.0)	(70, 8341.0)	(80, 8359.0)	(90, 8549.0)	(100, 8776.0)	(110, 9062.0)	(120, 9303.0)	(130, 9773.0)	(140, 10490.0)	(150, 10934.0)	(160, 11623.0)	(170, 12367.0)	(180, 12971.0)	(190, 13211.0)	(200, 13540.0)	(210, 13769.0)	(220, 13660.0)	(230, 13235.0)	(240, 11816.0)	(250, 11254.0)	(260, 10708.0)	(270, 9244.0)	(280, 8262.0)	(290, 17714.0)	(300, 339398.0)
SRR27013310_Genome_Sequencing_of_Listeria_monocytogenes_SA_outbreak_2017_1	(30, 4899.0)	(40, 9565.0)	(50, 10736.0)	(60, 11086.0)	(70, 11350.0)	(80, 11396.0)	(90, 11647.0)	(100, 11494.0)	(110, 11763.0)	(120, 12085.0)	(130, 12368.0)	(140, 12685.0)	(150, 13246.0)	(160, 14111.0)	(170, 14977.0)	(180, 15732.0)	(190, 16575.0)	(200, 17294.0)	(210, 18245.0)	(220, 18525.0)	(230, 18440.0)	(240, 18631.0)	(250, 18595.0)	(260, 18056.0)	(270, 17103.0)	(280, 16048.0)	(290, 33939.0)	(300, 221320.0)
SRR27013310_Genome_Sequencing_of_Listeria_monocytogenes_SA_outbreak_2017_2	(30, 4880.0)	(40, 9485.0)	(50, 10638.0)	(60, 11014.0)	(70, 11174.0)	(80, 11177.0)	(90, 11405.0)	(100, 11191.0)	(110, 11369.0)	(120, 11597.0)	(130, 11826.0)	(140, 12037.0)	(150, 12437.0)	(160, 13122.0)	(170, 13571.0)	(180, 13769.0)	(190, 14077.0)	(200, 14124.0)	(210, 14130.0)	(220, 13651.0)	(230, 13082.0)	(240, 11736.0)	(250, 10889.0)	(260, 10259.0)	(270, 8752.0)	(280, 7716.0)	(290, 16361.0)	(300, 306442.0)
SRR27013311_Genome_Sequencing_of_Listeria_monocytogenes_SA_outbreak_2017_1	(30, 4090.0)	(40, 8192.0)	(50, 9019.0)	(60, 9477.0)	(70, 9991.0)	(80, 10063.0)	(90, 10219.0)	(100, 10474.0)	(110, 10803.0)	(120, 11036.0)	(130, 11466.0)	(140, 11960.0)	(150, 12654.0)	(160, 13265.0)	(170, 13942.0)	(180, 14736.0)	(190, 15501.0)	(200, 16203.0)	(210, 16702.0)	(220, 17348.0)	(230, 17671.0)	(240, 18336.0)	(250, 18114.0)	(260, 17690.0)	(270, 17298.0)	(280, 16791.0)	(290, 37160.0)	(300, 254148.0)
SRR27013311_Genome_Sequencing_of_Listeria_monocytogenes_SA_outbreak_2017_2	(30, 4067.0)	(40, 8105.0)	(50, 8960.0)	(60, 9407.0)	(70, 9868.0)	(80, 9862.0)	(90, 9970.0)	(100, 10159.0)	(110, 10426.0)	(120, 10633.0)	(130, 10945.0)	(140, 11296.0)	(150, 11820.0)	(160, 12238.0)	(170, 12669.0)	(180, 12841.0)	(190, 13053.0)	(200, 13312.0)	(210, 12860.0)	(220, 13041.0)	(230, 12392.0)	(240, 11576.0)	(250, 10878.0)	(260, 10157.0)	(270, 8879.0)	(280, 8120.0)	(290, 17258.0)	(300, 339557.0)
SRR27013312_Genome_Sequencing_of_Listeria_monocytogenes_SA_outbreak_2017_1	(30, 2849.0)	(40, 5599.0)	(50, 6419.0)	(60, 6680.0)	(70, 6997.0)	(80, 6812.0)	(90, 7055.0)	(100, 7244.0)	(110, 7331.0)	(120, 7448.0)	(130, 7579.0)	(140, 7871.0)	(150, 8094.0)	(160, 8758.0)	(170, 9315.0)	(180, 9812.0)	(190, 10564.0)	(200, 11527.0)	(210, 12191.0)	(220, 13198.0)	(230, 13842.0)	(240, 14437.0)	(250, 14768.0)	(260, 14894.0)	(270, 15240.0)	(280, 15028.0)	(290, 33243.0)	(300, 253081.0)
SRR27013312_Genome_Sequencing_of_Listeria_monocytogenes_SA_outbreak_2017_2	(30, 2849.0)	(40, 5594.0)	(50, 6438.0)	(60, 6677.0)	(70, 7002.0)	(80, 6834.0)	(90, 7059.0)	(100, 7221.0)	(110, 7314.0)	(120, 7429.0)	(130, 7548.0)	(140, 7778.0)	(150, 8007.0)	(160, 8637.0)	(170, 9146.0)	(180, 9614.0)	(190, 10276.0)	(200, 11073.0)	(210, 11600.0)	(220, 12534.0)	(230, 12836.0)	(240, 13101.0)	(250, 13066.0)	(260, 12753.0)	(270, 12436.0)	(280, 11728.0)	(290, 22226.0)	(300, 279100.0)
SRR27013313_Genome_Sequencing_of_Listeria_monocytogenes_SA_outbreak_2017_1	(30, 2608.0)	(40, 5438.0)	(50, 6071.0)	(60, 6634.0)	(70, 6923.0)	(80, 7016.0)	(90, 7314.0)	(100, 7421.0)	(110, 7634.0)	(120, 7981.0)	(130, 8225.0)	(140, 8818.0)	(150, 9225.0)	(160, 10090.0)	(170, 10734.0)	(180, 11737.0)	(190, 12623.0)	(200, 14091.0)	(210, 15002.0)	(220, 15892.0)	(230, 16710.0)	(240, 17512.0)	(250, 17775.0)	(260, 18015.0)	(270, 17819.0)	(280, 17606.0)	(290, 38254.0)	(300, 290137.0)
SRR27013313_Genome_Sequencing_of_Listeria_monocytogenes_SA_outbreak_2017_2	(30, 2608.0)	(40, 5433.0)	(50, 6076.0)	(60, 6650.0)	(70, 6930.0)	(80, 7008.0)	(90, 7322.0)	(100, 7409.0)	(110, 7594.0)	(120, 7888.0)	(130, 8124.0)	(140, 8705.0)	(150, 9089.0)	(160, 9943.0)	(170, 10528.0)	(180, 11449.0)	(190, 12225.0)	(200, 13580.0)	(210, 14310.0)	(220, 14901.0)	(230, 15448.0)	(240, 15870.0)	(250, 15691.0)	(260, 15391.0)	(270, 14440.0)	(280, 13476.0)	(290, 25423.0)	(300, 321794.0)
SRR27013314_Genome_Sequencing_of_Listeria_monocytogenes_SA_outbreak_2017_1	(30, 7152.0)	(40, 13468.0)	(50, 14770.0)	(60, 15242.0)	(70, 15290.0)	(80, 15388.0)	(90, 15250.0)	(100, 15646.0)	(110, 15861.0)	(120, 15896.0)	(130, 16308.0)	(140, 16892.0)	(150, 17341.0)	(160, 18655.0)	(170, 19292.0)	(180, 20578.0)	(190, 21682.0)	(200, 22548.0)	(210, 23425.0)	(220, 23890.0)	(230, 24104.0)	(240, 24062.0)	(250, 23805.0)	(260, 23539.0)	(270, 22194.0)	(280, 21161.0)	(290, 44719.0)	(300, 291632.0)
SRR27013314_Genome_Sequencing_of_Listeria_monocytogenes_SA_outbreak_2017_2	(30, 7109.0)	(40, 13334.0)	(50, 14692.0)	(60, 15164.0)	(70, 15122.0)	(80, 15091.0)	(90, 14927.0)	(100, 15231.0)	(110, 15389.0)	(120, 15343.0)	(130, 15627.0)	(140, 16060.0)	(150, 16351.0)	(160, 17412.0)	(170, 17629.0)	(180, 18109.0)	(190, 18599.0)	(200, 18699.0)	(210, 18484.0)	(220, 18128.0)	(230, 17418.0)	(240, 15603.0)	(250, 14541.0)	(260, 14017.0)	(270, 11803.0)	(280, 10463.0)	(290, 21349.0)	(300, 398096.0)
SRR27013315_Genome_Sequencing_of_Listeria_monocytogenes_SA_outbreak_2017_1	(30, 2770.0)	(40, 5653.0)	(50, 6317.0)	(60, 6708.0)	(70, 7123.0)	(80, 7344.0)	(90, 7909.0)	(100, 8524.0)	(110, 9252.0)	(120, 10205.0)	(130, 11143.0)	(140, 12647.0)	(150, 14438.0)	(160, 15699.0)	(170, 17640.0)	(180, 19305.0)	(190, 21305.0)	(200, 22667.0)	(210, 24228.0)	(220, 24851.0)	(230, 25540.0)	(240, 25874.0)	(250, 25343.0)	(260, 24855.0)	(270, 23674.0)	(280, 22298.0)	(290, 39063.0)	(300, 251911.0)
SRR27013316_Genome_Sequencing_of_Listeria_monocytogenes_SA_outbreak_2017_1	(30, 2818.0)	(40, 5893.0)	(50, 7004.0)	(60, 7570.0)	(70, 7895.0)	(80, 8274.0)	(90, 8586.0)	(100, 8961.0)	(110, 9466.0)	(120, 10221.0)	(130, 10700.0)	(140, 11668.0)	(150, 12666.0)	(160, 13727.0)	(170, 14985.0)	(180, 15898.0)	(190, 17068.0)	(200, 18032.0)	(210, 19046.0)	(220, 19677.0)	(230, 19847.0)	(240, 20733.0)	(250, 20376.0)	(260, 20070.0)	(270, 19648.0)	(280, 18704.0)	(290, 37687.0)	(300, 266995.0)
SRR27013316_Genome_Sequencing_of_Listeria_monocytogenes_SA_outbreak_2017_2	(30, 2820.0)	(40, 5916.0)	(50, 7018.0)	(60, 7586.0)	(70, 7894.0)	(80, 8298.0)	(90, 8628.0)	(100, 8983.0)	(110, 9472.0)	(120, 10218.0)	(130, 10715.0)	(140, 11619.0)	(150, 12578.0)	(160, 13646.0)	(170, 14808.0)	(180, 15665.0)	(190, 16735.0)	(200, 17583.0)	(210, 18448.0)	(220, 18848.0)	(230, 18744.0)	(240, 19143.0)	(250, 18458.0)	(260, 17602.0)	(270, 16517.0)	(280, 14916.0)	(290, 25246.0)	(300, 296111.0)
SRR27013317_Genome_Sequencing_of_Listeria_monocytogenes_SA_outbreak_2017_2	(30, 3579.0)	(40, 6987.0)	(50, 7701.0)	(60, 8337.0)	(70, 8514.0)	(80, 8643.0)	(90, 8655.0)	(100, 8960.0)	(110, 9320.0)	(120, 9601.0)	(130, 10248.0)	(140, 10926.0)	(150, 11646.0)	(160, 12887.0)	(170, 13891.0)	(180, 14846.0)	(190, 16054.0)	(200, 17291.0)	(210, 18292.0)	(220, 18834.0)	(230, 18736.0)	(240, 18728.0)	(250, 18170.0)	(260, 17255.0)	(270, 15493.0)	(280, 14203.0)	(290, 26900.0)	(300, 327085.0)
SRR27013318_Genome_Sequencing_of_Listeria_monocytogenes_SA_outbreak_2017_1	(30, 991.0)	(40, 2157.0)	(50, 2530.0)	(60, 2775.0)	(70, 3280.0)	(80, 3309.0)	(90, 3636.0)	(100, 3887.0)	(110, 4151.0)	(120, 4499.0)	(130, 4839.0)	(140, 5466.0)	(150, 5836.0)	(160, 6436.0)	(170, 6952.0)	(180, 7687.0)	(190, 8297.0)	(200, 9240.0)	(210, 9767.0)	(220, 10248.0)	(230, 10989.0)	(240, 11349.0)	(250, 11907.0)	(260, 12435.0)	(270, 12780.0)	(280, 12898.0)	(290, 32442.0)	(300, 243995.0)
SRR27013318_Genome_Sequencing_of_Listeria_monocytogenes_SA_outbreak_2017_2	(30, 975.0)	(40, 2127.0)	(50, 2492.0)	(60, 2739.0)	(70, 3218.0)	(80, 3239.0)	(90, 3554.0)	(100, 3792.0)	(110, 4034.0)	(120, 4393.0)	(130, 4644.0)	(140, 5282.0)	(150, 5589.0)	(160, 6158.0)	(170, 6602.0)	(180, 7248.0)	(190, 7743.0)	(200, 8572.0)	(210, 8960.0)	(220, 9213.0)	(230, 9657.0)	(240, 9639.0)	(250, 9942.0)	(260, 10011.0)	(270, 10130.0)	(280, 9952.0)	(290, 25966.0)	(300, 268907.0)
SRR27013319_Genome_Sequencing_of_Listeria_monocytogenes_SA_outbreak_2017_1	(30, 2165.0)	(40, 4186.0)	(50, 4796.0)	(60, 5152.0)	(70, 5333.0)	(80, 5570.0)	(90, 5748.0)	(100, 5874.0)	(110, 6156.0)	(120, 6375.0)	(130, 6868.0)	(140, 7308.0)	(150, 7705.0)	(160, 8293.0)	(170, 8945.0)	(180, 9501.0)	(190, 10213.0)	(200, 11013.0)	(210, 11495.0)	(220, 12064.0)	(230, 12079.0)	(240, 12533.0)	(250, 12711.0)	(260, 12529.0)	(270, 12442.0)	(280, 12205.0)	(290, 31533.0)	(300, 224723.0)
SRR27013319_Genome_Sequencing_of_Listeria_monocytogenes_SA_outbreak_2017_2	(30, 2152.0)	(40, 4171.0)	(50, 4785.0)	(60, 5160.0)	(70, 5290.0)	(80, 5502.0)	(90, 5655.0)	(100, 5753.0)	(110, 6032.0)	(120, 6198.0)	(130, 6635.0)	(140, 7051.0)	(150, 7323.0)	(160, 7791.0)	(170, 8239.0)	(180, 8546.0)	(190, 8832.0)	(200, 9318.0)	(210, 9238.0)	(220, 9408.0)	(230, 8902.0)	(240, 8357.0)	(250, 7992.0)	(260, 7666.0)	(270, 6869.0)	(280, 6410.0)	(290, 14237.0)	(300, 282003.0)
SRR27013320_Genome_Sequencing_of_Listeria_monocytogenes_SA_outbreak_2017_2	(30, 3316.0)	(40, 6525.0)	(50, 7397.0)	(60, 7855.0)	(70, 8253.0)	(80, 8585.0)	(90, 8952.0)	(100, 9557.0)	(110, 9861.0)	(120, 10643.0)	(130, 11799.0)	(140, 12641.0)	(150, 13867.0)	(160, 14913.0)	(170, 16353.0)	(180, 17491.0)	(190, 18895.0)	(200, 19930.0)	(210, 20594.0)	(220, 21013.0)	(230, 21083.0)	(240, 20792.0)	(250, 19851.0)	(260, 18774.0)	(270, 16561.0)	(280, 15159.0)	(290, 25859.0)	(300, 288006.0)
SRR27013321_Genome_Sequencing_of_Listeria_monocytogenes_SA_outbreak_2017_1	(30, 4140.0)	(40, 8015.0)	(50, 9344.0)	(60, 9823.0)	(70, 10379.0)	(80, 10713.0)	(90, 10880.0)	(100, 11222.0)	(110, 11842.0)	(120, 12537.0)	(130, 12857.0)	(140, 13849.0)	(150, 14849.0)	(160, 16389.0)	(170, 17529.0)	(180, 18849.0)	(190, 20221.0)	(200, 21613.0)	(210, 22941.0)	(220, 23766.0)	(230, 24219.0)	(240, 24437.0)	(250, 24366.0)	(260, 23977.0)	(270, 22771.0)	(280, 21915.0)	(290, 40629.0)	(300, 274709.0)
SRR27013321_Genome_Sequencing_of_Listeria_monocytogenes_SA_outbreak_2017_2	(30, 4143.0)	(40, 8011.0)	(50, 9326.0)	(60, 9821.0)	(70, 10333.0)	(80, 10676.0)	(90, 10884.0)	(100, 11197.0)	(110, 11764.0)	(120, 12410.0)	(130, 12719.0)	(140, 13674.0)	(150, 14659.0)	(160, 16046.0)	(170, 17126.0)	(180, 18321.0)	(190, 19513.0)	(200, 20714.0)	(210, 21742.0)	(220, 22163.0)	(230, 22204.0)	(240, 21796.0)	(250, 21318.0)	(260, 19997.0)	(270, 18067.0)	(280, 16468.0)	(290, 27730.0)	(300, 315959.0)
SRR27013322_Genome_Sequencing_of_Listeria_monocytogenes_SA_outbreak_2017_1	(30, 3244.0)	(40, 6571.0)	(50, 7314.0)	(60, 7898.0)	(70, 8163.0)	(80, 8415.0)	(90, 8693.0)	(100, 9376.0)	(110, 9863.0)	(120, 10773.0)	(130, 11936.0)	(140, 12968.0)	(150, 14516.0)	(160, 16247.0)	(170, 17696.0)	(180, 19257.0)	(190, 21409.0)	(200, 22948.0)	(210, 24398.0)	(220, 25655.0)	(230, 26351.0)	(240, 26394.0)	(250, 26463.0)	(260, 26205.0)	(270, 24791.0)	(280, 23903.0)	(290, 43166.0)	(300, 288837.0)
SRR27013322_Genome_Sequencing_of_Listeria_monocytogenes_SA_outbreak_2017_2	(30, 3214.0)	(40, 6542.0)	(50, 7296.0)	(60, 7856.0)	(70, 8118.0)	(80, 8365.0)	(90, 8636.0)	(100, 9264.0)	(110, 9722.0)	(120, 10579.0)	(130, 11691.0)	(140, 12702.0)	(150, 14168.0)	(160, 15819.0)	(170, 17108.0)	(180, 18517.0)	(190, 20335.0)	(200, 21667.0)	(210, 22698.0)	(220, 23508.0)	(230, 23594.0)	(240, 23043.0)	(250, 22374.0)	(260, 20998.0)	(270, 18849.0)	(280, 17016.0)	(290, 29540.0)	(300, 340231.0)
SRR27013323_Genome_Sequencing_of_Listeria_monocytogenes_SA_outbreak_2017_1	(30, 3368.0)	(40, 6615.0)	(50, 7490.0)	(60, 7783.0)	(70, 8066.0)	(80, 8299.0)	(90, 8347.0)	(100, 8576.0)	(110, 8949.0)	(120, 9303.0)	(130, 9699.0)	(140, 10190.0)	(150, 10920.0)	(160, 11766.0)	(170, 12782.0)	(180, 13724.0)	(190, 14623.0)	(200, 15445.0)	(210, 16268.0)	(220, 17028.0)	(230, 17231.0)	(240, 17707.0)	(250, 17494.0)	(260, 17257.0)	(270, 16456.0)	(280, 15595.0)	(290, 34383.0)	(300, 231137.0)
SRR27013323_Genome_Sequencing_of_Listeria_monocytogenes_SA_outbreak_2017_2	(30, 3369.0)	(40, 6557.0)	(50, 7439.0)	(60, 7775.0)	(70, 7958.0)	(80, 8150.0)	(90, 8098.0)	(100, 8328.0)	(110, 8601.0)	(120, 8817.0)	(130, 9162.0)	(140, 9520.0)	(150, 10002.0)	(160, 10631.0)	(170, 11317.0)	(180, 11618.0)	(190, 11836.0)	(200, 11903.0)	(210, 11924.0)	(220, 11890.0)	(230, 11232.0)	(240, 10087.0)	(250, 9268.0)	(260, 8731.0)	(270, 7315.0)	(280, 6588.0)	(290, 15294.0)	(300, 323091.0)
SRR27013324_Genome_Sequencing_of_Listeria_monocytogenes_SA_outbreak_2017_1	(30, 3058.0)	(40, 6053.0)	(50, 6931.0)	(60, 7492.0)	(70, 7957.0)	(80, 8226.0)	(90, 8619.0)	(100, 8990.0)	(110, 9610.0)	(120, 10187.0)	(130, 10978.0)	(140, 11936.0)	(150, 12881.0)	(160, 14014.0)	(170, 15156.0)	(180, 15989.0)	(190, 17499.0)	(200, 18888.0)	(210, 19639.0)	(220, 20272.0)	(230, 20674.0)	(240, 21095.0)	(250, 20837.0)	(260, 20756.0)	(270, 20211.0)	(280, 19167.0)	(290, 37474.0)	(300, 263735.0)
SRR27013324_Genome_Sequencing_of_Listeria_monocytogenes_SA_outbreak_2017_2	(30, 3053.0)	(40, 6049.0)	(50, 6914.0)	(60, 7480.0)	(70, 7971.0)	(80, 8234.0)	(90, 8607.0)	(100, 8985.0)	(110, 9579.0)	(120, 10093.0)	(130, 10860.0)	(140, 11763.0)	(150, 12705.0)	(160, 13774.0)	(170, 14881.0)	(180, 15599.0)	(190, 16907.0)	(200, 18121.0)	(210, 18636.0)	(220, 19021.0)	(230, 19137.0)	(240, 18964.0)	(250, 18339.0)	(260, 17525.0)	(270, 16146.0)	(280, 14562.0)	(290, 25140.0)	(300, 299279.0)
SRR27013325_Genome_Sequencing_of_Listeria_monocytogenes_SA_outbreak_2017_1	(30, 4016.0)	(40, 7414.0)	(50, 8600.0)	(60, 8999.0)	(70, 9296.0)	(80, 9516.0)	(90, 10109.0)	(100, 10371.0)	(110, 11106.0)	(120, 11737.0)	(130, 12755.0)	(140, 13881.0)	(150, 15652.0)	(160, 16716.0)	(170, 18451.0)	(180, 20031.0)	(190, 21616.0)	(200, 23092.0)	(210, 24382.0)	(220, 25258.0)	(230, 25432.0)	(240, 25579.0)	(250, 25191.0)	(260, 24586.0)	(270, 23787.0)	(280, 22435.0)	(290, 40885.0)	(300, 278073.0)
SRR27013325_Genome_Sequencing_of_Listeria_monocytogenes_SA_outbreak_2017_2	(30, 3978.0)	(40, 7381.0)	(50, 8554.0)	(60, 8968.0)	(70, 9278.0)	(80, 9463.0)	(90, 10030.0)	(100, 10274.0)	(110, 10967.0)	(120, 11553.0)	(130, 12549.0)	(140, 13584.0)	(150, 15308.0)	(160, 16272.0)	(170, 17949.0)	(180, 19271.0)	(190, 20595.0)	(200, 21739.0)	(210, 22698.0)	(220, 23120.0)	(230, 22818.0)	(240, 22335.0)	(250, 21382.0)	(260, 19844.0)	(270, 18107.0)	(280, 16112.0)	(290, 28264.0)	(300, 326573.0)
SRR27013326_Genome_Sequencing_of_Listeria_monocytogenes_SA_outbreak_2017_1	(30, 3386.0)	(40, 7079.0)	(50, 8203.0)	(60, 8942.0)	(70, 9236.0)	(80, 9406.0)	(90, 9927.0)	(100, 10336.0)	(110, 10730.0)	(120, 11155.0)	(130, 11727.0)	(140, 12685.0)	(150, 13513.0)	(160, 14826.0)	(170, 15833.0)	(180, 16607.0)	(190, 18393.0)	(200, 19518.0)	(210, 20386.0)	(220, 21206.0)	(230, 21603.0)	(240, 21954.0)	(250, 21935.0)	(260, 21234.0)	(270, 20688.0)	(280, 19853.0)	(290, 36720.0)	(300, 252837.0)
SRR27013326_Genome_Sequencing_of_Listeria_monocytogenes_SA_outbreak_2017_2	(30, 3371.0)	(40, 7044.0)	(50, 8206.0)	(60, 8943.0)	(70, 9229.0)	(80, 9413.0)	(90, 9886.0)	(100, 10299.0)	(110, 10653.0)	(120, 11027.0)	(130, 11553.0)	(140, 12510.0)	(150, 13297.0)	(160, 14520.0)	(170, 15415.0)	(180, 16101.0)	(190, 17689.0)	(200, 18571.0)	(210, 19234.0)	(220, 19653.0)	(230, 19674.0)	(240, 19562.0)	(250, 19040.0)	(260, 17534.0)	(270, 16278.0)	(280, 14796.0)	(290, 25154.0)	(300, 291266.0)
SRR27013327_Genome_Sequencing_of_Listeria_monocytogenes_SA_outbreak_2017_1	(30, 2438.0)	(40, 4947.0)	(50, 5594.0)	(60, 6074.0)	(70, 6313.0)	(80, 6494.0)	(90, 6746.0)	(100, 6972.0)	(110, 7388.0)	(120, 7806.0)	(130, 8465.0)	(140, 9116.0)	(150, 9762.0)	(160, 11080.0)	(170, 12073.0)	(180, 13041.0)	(190, 14512.0)	(200, 15825.0)	(210, 16981.0)	(220, 17977.0)	(230, 19021.0)	(240, 19747.0)	(250, 19882.0)	(260, 20175.0)	(270, 19537.0)	(280, 19369.0)	(290, 39889.0)	(300, 295734.0)
SRR27013327_Genome_Sequencing_of_Listeria_monocytogenes_SA_outbreak_2017_2	(30, 2400.0)	(40, 4886.0)	(50, 5520.0)	(60, 6021.0)	(70, 6207.0)	(80, 6386.0)	(90, 6604.0)	(100, 6779.0)	(110, 7197.0)	(120, 7605.0)	(130, 8207.0)	(140, 8748.0)	(150, 9299.0)	(160, 10478.0)	(170, 11389.0)	(180, 12154.0)	(190, 13315.0)	(200, 14308.0)	(210, 14999.0)	(220, 15545.0)	(230, 15967.0)	(240, 15804.0)	(250, 15358.0)	(260, 14553.0)	(270, 13070.0)	(280, 12252.0)	(290, 26652.0)	(300, 351255.0)
SRR27013328_Genome_Sequencing_of_Listeria_monocytogenes_SA_outbreak_2017_2	(30, 3627.0)	(40, 6882.0)	(50, 7587.0)	(60, 7711.0)	(70, 7774.0)	(80, 7837.0)	(90, 7911.0)	(100, 8203.0)	(110, 8568.0)	(120, 8872.0)	(130, 9166.0)	(140, 9856.0)	(150, 10584.0)	(160, 11438.0)	(170, 12511.0)	(180, 13586.0)	(190, 14689.0)	(200, 15874.0)	(210, 16889.0)	(220, 17434.0)	(230, 17621.0)	(240, 17588.0)	(250, 17003.0)	(260, 15904.0)	(270, 14392.0)	(280, 13097.0)	(290, 24516.0)	(300, 299615.0)
SRR27013329_Genome_Sequencing_of_Listeria_monocytogenes_SA_outbreak_2017_1	(30, 5074.0)	(40, 10136.0)	(50, 11611.0)	(60, 11832.0)	(70, 12264.0)	(80, 12362.0)	(90, 12422.0)	(100, 12716.0)	(110, 12918.0)	(120, 13363.0)	(130, 13902.0)	(140, 14833.0)	(150, 15783.0)	(160, 16943.0)	(170, 18165.0)	(180, 19304.0)	(190, 20533.0)	(200, 22185.0)	(210, 23284.0)	(220, 24380.0)	(230, 25104.0)	(240, 25612.0)	(250, 25918.0)	(260, 25607.0)	(270, 25102.0)	(280, 24334.0)	(290, 47094.0)	(300, 325614.0)
SRR27013329_Genome_Sequencing_of_Listeria_monocytogenes_SA_outbreak_2017_2	(30, 4974.0)	(40, 9987.0)	(50, 11465.0)	(60, 11702.0)	(70, 12124.0)	(80, 12266.0)	(90, 12276.0)	(100, 12514.0)	(110, 12690.0)	(120, 13122.0)	(130, 13667.0)	(140, 14542.0)	(150, 15336.0)	(160, 16288.0)	(170, 17365.0)	(180, 18341.0)	(190, 19506.0)	(200, 20709.0)	(210, 21407.0)	(220, 21930.0)	(230, 22050.0)	(240, 21852.0)	(250, 21405.0)	(260, 20124.0)	(270, 18632.0)	(280, 17461.0)	(290, 39009.0)	(300, 375651.0)
SRR27013331_Genome_Sequencing_of_Listeria_monocytogenes_SA_outbreak_2017_1	(30, 5251.0)	(40, 10306.0)	(50, 11684.0)	(60, 12046.0)	(70, 12139.0)	(80, 12269.0)	(90, 12258.0)	(100, 12563.0)	(110, 12807.0)	(120, 13185.0)	(130, 13621.0)	(140, 14432.0)	(150, 15671.0)	(160, 16454.0)	(170, 17839.0)	(180, 18733.0)	(190, 20222.0)	(200, 21625.0)	(210, 23184.0)	(220, 24488.0)	(230, 25219.0)	(240, 26088.0)	(250, 26148.0)	(260, 26537.0)	(270, 26267.0)	(280, 25662.0)	(290, 52636.0)	(300, 380011.0)
SRR27013332_Genome_Sequencing_of_Listeria_monocytogenes_SA_outbreak_2017_1	(30, 4199.0)	(40, 9295.0)	(50, 10476.0)	(60, 10929.0)	(70, 11084.0)	(80, 11365.0)	(90, 11269.0)	(100, 11585.0)	(110, 11848.0)	(120, 12122.0)	(130, 12538.0)	(140, 12845.0)	(150, 13739.0)	(160, 14496.0)	(170, 15404.0)	(180, 16581.0)	(190, 17683.0)	(200, 18843.0)	(210, 19927.0)	(220, 21056.0)	(230, 21931.0)	(240, 22829.0)	(250, 23137.0)	(260, 23475.0)	(270, 23258.0)	(280, 22786.0)	(290, 49553.0)	(300, 371054.0)
SRR27013332_Genome_Sequencing_of_Listeria_monocytogenes_SA_outbreak_2017_2	(30, 4146.0)	(40, 9110.0)	(50, 10308.0)	(60, 10734.0)	(70, 10927.0)	(80, 11230.0)	(90, 11139.0)	(100, 11327.0)	(110, 11511.0)	(120, 11847.0)	(130, 12155.0)	(140, 12490.0)	(150, 13251.0)	(160, 13844.0)	(170, 14468.0)	(180, 15508.0)	(190, 16561.0)	(200, 17405.0)	(210, 18055.0)	(220, 18694.0)	(230, 18735.0)	(240, 19026.0)	(250, 18579.0)	(260, 17878.0)	(270, 16745.0)	(280, 15905.0)	(290, 40734.0)	(300, 422995.0)
SRR27013333_Genome_Sequencing_of_Listeria_monocytogenes_SA_outbreak_2017_1	(30, 3975.0)	(40, 8190.0)	(50, 9416.0)	(60, 9891.0)	(70, 10204.0)	(80, 10306.0)	(90, 10582.0)	(100, 10670.0)	(110, 11259.0)	(120, 11798.0)	(130, 12247.0)	(140, 13143.0)	(150, 14450.0)	(160, 15185.0)	(170, 16587.0)	(180, 18102.0)	(190, 19552.0)	(200, 21422.0)	(210, 23496.0)	(220, 24696.0)	(230, 25935.0)	(240, 26859.0)	(250, 27204.0)	(260, 27401.0)	(270, 27043.0)	(280, 26796.0)	(290, 55781.0)	(300, 407598.0)
SRR27013334_Genome_Sequencing_of_Listeria_monocytogenes_SA_outbreak_2017_1	(30, 6589.0)	(40, 13330.0)	(50, 14589.0)	(60, 15194.0)	(70, 15248.0)	(80, 15465.0)	(90, 15631.0)	(100, 15539.0)	(110, 15724.0)	(120, 16162.0)	(130, 16852.0)	(140, 17822.0)	(150, 19024.0)	(160, 20327.0)	(170, 21700.0)	(180, 23374.0)	(190, 25179.0)	(200, 27179.0)	(210, 29095.0)	(220, 30442.0)	(230, 31544.0)	(240, 32440.0)	(250, 32913.0)	(260, 33101.0)	(270, 32420.0)	(280, 31240.0)	(290, 62230.0)	(300, 441426.0)
SRR27013334_Genome_Sequencing_of_Listeria_monocytogenes_SA_outbreak_2017_2	(30, 6446.0)	(40, 13134.0)	(50, 14402.0)	(60, 15035.0)	(70, 15090.0)	(80, 15330.0)	(90, 15515.0)	(100, 15360.0)	(110, 15477.0)	(120, 15816.0)	(130, 16486.0)	(140, 17548.0)	(150, 18436.0)	(160, 19636.0)	(170, 20766.0)	(180, 22281.0)	(190, 23879.0)	(200, 25558.0)	(210, 26898.0)	(220, 27606.0)	(230, 27749.0)	(240, 27716.0)	(250, 27425.0)	(260, 26168.0)	(270, 24208.0)	(280, 22690.0)	(290, 51054.0)	(300, 504070.0)
SRR27013335_Genome_Sequencing_of_Listeria_monocytogenes_SA_outbreak_2017_1	(30, 4915.0)	(40, 10038.0)	(50, 11178.0)	(60, 11701.0)	(70, 11895.0)	(80, 11762.0)	(90, 11801.0)	(100, 11929.0)	(110, 12257.0)	(120, 12618.0)	(130, 12990.0)	(140, 13461.0)	(150, 14641.0)	(160, 15594.0)	(170, 16638.0)	(180, 17884.0)	(190, 19561.0)	(200, 20713.0)	(210, 22431.0)	(220, 23318.0)	(230, 24012.0)	(240, 25160.0)	(250, 25344.0)	(260, 25437.0)	(270, 25050.0)	(280, 24371.0)	(290, 49446.0)	(300, 352514.0)
SRR27013335_Genome_Sequencing_of_Listeria_monocytogenes_SA_outbreak_2017_2	(30, 4789.0)	(40, 9904.0)	(50, 11015.0)	(60, 11537.0)	(70, 11765.0)	(80, 11637.0)	(90, 11664.0)	(100, 11770.0)	(110, 12029.0)	(120, 12350.0)	(130, 12761.0)	(140, 13158.0)	(150, 14219.0)	(160, 14973.0)	(170, 15843.0)	(180, 16946.0)	(190, 18455.0)	(200, 19412.0)	(210, 20571.0)	(220, 21059.0)	(230, 21096.0)	(240, 21426.0)	(250, 20886.0)	(260, 19958.0)	(270, 18576.0)	(280, 17618.0)	(290, 40747.0)	(300, 402495.0)
SRR27013336_Genome_Sequencing_of_Listeria_monocytogenes_SA_outbreak_2017_1	(30, 3678.0)	(40, 7976.0)	(50, 9014.0)	(60, 9257.0)	(70, 9701.0)	(80, 9732.0)	(90, 9883.0)	(100, 10050.0)	(110, 10368.0)	(120, 10915.0)	(130, 11518.0)	(140, 12210.0)	(150, 13234.0)	(160, 14079.0)	(170, 15309.0)	(180, 16270.0)	(190, 17825.0)	(200, 19232.0)	(210, 20835.0)	(220, 21820.0)	(230, 22904.0)	(240, 23736.0)	(250, 24415.0)	(260, 24735.0)	(270, 24208.0)	(280, 24106.0)	(290, 51101.0)	(300, 380990.0)
SRR27013336_Genome_Sequencing_of_Listeria_monocytogenes_SA_outbreak_2017_2	(30, 3577.0)	(40, 7765.0)	(50, 8829.0)	(60, 9094.0)	(70, 9513.0)	(80, 9583.0)	(90, 9705.0)	(100, 9837.0)	(110, 10063.0)	(120, 10574.0)	(130, 11200.0)	(140, 11789.0)	(150, 12683.0)	(160, 13316.0)	(170, 14345.0)	(180, 15143.0)	(190, 16493.0)	(200, 17640.0)	(210, 18653.0)	(220, 18992.0)	(230, 19334.0)	(240, 19347.0)	(250, 19267.0)	(260, 18279.0)	(270, 16894.0)	(280, 16333.0)	(290, 42463.0)	(300, 438390.0)
SRR27013337_Genome_Sequencing_of_Listeria_monocytogenes_SA_outbreak_2017_1	(30, 2174.0)	(40, 4858.0)	(50, 5579.0)	(60, 6058.0)	(70, 6340.0)	(80, 6366.0)	(90, 6518.0)	(100, 6888.0)	(110, 7181.0)	(120, 7662.0)	(130, 8198.0)	(140, 8389.0)	(150, 9179.0)	(160, 9964.0)	(170, 10789.0)	(180, 11765.0)	(190, 12473.0)	(200, 13407.0)	(210, 14182.0)	(220, 15278.0)	(230, 15569.0)	(240, 16291.0)	(250, 16719.0)	(260, 17127.0)	(270, 17168.0)	(280, 16983.0)	(290, 41952.0)	(300, 345385.0)
SRR27013337_Genome_Sequencing_of_Listeria_monocytogenes_SA_outbreak_2017_2	(30, 2102.0)	(40, 4758.0)	(50, 5504.0)	(60, 5953.0)	(70, 6241.0)	(80, 6275.0)	(90, 6392.0)	(100, 6724.0)	(110, 6995.0)	(120, 7449.0)	(130, 7924.0)	(140, 8106.0)	(150, 8741.0)	(160, 9388.0)	(170, 10028.0)	(180, 10825.0)	(190, 11494.0)	(200, 12097.0)	(210, 12607.0)	(220, 13258.0)	(230, 13114.0)	(240, 13186.0)	(250, 13085.0)	(260, 12655.0)	(270, 11790.0)	(280, 11350.0)	(290, 33794.0)	(300, 388607.0)
SRR27013338_Genome_Sequencing_of_Listeria_monocytogenes_SA_outbreak_2017_1	(30, 696.0)	(40, 1617.0)	(50, 1930.0)	(60, 2153.0)	(70, 2486.0)	(80, 2894.0)	(90, 3303.0)	(100, 3677.0)	(110, 4344.0)	(120, 5031.0)	(130, 5622.0)	(140, 6605.0)	(150, 7752.0)	(160, 8782.0)	(170, 9773.0)	(180, 11412.0)	(190, 12498.0)	(200, 13826.0)	(210, 14877.0)	(220, 15913.0)	(230, 16918.0)	(240, 17738.0)	(250, 18609.0)	(260, 19099.0)	(270, 19424.0)	(280, 19867.0)	(290, 46172.0)	(300, 371373.0)
SRR27013339_Genome_Sequencing_of_Listeria_monocytogenes_SA_outbreak_2017_1	(30, 2890.0)	(40, 5772.0)	(50, 6479.0)	(60, 6914.0)	(70, 7078.0)	(80, 7107.0)	(90, 7287.0)	(100, 7481.0)	(110, 7715.0)	(120, 8283.0)	(130, 8496.0)	(140, 9068.0)	(150, 9776.0)	(160, 10389.0)	(170, 11201.0)	(180, 11961.0)	(190, 12872.0)	(200, 14084.0)	(210, 15332.0)	(220, 16205.0)	(230, 17212.0)	(240, 18320.0)	(250, 19481.0)	(260, 20033.0)	(270, 20889.0)	(280, 21277.0)	(290, 48862.0)	(300, 354695.0)
SRR27013339_Genome_Sequencing_of_Listeria_monocytogenes_SA_outbreak_2017_2	(30, 2815.0)	(40, 5648.0)	(50, 6346.0)	(60, 6782.0)	(70, 6938.0)	(80, 6945.0)	(90, 7116.0)	(100, 7263.0)	(110, 7473.0)	(120, 7980.0)	(130, 8135.0)	(140, 8621.0)	(150, 9249.0)	(160, 9818.0)	(170, 10508.0)	(180, 11161.0)	(190, 11909.0)	(200, 12933.0)	(210, 13877.0)	(220, 14474.0)	(230, 14980.0)	(240, 15489.0)	(250, 15956.0)	(260, 16040.0)	(270, 16309.0)	(280, 16026.0)	(290, 39598.0)	(300, 396770.0)
SRR27013340_Genome_Sequencing_of_Listeria_monocytogenes_SA_outbreak_2017_1	(30, 322.0)	(40, 712.0)	(50, 856.0)	(60, 950.0)	(70, 1102.0)	(80, 1237.0)	(90, 1451.0)	(100, 1673.0)	(110, 1826.0)	(120, 2249.0)	(130, 2728.0)	(140, 3208.0)	(150, 3855.0)	(160, 4653.0)	(170, 5407.0)	(180, 6230.0)	(190, 7317.0)	(200, 8696.0)	(210, 9868.0)	(220, 10878.0)	(230, 11852.0)	(240, 12928.0)	(250, 13931.0)	(260, 15255.0)	(270, 15918.0)	(280, 16535.0)	(290, 46125.0)	(300, 394025.0)
SRR27013341_Genome_Sequencing_of_Listeria_monocytogenes_SA_outbreak_2017_1	(30, 7238.0)	(40, 14595.0)	(50, 16668.0)	(60, 17443.0)	(70, 17554.0)	(80, 17612.0)	(90, 17624.0)	(100, 17784.0)	(110, 18452.0)	(120, 18638.0)	(130, 19602.0)	(140, 20089.0)	(150, 21580.0)	(160, 22879.0)	(170, 24238.0)	(180, 25922.0)	(190, 27632.0)	(200, 29775.0)	(210, 31471.0)	(220, 32599.0)	(230, 33951.0)	(240, 34882.0)	(250, 35581.0)	(260, 34949.0)	(270, 33984.0)	(280, 33052.0)	(290, 61486.0)	(300, 411518.0)
SRR27013342_Genome_Sequencing_of_Listeria_monocytogenes_SA_outbreak_2017_1	(30, 3721.0)	(40, 8191.0)	(50, 9401.0)	(60, 9967.0)	(70, 10272.0)	(80, 10753.0)	(90, 11068.0)	(100, 11343.0)	(110, 11818.0)	(120, 11973.0)	(130, 12707.0)	(140, 13253.0)	(150, 14314.0)	(160, 15297.0)	(170, 16255.0)	(180, 17207.0)	(190, 18893.0)	(200, 19696.0)	(210, 20972.0)	(220, 21943.0)	(230, 22814.0)	(240, 23923.0)	(250, 24378.0)	(260, 25015.0)	(270, 24841.0)	(280, 24690.0)	(290, 53347.0)	(300, 401891.0)
SRR27013342_Genome_Sequencing_of_Listeria_monocytogenes_SA_outbreak_2017_2	(30, 3695.0)	(40, 8161.0)	(50, 9379.0)	(60, 9964.0)	(70, 10276.0)	(80, 10768.0)	(90, 11076.0)	(100, 11300.0)	(110, 11733.0)	(120, 11914.0)	(130, 12644.0)	(140, 13162.0)	(150, 14134.0)	(160, 15037.0)	(170, 15886.0)	(180, 16746.0)	(190, 18287.0)	(200, 18901.0)	(210, 19789.0)	(220, 20467.0)	(230, 20984.0)	(240, 21479.0)	(250, 21138.0)	(260, 20885.0)	(270, 19825.0)	(280, 18829.0)	(290, 44966.0)	(300, 438518.0)
SRR27013343_Genome_Sequencing_of_Listeria_monocytogenes_SA_outbreak_2017_1	(30, 8702.0)	(40, 17710.0)	(50, 19581.0)	(60, 20462.0)	(70, 20656.0)	(80, 20110.0)	(90, 20648.0)	(100, 20454.0)	(110, 20518.0)	(120, 20672.0)	(130, 20833.0)	(140, 20797.0)	(150, 21796.0)	(160, 22199.0)	(170, 23059.0)	(180, 24100.0)	(190, 25004.0)	(200, 25353.0)	(210, 26321.0)	(220, 27186.0)	(230, 27226.0)	(240, 27660.0)	(250, 27938.0)	(260, 28433.0)	(270, 27278.0)	(280, 26656.0)	(290, 54396.0)	(300, 393952.0)
SRR27013343_Genome_Sequencing_of_Listeria_monocytogenes_SA_outbreak_2017_2	(30, 8653.0)	(40, 17630.0)	(50, 19529.0)	(60, 20427.0)	(70, 20623.0)	(80, 20100.0)	(90, 20638.0)	(100, 20424.0)	(110, 20430.0)	(120, 20555.0)	(130, 20711.0)	(140, 20622.0)	(150, 21515.0)	(160, 21786.0)	(170, 22502.0)	(180, 23500.0)	(190, 24213.0)	(200, 24357.0)	(210, 24900.0)	(220, 25459.0)	(230, 25136.0)	(240, 24916.0)	(250, 24454.0)	(260, 24074.0)	(270, 22058.0)	(280, 20698.0)	(290, 46290.0)	(300, 433500.0)
