Sample	0	1	2	3	4	5	6	7	8	9	10	11	12	13	14	15
SRR27013147_Genome_Sequencing_of_Listeria_monocytogenes_SA_outbreak_2017_1	(1.0, 49.79593362816267)	(2.0, 20.55471409373732)	(3.0, 10.42415554963801)	(4.0, 5.8631169150345785)	(5.0, 3.5972462919421293)	(6.0, 2.1899666404959928)	(7.0, 1.4942509153160692)	(8.0, 0.9714041309959582)	(9.0, 0.7059383577230199)	('>10', 3.703065094092738)	('>50', 0.4964832948677923)	('>100', 0.05842798426526323)	('>500', 0.0)	('>1k', 0.14529710372843238)	('>5k', 0.0)	('>10k+', 0.0)
SRR27013147_Genome_Sequencing_of_Listeria_monocytogenes_SA_outbreak_2017_2	(1.0, 54.30716845091963)	(2.0, 19.266121671522477)	(3.0, 9.629107337013883)	(4.0, 5.402827569635164)	(5.0, 3.172587296696621)	(6.0, 1.869506071724124)	(7.0, 1.3022511708748703)	(8.0, 0.857436959235458)	(9.0, 0.573427004331179)	('>10', 3.054684786667666)	('>50', 0.3833570550856745)	('>100', 0.036676859609615885)	('>500', 0.0)	('>1k', 0.14484776668360977)	('>5k', 0.0)	('>10k+', 0.0)
SRR27013245_Genome_Sequencing_of_Listeria_monocytogenes_SA_outbreak_2017_1	(1.0, 71.3010422067246)	(2.0, 15.695458714732528)	(3.0, 5.468974001133744)	(4.0, 2.4540402509360035)	(5.0, 1.2646552954681705)	(6.0, 0.6911772224462404)	(7.0, 0.49201462592718787)	(8.0, 0.3071163188734366)	(9.0, 0.2405443377977528)	('>10', 1.9001599941753353)	('>50', 0.1471867598493959)	('>100', 0.03763027193560607)	('>500', 0.0)	('>1k', 0.0)	('>5k', 0.0)	('>10k+', 0.0)
SRR27013245_Genome_Sequencing_of_Listeria_monocytogenes_SA_outbreak_2017_2	(1.0, 74.53813404053545)	(2.0, 14.025328203151432)	(3.0, 4.922418483464829)	(4.0, 2.155164196748047)	(5.0, 1.0927393657880555)	(6.0, 0.5952999263194462)	(7.0, 0.3905893061197147)	(8.0, 0.2601979264001358)	(9.0, 0.20054183507301512)	('>10', 1.6532396817226718)	('>50', 0.13012246552113096)	('>100', 0.03622456915606576)	('>500', 0.0)	('>1k', 0.0)	('>5k', 0.0)	('>10k+', 0.0)
SRR27013246_Genome_Sequencing_of_Listeria_monocytogenes_SA_outbreak_2017_1	(1.0, 60.82873539439797)	(2.0, 19.266117743839416)	(3.0, 7.935997543681833)	(4.0, 3.807897331873621)	(5.0, 1.9983610500318876)	(6.0, 1.1616567580323434)	(7.0, 0.7198826664922024)	(8.0, 0.5233231218542022)	(9.0, 0.3884676386967291)	('>10', 2.960251411581977)	('>50', 0.3530699114193757)	('>100', 0.05623942809842845)	('>500', 0.0)	('>1k', 0.0)	('>5k', 0.0)	('>10k+', 0.0)
SRR27013246_Genome_Sequencing_of_Listeria_monocytogenes_SA_outbreak_2017_2	(1.0, 65.84340642703111)	(2.0, 17.509092262785128)	(3.0, 6.808255705368387)	(4.0, 3.1497643972209435)	(5.0, 1.678183989082201)	(6.0, 0.997682053739307)	(7.0, 0.6100384942718785)	(8.0, 0.3857427797938632)	(9.0, 0.28641561817933187)	('>10', 2.433271443868885)	('>50', 0.2507929015440537)	('>100', 0.0473539271148821)	('>500', 0.0)	('>1k', 0.0)	('>5k', 0.0)	('>10k+', 0.0)
SRR27013247_Genome_Sequencing_of_Listeria_monocytogenes_SA_outbreak_2017_1	(1.0, 65.118497740644)	(2.0, 19.37347606419965)	(3.0, 7.031556020063843)	(4.0, 3.179791099280447)	(5.0, 1.4827187763266956)	(6.0, 0.7418512464232971)	(7.0, 0.5040258090855305)	(8.0, 0.3483530965484035)	(9.0, 0.2440069067991101)	('>10', 1.8687109336156575)	('>50', 0.08169243080039643)	('>100', 0.025319876212988368)	('>500', 0.0)	('>1k', 0.0)	('>5k', 0.0)	('>10k+', 0.0)
SRR27013247_Genome_Sequencing_of_Listeria_monocytogenes_SA_outbreak_2017_2	(1.0, 70.31440988922236)	(2.0, 16.947206594846893)	(3.0, 5.947638391236382)	(4.0, 2.573194957840291)	(5.0, 1.2161350707984757)	(6.0, 0.6378814011408036)	(7.0, 0.3631631433932532)	(8.0, 0.25699942501665457)	(9.0, 0.20777648575043695)	('>10', 1.4757078136240784)	('>50', 0.059886827130377775)	('>100', 0.0)	('>500', 0.0)	('>1k', 0.0)	('>5k', 0.0)	('>10k+', 0.0)
SRR27013248_Genome_Sequencing_of_Listeria_monocytogenes_SA_outbreak_2017_2	(1.0, 59.96927320531439)	(2.0, 19.259209379934013)	(3.0, 8.410337842761423)	(4.0, 4.097608976748429)	(5.0, 2.2609832426386194)	(6.0, 1.2462968241042993)	(7.0, 0.8272041000073865)	(8.0, 0.5514535024689637)	(9.0, 0.419675593627931)	('>10', 2.688600593607528)	('>50', 0.22000767941370633)	('>100', 0.049349059373366984)	('>500', 0.0)	('>1k', 0.0)	('>5k', 0.0)	('>10k+', 0.0)
SRR27013249_Genome_Sequencing_of_Listeria_monocytogenes_SA_outbreak_2017_1	(1.0, 61.263442361428176)	(2.0, 20.709754678064414)	(3.0, 8.388842489234902)	(4.0, 3.831536170137559)	(5.0, 1.909642453977401)	(6.0, 1.109253220605027)	(7.0, 0.5949994706293568)	(8.0, 0.43040770974017895)	(9.0, 0.27883604020019714)	('>10', 1.4038219152266405)	('>50', 0.042503727613749785)	('>100', 0.03695976314239111)	('>500', 0.0)	('>1k', 0.0)	('>5k', 0.0)	('>10k+', 0.0)
SRR27013249_Genome_Sequencing_of_Listeria_monocytogenes_SA_outbreak_2017_2	(1.0, 65.50633222632393)	(2.0, 18.94553113338564)	(3.0, 7.469570290831698)	(4.0, 3.4012549211990115)	(5.0, 1.582407053420826)	(6.0, 0.9028511737073324)	(7.0, 0.5094014966681172)	(8.0, 0.3128332131261075)	(9.0, 0.22214587259101642)	('>10', 1.0934850771261655)	('>50', 0.019603683999105795)	('>100', 0.034583857621064)	('>500', 0.0)	('>1k', 0.0)	('>5k', 0.0)	('>10k+', 0.0)
SRR27013250_Genome_Sequencing_of_Listeria_monocytogenes_SA_outbreak_2017_1	(1.0, 55.5578128822407)	(2.0, 21.249180377830434)	(3.0, 9.804991844457033)	(4.0, 5.005107291779478)	(5.0, 2.7014164481542933)	(6.0, 1.5775741600280242)	(7.0, 0.9956346557693941)	(8.0, 0.6084276774342237)	(9.0, 0.41074857755137295)	('>10', 1.958947908228452)	('>50', 0.10527711073754027)	('>100', 0.02488106578906348)	('>500', 0.0)	('>1k', 0.0)	('>5k', 0.0)	('>10k+', 0.0)
SRR27013250_Genome_Sequencing_of_Listeria_monocytogenes_SA_outbreak_2017_2	(1.0, 59.0781330081495)	(2.0, 20.09402190911687)	(3.0, 9.135065467582418)	(4.0, 4.355225500348753)	(5.0, 2.34265970282342)	(6.0, 1.401274673443947)	(7.0, 0.8198679508215196)	(8.0, 0.6237610349137379)	(9.0, 0.3892195002138605)	('>10', 1.6721376462290125)	('>50', 0.06589966186928752)	('>100', 0.02273394448765814)	('>500', 0.0)	('>1k', 0.0)	('>5k', 0.0)	('>10k+', 0.0)
SRR27013251_Genome_Sequencing_of_Listeria_monocytogenes_SA_outbreak_2017_1	(1.0, 58.267054436619716)	(2.0, 15.482211699470941)	(3.0, 5.496248185412544)	(4.0, 2.39261135781094)	(5.0, 1.2807449675635694)	(6.0, 0.7543929141711198)	(7.0, 0.5638311171200129)	(8.0, 0.4785218001729137)	(9.0, 0.33527584578790665)	('>10', 7.027959794319173)	('>50', 3.1756958313093477)	('>100', 4.6190111920386245)	('>500', 0.12644085820316367)	('>1k', 0.0)	('>5k', 0.0)	('>10k+', 0.0)
SRR27013251_Genome_Sequencing_of_Listeria_monocytogenes_SA_outbreak_2017_2	(1.0, 62.73788611010974)	(2.0, 13.765630011839047)	(3.0, 4.794803496550844)	(4.0, 2.0642121374926474)	(5.0, 1.086223407097305)	(6.0, 0.6744679300142882)	(7.0, 0.4816487647579412)	(8.0, 0.39896358365066503)	(9.0, 0.28600955787953536)	('>10', 6.4539192588547785)	('>50', 2.999793592975252)	('>100', 4.1470809562717115)	('>500', 0.10936119250626843)	('>1k', 0.0)	('>5k', 0.0)	('>10k+', 0.0)
SRR27013252_Genome_Sequencing_of_Listeria_monocytogenes_SA_outbreak_2017_1	(1.0, 56.56641159041249)	(2.0, 19.981240876547897)	(3.0, 8.764689930466275)	(4.0, 4.422786624344063)	(5.0, 2.432686597028586)	(6.0, 1.4872665662908204)	(7.0, 0.98652938305456)	(8.0, 0.6293008320838427)	(9.0, 0.4818530956112829)	('>10', 3.6154936234291912)	('>50', 0.4917488070482273)	('>100', 0.13999207368280459)	('>500', 0.0)	('>1k', 0.0)	('>5k', 0.0)	('>10k+', 0.0)
SRR27013252_Genome_Sequencing_of_Listeria_monocytogenes_SA_outbreak_2017_2	(1.0, 60.54046986685903)	(2.0, 18.6282454165326)	(3.0, 7.961583712526808)	(4.0, 3.941037545183116)	(5.0, 2.2353478898807304)	(6.0, 1.1782694643041542)	(7.0, 0.8325567084481267)	(8.0, 0.5537959358173169)	(9.0, 0.40807510063634084)	('>10', 3.2129476249570286)	('>50', 0.4102264046619581)	('>100', 0.09744433019278416)	('>500', 0.0)	('>1k', 0.0)	('>5k', 0.0)	('>10k+', 0.0)
SRR27013253_Genome_Sequencing_of_Listeria_monocytogenes_SA_outbreak_2017_2	(1.0, 67.69318092620136)	(2.0, 18.3055775268011)	(3.0, 7.095811571330089)	(4.0, 2.9472542677674456)	(5.0, 1.4838977971375253)	(6.0, 0.7470091997534948)	(7.0, 0.4279166515237103)	(8.0, 0.2571254569295155)	(9.0, 0.16162328297324918)	('>10', 0.8572872842155975)	('>50', 0.023316035366917048)	('>100', 0.0)	('>500', 0.0)	('>1k', 0.0)	('>5k', 0.0)	('>10k+', 0.0)
SRR27013254_Genome_Sequencing_of_Listeria_monocytogenes_SA_outbreak_2017_1	(1.0, 59.01651307593034)	(2.0, 21.081923266595858)	(3.0, 9.081519636345455)	(4.0, 4.316155701793435)	(5.0, 2.3167404979121327)	(6.0, 1.2159727221342238)	(7.0, 0.690473423036892)	(8.0, 0.4421357805526136)	(9.0, 0.28927255509770317)	('>10', 1.4680987113372956)	('>50', 0.047544896311320854)	('>100', 0.033649732952730604)	('>500', 0.0)	('>1k', 0.0)	('>5k', 0.0)	('>10k+', 0.0)
SRR27013254_Genome_Sequencing_of_Listeria_monocytogenes_SA_outbreak_2017_2	(1.0, 62.82855392180823)	(2.0, 19.78989488817706)	(3.0, 8.205251768436492)	(4.0, 3.798315216566822)	(5.0, 1.948130797101719)	(6.0, 1.041747728400182)	(7.0, 0.551366805337698)	(8.0, 0.3461292474170213)	(9.0, 0.23410849779758708)	('>10', 1.1962588645889811)	('>50', 0.026941679342438206)	('>100', 0.0333005850257466)	('>500', 0.0)	('>1k', 0.0)	('>5k', 0.0)	('>10k+', 0.0)
SRR27013255_Genome_Sequencing_of_Listeria_monocytogenes_SA_outbreak_2017_1	(1.0, 62.42108170254068)	(2.0, 19.347478664338237)	(3.0, 8.01033845027347)	(4.0, 3.6344175983391973)	(5.0, 1.9104474498073776)	(6.0, 1.0881280492255478)	(7.0, 0.6671329388667109)	(8.0, 0.40574180715196817)	(9.0, 0.3165034307795339)	('>10', 1.9400561834847494)	('>50', 0.12055039095251112)	('>100', 0.0)	('>500', 0.1381233342400492)	('>1k', 0.0)	('>5k', 0.0)	('>10k+', 0.0)
SRR27013255_Genome_Sequencing_of_Listeria_monocytogenes_SA_outbreak_2017_2	(1.0, 67.45005842225757)	(2.0, 17.531300195395048)	(3.0, 6.791648279545261)	(4.0, 3.0536684000343497)	(5.0, 1.4831782358365262)	(6.0, 0.9093727167676218)	(7.0, 0.4891290516280805)	(8.0, 0.34614720518618836)	(9.0, 0.25118968434000366)	('>10', 1.516167702928919)	('>50', 0.042817058138037656)	('>100', 0.0)	('>500', 0.13532304794244)	('>1k', 0.0)	('>5k', 0.0)	('>10k+', 0.0)
SRR27013256_Genome_Sequencing_of_Listeria_monocytogenes_SA_outbreak_2017_1	(1.0, 60.16087306754252)	(2.0, 21.031403456311562)	(3.0, 8.75138511088554)	(4.0, 4.216379485920527)	(5.0, 2.092785757907007)	(6.0, 1.0576009204387626)	(7.0, 0.65531055321865)	(8.0, 0.4363621723841746)	(9.0, 0.25470234007109865)	('>10', 1.29916078797086)	('>50', 0.008604803505039334)	('>100', 0.035431543844279614)	('>500', 0.0)	('>1k', 0.0)	('>5k', 0.0)	('>10k+', 0.0)
SRR27013257_Genome_Sequencing_of_Listeria_monocytogenes_SA_outbreak_2017_1	(1.0, 63.88242698245974)	(2.0, 20.373709661389704)	(3.0, 7.807739984868922)	(4.0, 3.393005513211856)	(5.0, 1.6312496679358028)	(6.0, 0.8449184682860652)	(7.0, 0.5052442773849708)	(8.0, 0.3611862103384402)	(9.0, 0.21895921115114425)	('>10', 0.9691667790216386)	('>50', 0.012393243951719502)	('>100', 0.0)	('>500', 0.0)	('>1k', 0.0)	('>5k', 0.0)	('>10k+', 0.0)
SRR27013258_Genome_Sequencing_of_Listeria_monocytogenes_SA_outbreak_2017_1	(1.0, 63.158098896751426)	(2.0, 20.0990079427397)	(3.0, 8.11724047709602)	(4.0, 3.6232173796944878)	(5.0, 1.7950633745148288)	(6.0, 0.9065332043155634)	(7.0, 0.5338171418875541)	(8.0, 0.3718979166587307)	(9.0, 0.22633833015492938)	('>10', 1.1300680293819672)	('>50', 0.038717306804830175)	('>100', 0.0)	('>500', 0.0)	('>1k', 0.0)	('>5k', 0.0)	('>10k+', 0.0)
SRR27013258_Genome_Sequencing_of_Listeria_monocytogenes_SA_outbreak_2017_2	(1.0, 68.63481641245261)	(2.0, 17.949750524393533)	(3.0, 6.788190030858909)	(4.0, 2.9037621807690885)	(5.0, 1.369526133550909)	(6.0, 0.7485980834729791)	(7.0, 0.3609553191225932)	(8.0, 0.2265528585741141)	(9.0, 0.16953218773271808)	('>10', 0.830901634338734)	('>50', 0.017414634733813328)	('>100', 0.0)	('>500', 0.0)	('>1k', 0.0)	('>5k', 0.0)	('>10k+', 0.0)
SRR27013259_Genome_Sequencing_of_Listeria_monocytogenes_SA_outbreak_2017_1	(1.0, 64.4587696439133)	(2.0, 20.45968218582362)	(3.0, 7.694866449370763)	(4.0, 3.2433911609452695)	(5.0, 1.6192156414595462)	(6.0, 0.8269692694253504)	(7.0, 0.4918694538808743)	(8.0, 0.2797225949110262)	(9.0, 0.17674158886971414)	('>10', 0.7487720114005422)	('>50', 0.0)	('>100', 0.0)	('>500', 0.0)	('>1k', 0.0)	('>5k', 0.0)	('>10k+', 0.0)
SRR27013259_Genome_Sequencing_of_Listeria_monocytogenes_SA_outbreak_2017_2	(1.0, 72.27126817635873)	(2.0, 16.958540714222522)	(3.0, 5.887029524818501)	(4.0, 2.3841328277532634)	(5.0, 1.004603772951526)	(6.0, 0.5268465996405305)	(7.0, 0.281498004103273)	(8.0, 0.17167873991714452)	(9.0, 0.09701368844370425)	('>10', 0.40600014429065073)	('>50', 0.011387807500152333)	('>100', 0.0)	('>500', 0.0)	('>1k', 0.0)	('>5k', 0.0)	('>10k+', 0.0)
SRR27013260_Genome_Sequencing_of_Listeria_monocytogenes_SA_outbreak_2017_1	(1.0, 59.027870713947294)	(2.0, 20.865454813741145)	(3.0, 9.076266872785723)	(4.0, 4.3072052513630315)	(5.0, 2.1973776556270357)	(6.0, 1.282535740192078)	(7.0, 0.7390229330663068)	(8.0, 0.5108048014071448)	(9.0, 0.3418367946242672)	('>10', 1.5798898785924178)	('>50', 0.04739603843182025)	('>100', 0.02433850622174553)	('>500', 0.0)	('>1k', 0.0)	('>5k', 0.0)	('>10k+', 0.0)
SRR27013260_Genome_Sequencing_of_Listeria_monocytogenes_SA_outbreak_2017_2	(1.0, 65.56446120986298)	(2.0, 18.67705266869821)	(3.0, 7.453161348697379)	(4.0, 3.4105455390147696)	(5.0, 1.6598406203801794)	(6.0, 0.9640213113000528)	(7.0, 0.5302278772136202)	(8.0, 0.3346397719030349)	(9.0, 0.19357420345939366)	('>10', 1.1677208309239053)	('>50', 0.017805600927093525)	('>100', 0.026949017619384792)	('>500', 0.0)	('>1k', 0.0)	('>5k', 0.0)	('>10k+', 0.0)
SRR27013261_Genome_Sequencing_of_Listeria_monocytogenes_SA_outbreak_2017_1	(1.0, 58.21496637308701)	(2.0, 19.784742331432692)	(3.0, 8.669769701703906)	(4.0, 4.478700029121366)	(5.0, 2.3226568140020056)	(6.0, 1.4608640119983245)	(7.0, 0.9128238453900931)	(8.0, 0.5972610522534364)	(9.0, 0.3929399049775164)	('>10', 2.6821107822743584)	('>50', 0.3248274492502413)	('>100', 0.01661762047322663)	('>500', 0.14172008403581957)	('>1k', 0.0)	('>5k', 0.0)	('>10k+', 0.0)
SRR27013261_Genome_Sequencing_of_Listeria_monocytogenes_SA_outbreak_2017_2	(1.0, 62.9849654886851)	(2.0, 17.788251304873263)	(3.0, 7.78812302500127)	(4.0, 3.9063585280388864)	(5.0, 2.064948776322945)	(6.0, 1.2353098769324504)	(7.0, 0.6865760973150098)	(8.0, 0.5280951567448334)	(9.0, 0.35873678643723583)	('>10', 2.275651776479184)	('>50', 0.23999233076503293)	('>100', 0.0)	('>500', 0.14299085240480378)	('>1k', 0.0)	('>5k', 0.0)	('>10k+', 0.0)
SRR27013262_Genome_Sequencing_of_Listeria_monocytogenes_SA_outbreak_2017_1	(1.0, 58.82607175404593)	(2.0, 21.011484959657288)	(3.0, 9.237169617954944)	(4.0, 4.312899787599432)	(5.0, 2.276949772197786)	(6.0, 1.2846683276310418)	(7.0, 0.7720656365213378)	(8.0, 0.4775918652440898)	(9.0, 0.33635763616808834)	('>10', 1.4200017814299086)	('>50', 0.027340415391796033)	('>100', 0.017398446158415657)	('>500', 0.0)	('>1k', 0.0)	('>5k', 0.0)	('>10k+', 0.0)
SRR27013262_Genome_Sequencing_of_Listeria_monocytogenes_SA_outbreak_2017_2	(1.0, 65.10774728185176)	(2.0, 18.57365181828939)	(3.0, 7.823083087552201)	(4.0, 3.6519764462891366)	(5.0, 1.6866060222207195)	(6.0, 0.939507905837097)	(7.0, 0.5727491771140505)	(8.0, 0.3552600971604869)	(9.0, 0.19356488365659283)	('>10', 1.0477452966088883)	('>50', 0.02653698440247261)	('>100', 0.021570999017214577)	('>500', 0.0)	('>1k', 0.0)	('>5k', 0.0)	('>10k+', 0.0)
SRR27013263_Genome_Sequencing_of_Listeria_monocytogenes_SA_outbreak_2017_2	(1.0, 61.93285030366552)	(2.0, 18.317887337658277)	(3.0, 8.10733838105474)	(4.0, 4.094770984985178)	(5.0, 2.1456487639012987)	(6.0, 1.3320348558363366)	(7.0, 0.7995562583485284)	(8.0, 0.5306889122507547)	(9.0, 0.3998659286099598)	('>10', 2.067476763843733)	('>50', 0.15768535881147847)	('>100', 0.0)	('>500', 0.11419615103420391)	('>1k', 0.0)	('>5k', 0.0)	('>10k+', 0.0)
SRR27013264_Genome_Sequencing_of_Listeria_monocytogenes_SA_outbreak_2017_1	(1.0, 56.83689706491345)	(2.0, 20.48547722048025)	(3.0, 9.280803801543438)	(4.0, 4.714999454105339)	(5.0, 2.458433159518358)	(6.0, 1.5586536659456223)	(7.0, 0.8632874839592509)	(8.0, 0.6660793048064982)	(9.0, 0.46011839671554033)	('>10', 2.36456319699919)	('>50', 0.2069384030149779)	('>100', 0.01510091049028217)	('>500', 0.08864793750776756)	('>1k', 0.0)	('>5k', 0.0)	('>10k+', 0.0)
SRR27013264_Genome_Sequencing_of_Listeria_monocytogenes_SA_outbreak_2017_2	(1.0, 64.34224971745117)	(2.0, 17.642401676161114)	(3.0, 7.641773360317098)	(4.0, 3.767783966058924)	(5.0, 1.8973656063108393)	(6.0, 1.1366683870954843)	(7.0, 0.6994216979759789)	(8.0, 0.5220970921241259)	(9.0, 0.34039729048297557)	('>10', 1.8571778983393996)	('>50', 0.06299281954707725)	('>100', 0.0)	('>500', 0.08967048813575076)	('>1k', 0.0)	('>5k', 0.0)	('>10k+', 0.0)
SRR27013265_Genome_Sequencing_of_Listeria_monocytogenes_SA_outbreak_2017_1	(1.0, 47.30689035589569)	(2.0, 20.398416052933566)	(3.0, 10.919591362054726)	(4.0, 6.443620313105993)	(5.0, 4.00211896938736)	(6.0, 2.4371667841094085)	(7.0, 1.691736884289262)	(8.0, 1.2162944084199256)	(9.0, 0.8394491383285876)	('>10', 3.9987941417743587)	('>50', 0.5316491616317837)	('>100', 0.0766745866390789)	('>500', 0.0)	('>1k', 0.13759784143022427)	('>5k', 0.0)	('>10k+', 0.0)
SRR27013265_Genome_Sequencing_of_Listeria_monocytogenes_SA_outbreak_2017_2	(1.0, 52.15401031346525)	(2.0, 19.49835310505719)	(3.0, 10.02647128704804)	(4.0, 5.666819036410286)	(5.0, 3.435621357002758)	(6.0, 2.2011067941240645)	(7.0, 1.4157735287077438)	(8.0, 0.9961069119766259)	(9.0, 0.7191854271203496)	('>10', 3.330443597043213)	('>50', 0.37088163302663113)	('>100', 0.047941108216383005)	('>500', 0.0)	('>1k', 0.13728590080146044)	('>5k', 0.0)	('>10k+', 0.0)
SRR27013266_Genome_Sequencing_of_Listeria_monocytogenes_SA_outbreak_2017_2	(1.0, 56.739449321107635)	(2.0, 18.719272880979275)	(3.0, 9.330426043999832)	(4.0, 4.914980648241144)	(5.0, 2.888647967410484)	(6.0, 1.8357667479957005)	(7.0, 1.0683306599107507)	(8.0, 0.7463130188652588)	(9.0, 0.5171201509416292)	('>10', 2.690878923008982)	('>50', 0.36989797836950683)	('>100', 0.05013148757854823)	('>500', 0.0)	('>1k', 0.12878417159128144)	('>5k', 0.0)	('>10k+', 0.0)
SRR27013267_Genome_Sequencing_of_Listeria_monocytogenes_SA_outbreak_2017_1	(1.0, 52.53803945956993)	(2.0, 20.14783452011487)	(3.0, 9.923856879944811)	(4.0, 5.462299234786465)	(5.0, 3.2743426465479204)	(6.0, 2.101366005430094)	(7.0, 1.267737781528434)	(8.0, 0.8861220147171396)	(9.0, 0.6526930450119637)	('>10', 3.301446502576482)	('>50', 0.3169356303910118)	('>100', 0.02820139081480037)	('>500', 0.09912488856606429)	('>1k', 0.0)	('>5k', 0.0)	('>10k+', 0.0)
SRR27013267_Genome_Sequencing_of_Listeria_monocytogenes_SA_outbreak_2017_2	(1.0, 55.41411559892337)	(2.0, 19.257518369727908)	(3.0, 9.336345857171487)	(4.0, 5.048256246378647)	(5.0, 3.1307860663469667)	(6.0, 1.8482888605571925)	(7.0, 1.2056223571606)	(8.0, 0.8362446914903525)	(9.0, 0.6013462045138682)	('>10', 2.928712731161075)	('>50', 0.2929487778202632)	('>100', 0.0)	('>500', 0.09981423874828342)	('>1k', 0.0)	('>5k', 0.0)	('>10k+', 0.0)
SRR27013268_Genome_Sequencing_of_Listeria_monocytogenes_SA_outbreak_2017_1	(1.0, 45.74497576507492)	(2.0, 20.89341587803918)	(3.0, 11.350548862918618)	(4.0, 6.800501664126014)	(5.0, 4.239506803880255)	(6.0, 2.8294265324523433)	(7.0, 1.8491672646321764)	(8.0, 1.2021179863630527)	(9.0, 0.8286627410137637)	('>10', 3.62394661702731)	('>50', 0.346227062622101)	('>100', 0.05413835436294008)	('>500', 0.0)	('>1k', 0.23736446748730913)	('>5k', 0.0)	('>10k+', 0.0)
SRR27013268_Genome_Sequencing_of_Listeria_monocytogenes_SA_outbreak_2017_2	(1.0, 50.01609886128971)	(2.0, 19.96539553164475)	(3.0, 10.71402112268391)	(4.0, 6.231521628593988)	(5.0, 3.7056603449788943)	(6.0, 2.383219784806972)	(7.0, 1.5634052312227888)	(8.0, 1.1299389883982431)	(9.0, 0.7201828001344855)	('>10', 3.0513711968009676)	('>50', 0.241011222067277)	('>100', 0.04061953769241209)	('>500', 0.0)	('>1k', 0.23755374968560564)	('>5k', 0.0)	('>10k+', 0.0)
SRR27013269_Genome_Sequencing_of_Listeria_monocytogenes_SA_outbreak_2017_1	(1.0, 54.3535497912618)	(2.0, 20.674944403915227)	(3.0, 9.723581938915732)	(4.0, 5.126226832524948)	(5.0, 2.9018981229318817)	(6.0, 1.763027885873737)	(7.0, 1.1368224420519135)	(8.0, 0.7928217382314602)	(9.0, 0.49383077238514506)	('>10', 2.644149050643015)	('>50', 0.22361242379077775)	('>100', 0.041831385915094006)	('>500', 0.12370321155931469)	('>1k', 0.0)	('>5k', 0.0)	('>10k+', 0.0)
SRR27013269_Genome_Sequencing_of_Listeria_monocytogenes_SA_outbreak_2017_2	(1.0, 59.333290242301985)	(2.0, 19.083490133381424)	(3.0, 8.811716393127236)	(4.0, 4.40925471718517)	(5.0, 2.442082091566296)	(6.0, 1.5326427529259639)	(7.0, 0.8913831926965031)	(8.0, 0.5962689127535774)	(9.0, 0.38757043578749206)	('>10', 2.1914039192105674)	('>50', 0.18402891062923948)	('>100', 0.01358430677346754)	('>500', 0.1232839916610922)	('>1k', 0.0)	('>5k', 0.0)	('>10k+', 0.0)
SRR27013270_Genome_Sequencing_of_Listeria_monocytogenes_SA_outbreak_2017_1	(1.0, 68.71830134915126)	(2.0, 19.000307723240795)	(3.0, 6.6276591255345245)	(4.0, 2.628854107164202)	(5.0, 1.198389040490836)	(6.0, 0.550709426022525)	(7.0, 0.34684707427932476)	(8.0, 0.1678339202426642)	(9.0, 0.15138557607921013)	('>10', 0.5839221111234779)	('>50', 0.0)	('>100', 0.02579054667115002)	('>500', 0.0)	('>1k', 0.0)	('>5k', 0.0)	('>10k+', 0.0)
SRR27013270_Genome_Sequencing_of_Listeria_monocytogenes_SA_outbreak_2017_2	(1.0, 73.56436494419533)	(2.0, 16.713140560641634)	(3.0, 5.470819901601392)	(4.0, 1.9873293416715687)	(5.0, 0.8777343063535633)	(6.0, 0.4928623018898151)	(7.0, 0.24597645714044858)	(8.0, 0.1258922886073478)	(9.0, 0.1145471599676125)	('>10', 0.38393141622003535)	('>50', 0.023401321711244163)	('>100', 0.0)	('>500', 0.0)	('>1k', 0.0)	('>5k', 0.0)	('>10k+', 0.0)
SRR27013271_Genome_Sequencing_of_Listeria_monocytogenes_SA_outbreak_2017_1	(1.0, 54.59994203861006)	(2.0, 20.68950698865521)	(3.0, 9.74886520974174)	(4.0, 5.090787290689097)	(5.0, 2.9038042168393567)	(6.0, 1.7251635246961314)	(7.0, 1.092079263938257)	(8.0, 0.7510910271662633)	(9.0, 0.5212788731792922)	('>10', 2.5376890278035336)	('>50', 0.20733967502726502)	('>100', 0.0)	('>500', 0.0)	('>1k', 0.1324528636537811)	('>5k', 0.0)	('>10k+', 0.0)
SRR27013271_Genome_Sequencing_of_Listeria_monocytogenes_SA_outbreak_2017_2	(1.0, 60.2211786190191)	(2.0, 18.91951586655199)	(3.0, 8.639738898825716)	(4.0, 4.3743334378726395)	(5.0, 2.343810312074159)	(6.0, 1.460990272468385)	(7.0, 0.8293075342521581)	(8.0, 0.5579940081557697)	(9.0, 0.4173823226194593)	('>10', 1.9837318204985073)	('>50', 0.1206463919659162)	('>100', 0.0)	('>500', 0.0)	('>1k', 0.13137051569621985)	('>5k', 0.0)	('>10k+', 0.0)
SRR27013272_Genome_Sequencing_of_Listeria_monocytogenes_SA_outbreak_2017_1	(1.0, 58.97818328343193)	(2.0, 19.890505024230883)	(3.0, 8.545509500164945)	(4.0, 4.236257492276003)	(5.0, 2.3807463893487135)	(6.0, 1.319824798291885)	(7.0, 0.8372627806084809)	(8.0, 0.5472056138880359)	(9.0, 0.4105773306375308)	('>10', 2.4850639381177353)	('>50', 0.19007549624310516)	('>100', 0.0)	('>500', 0.0)	('>1k', 0.1787883527607355)	('>5k', 0.0)	('>10k+', 0.0)
SRR27013272_Genome_Sequencing_of_Listeria_monocytogenes_SA_outbreak_2017_2	(1.0, 62.92535062310062)	(2.0, 18.317003690311807)	(3.0, 7.943314809225886)	(4.0, 3.808649074932574)	(5.0, 1.9545429121604168)	(6.0, 1.1519228665875496)	(7.0, 0.6825806113008053)	(8.0, 0.5162860612093637)	(9.0, 0.3168457987965488)	('>10', 2.0660039996617274)	('>50', 0.14131135395355673)	('>100', 0.0)	('>500', 0.0)	('>1k', 0.17618819875911543)	('>5k', 0.0)	('>10k+', 0.0)
SRR27013273_Genome_Sequencing_of_Listeria_monocytogenes_SA_outbreak_2017_2	(1.0, 54.052059062082435)	(2.0, 18.61388080833825)	(3.0, 9.469303753715526)	(4.0, 5.330704608804965)	(5.0, 3.1546098454604348)	(6.0, 1.8696781088294285)	(7.0, 1.246331115305432)	(8.0, 0.8912478020634462)	(9.0, 0.5698621539848004)	('>10', 3.9488509872609336)	('>50', 0.6660736280014883)	('>100', 0.12308649649584831)	('>500', 0.06431162965700032)	('>1k', 0.0)	('>5k', 0.0)	('>10k+', 0.0)
SRR27013274_Genome_Sequencing_of_Listeria_monocytogenes_SA_outbreak_2017_1	(1.0, 50.79161302285237)	(2.0, 20.643973737986443)	(3.0, 10.591559742441433)	(4.0, 5.600868651077501)	(5.0, 3.405543296076019)	(6.0, 2.0048365313474372)	(7.0, 1.3411579814402215)	(8.0, 0.9619539376893761)	(9.0, 0.704895117025023)	('>10', 3.287050061878098)	('>50', 0.43749931473277437)	('>100', 0.04861103497030826)	('>500', 0.0)	('>1k', 0.18043757048300865)	('>5k', 0.0)	('>10k+', 0.0)
SRR27013274_Genome_Sequencing_of_Listeria_monocytogenes_SA_outbreak_2017_2	(1.0, 56.963934923656055)	(2.0, 18.72985828837189)	(3.0, 9.046924791934522)	(4.0, 5.116437236516488)	(5.0, 2.8437221334060343)	(6.0, 1.7846742483569669)	(7.0, 1.0210779426693917)	(8.0, 0.7322909128549218)	(9.0, 0.5206910867734843)	('>10', 2.743405596886636)	('>50', 0.2915657421972335)	('>100', 0.026153354626368083)	('>500', 0.0)	('>1k', 0.17926374175002688)	('>5k', 0.0)	('>10k+', 0.0)
SRR27013275_Genome_Sequencing_of_Listeria_monocytogenes_SA_outbreak_2017_1	(1.0, 49.1246265544628)	(2.0, 20.342964077353674)	(3.0, 10.618146204552414)	(4.0, 5.740497511160334)	(5.0, 3.559567016018403)	(6.0, 2.3334872181707556)	(7.0, 1.514499541469377)	(8.0, 1.019722093198913)	(9.0, 0.7288504685234822)	('>10', 4.029840608941665)	('>50', 0.6573118591215071)	('>100', 0.14823446847658628)	('>500', 0.0)	('>1k', 0.18225237855005927)	('>5k', 0.0)	('>10k+', 0.0)
SRR27013275_Genome_Sequencing_of_Listeria_monocytogenes_SA_outbreak_2017_2	(1.0, 52.620861261486866)	(2.0, 19.360666543220557)	(3.0, 9.929597657351376)	(4.0, 5.3296931810738615)	(5.0, 3.2203959055381683)	(6.0, 2.157567377628824)	(7.0, 1.3051149635655537)	(8.0, 0.9201563908019215)	(9.0, 0.7105391811077749)	('>10', 3.5249666729406104)	('>50', 0.5813201244884827)	('>100', 0.15800915929438092)	('>500', 0.0)	('>1k', 0.18111158150168208)	('>5k', 0.0)	('>10k+', 0.0)
SRR27013276_Genome_Sequencing_of_Listeria_monocytogenes_SA_outbreak_2017_1	(1.0, 56.90101646416343)	(2.0, 18.909243968336245)	(3.0, 8.688194534901388)	(4.0, 4.35389597804176)	(5.0, 2.424620056517561)	(6.0, 1.3936708296709632)	(7.0, 0.973567772978157)	(8.0, 0.6629369561764007)	(9.0, 0.4886708480308883)	('>10', 4.2316777936821985)	('>50', 0.7380566777810288)	('>100', 0.08916027000692496)	('>500', 0.0)	('>1k', 0.14528784971301115)	('>5k', 0.0)	('>10k+', 0.0)
SRR27013276_Genome_Sequencing_of_Listeria_monocytogenes_SA_outbreak_2017_2	(1.0, 61.4922902385605)	(2.0, 17.243793989922455)	(3.0, 7.63327871336249)	(4.0, 3.763877926502383)	(5.0, 2.0174673206069103)	(6.0, 1.241340405110692)	(7.0, 0.8548398627193375)	(8.0, 0.5746393653364725)	(9.0, 0.4613871978629194)	('>10', 3.8878628170995086)	('>50', 0.5618391834232591)	('>100', 0.12224816807719201)	('>500', 0.0)	('>1k', 0.1451348114158444)	('>5k', 0.0)	('>10k+', 0.0)
SRR27013277_Genome_Sequencing_of_Listeria_monocytogenes_SA_outbreak_2017_1	(1.0, 62.697996491730215)	(2.0, 19.974021985914668)	(3.0, 8.037195401272673)	(4.0, 3.6670522297371804)	(5.0, 1.888445570543868)	(6.0, 0.9933378536248982)	(7.0, 0.5840004396918383)	(8.0, 0.33141819531623934)	(9.0, 0.2709215385017595)	('>10', 1.4943824019639567)	('>50', 0.061227891702675646)	('>100', 0.0)	('>500', 0.0)	('>1k', 0.0)	('>5k', 0.0)	('>10k+', 0.0)
SRR27013277_Genome_Sequencing_of_Listeria_monocytogenes_SA_outbreak_2017_2	(1.0, 68.90111954650695)	(2.0, 17.530968111375262)	(3.0, 6.6124087715275195)	(4.0, 2.8140190604652715)	(5.0, 1.3558330291404392)	(6.0, 0.752250409171412)	(7.0, 0.4155515838741504)	(8.0, 0.3160053836094655)	(9.0, 0.20889409855346475)	('>10', 1.0647318869956557)	('>50', 0.02821811878040965)	('>100', 0.0)	('>500', 0.0)	('>1k', 0.0)	('>5k', 0.0)	('>10k+', 0.0)
SRR27013278_Genome_Sequencing_of_Listeria_monocytogenes_SA_outbreak_2017_1	(1.0, 56.275822651080645)	(2.0, 20.310715544505417)	(3.0, 9.2089039602647)	(4.0, 4.60206612056464)	(5.0, 2.566732646578251)	(6.0, 1.6347773125731528)	(7.0, 1.0037912570209837)	(8.0, 0.7275181220713054)	(9.0, 0.4875336181766236)	('>10', 2.7506444359334914)	('>50', 0.3329058783638374)	('>100', 0.09858845286693234)	('>500', 0.0)	('>1k', 0.0)	('>5k', 0.0)	('>10k+', 0.0)
SRR27013278_Genome_Sequencing_of_Listeria_monocytogenes_SA_outbreak_2017_2	(1.0, 62.870735938550595)	(2.0, 18.018378701600295)	(3.0, 7.761252411994474)	(4.0, 3.882978819478623)	(5.0, 2.0964442474230474)	(6.0, 1.198318955757493)	(7.0, 0.7516897621454346)	(8.0, 0.5679880461354417)	(9.0, 0.387285359269708)	('>10', 2.2111921935304304)	('>50', 0.18716960113143427)	('>100', 0.06656596298303429)	('>500', 0.0)	('>1k', 0.0)	('>5k', 0.0)	('>10k+', 0.0)
SRR27013279_Genome_Sequencing_of_Listeria_monocytogenes_SA_outbreak_2017_1	(1.0, 58.40162913279685)	(2.0, 20.11737682481144)	(3.0, 8.745998336872253)	(4.0, 4.319415928539617)	(5.0, 2.3430510099055275)	(6.0, 1.4705654901231013)	(7.0, 0.9256336285599224)	(8.0, 0.6057868222125058)	(9.0, 0.4352057631407192)	('>10', 2.4040851349060146)	('>50', 0.23125192813202053)	('>100', 0.0)	('>500', 0.0)	('>1k', 0.0)	('>5k', 0.0)	('>10k+', 0.0)
SRR27013279_Genome_Sequencing_of_Listeria_monocytogenes_SA_outbreak_2017_2	(1.0, 66.51551177609065)	(2.0, 17.23385829594275)	(3.0, 7.124825693192159)	(4.0, 3.2810678918669565)	(5.0, 1.707194186264723)	(6.0, 1.0168585453270942)	(7.0, 0.6043501679436415)	(8.0, 0.38820336498531793)	(9.0, 0.2820219775190804)	('>10', 1.762710862374102)	('>50', 0.0833972384935201)	('>100', 0.0)	('>500', 0.0)	('>1k', 0.0)	('>5k', 0.0)	('>10k+', 0.0)
SRR27013280_Genome_Sequencing_of_Listeria_monocytogenes_SA_outbreak_2017_1	(1.0, 53.59006362443905)	(2.0, 20.255714165888826)	(3.0, 9.837993870198952)	(4.0, 5.05435786932386)	(5.0, 2.949456208037984)	(6.0, 1.909855374059371)	(7.0, 1.2659047948199649)	(8.0, 0.8022546443665863)	(9.0, 0.5683787268871467)	('>10', 3.1994622468166733)	('>50', 0.47965523920974246)	('>100', 0.0869032359518091)	('>500', 0.0)	('>1k', 0.0)	('>5k', 0.0)	('>10k+', 0.0)
SRR27013280_Genome_Sequencing_of_Listeria_monocytogenes_SA_outbreak_2017_2	(1.0, 59.88160135032825)	(2.0, 18.372428994783018)	(3.0, 8.347798347201353)	(4.0, 4.3538157298502975)	(5.0, 2.451509993861198)	(6.0, 1.4887221495806018)	(7.0, 0.9879313102280607)	(8.0, 0.6573410644813859)	(9.0, 0.42886817310846703)	('>10', 2.6502021910930327)	('>50', 0.32412075639781746)	('>100', 0.05565993908652893)	('>500', 0.0)	('>1k', 0.0)	('>5k', 0.0)	('>10k+', 0.0)
SRR27013281_Genome_Sequencing_of_Listeria_monocytogenes_SA_outbreak_2017_1	(1.0, 66.94286556064529)	(2.0, 19.08554370183163)	(3.0, 6.995230597431508)	(4.0, 2.962020980326908)	(5.0, 1.3754564966871803)	(6.0, 0.7946371352265865)	(7.0, 0.401727304968045)	(8.0, 0.26577930493427465)	(9.0, 0.1781219408408783)	('>10', 0.961490197800851)	('>50', 0.012748351930664878)	('>100', 0.02437842737618371)	('>500', 0.0)	('>1k', 0.0)	('>5k', 0.0)	('>10k+', 0.0)
SRR27013281_Genome_Sequencing_of_Listeria_monocytogenes_SA_outbreak_2017_2	(1.0, 71.14228242128122)	(2.0, 17.482967329369142)	(3.0, 5.964414187841764)	(4.0, 2.4624524541670376)	(5.0, 1.0132531550294244)	(6.0, 0.5029826853223097)	(7.0, 0.335251233216711)	(8.0, 0.20403562868590697)	(9.0, 0.1190536916136126)	('>10', 0.7529764460507373)	('>50', 0.020330767422113115)	('>100', 0.0)	('>500', 0.0)	('>1k', 0.0)	('>5k', 0.0)	('>10k+', 0.0)
SRR27013282_Genome_Sequencing_of_Listeria_monocytogenes_SA_outbreak_2017_1	(1.0, 56.01778453308497)	(2.0, 20.265636839566156)	(3.0, 9.184902117037366)	(4.0, 4.834941732265429)	(5.0, 2.653553268200302)	(6.0, 1.6558978250276923)	(7.0, 1.04474726850095)	(8.0, 0.6728722682439402)	(9.0, 0.42771079680218066)	('>10', 2.9015581872538103)	('>50', 0.26260752077908067)	('>100', 0.07778764323812226)	('>500', 0.0)	('>1k', 0.0)	('>5k', 0.0)	('>10k+', 0.0)
SRR27013283_Genome_Sequencing_of_Listeria_monocytogenes_SA_outbreak_2017_1	(1.0, 48.68194274297693)	(2.0, 20.350905196279705)	(3.0, 10.643557628480021)	(4.0, 6.317487906081795)	(5.0, 3.689137208133812)	(6.0, 2.2050119598081936)	(7.0, 1.554738889540076)	(8.0, 1.0889123521496185)	(9.0, 0.7022805092101205)	('>10', 3.91747226853634)	('>50', 0.5692478412706168)	('>100', 0.08990268118340299)	('>500', 0.0)	('>1k', 0.18940281634934789)	('>5k', 0.0)	('>10k+', 0.0)
SRR27013283_Genome_Sequencing_of_Listeria_monocytogenes_SA_outbreak_2017_2	(1.0, 52.49289287228655)	(2.0, 19.396553612026082)	(3.0, 9.922976281677292)	(4.0, 5.62091526756115)	(5.0, 3.345868740403999)	(6.0, 2.084353842222848)	(7.0, 1.3959934242268879)	(8.0, 0.8868645347530143)	(9.0, 0.6170069817854497)	('>10', 3.4476043906550617)	('>50', 0.4820180666913772)	('>100', 0.11935389811189986)	('>500', 0.0)	('>1k', 0.18759808759835944)	('>5k', 0.0)	('>10k+', 0.0)
SRR27013284_Genome_Sequencing_of_Listeria_monocytogenes_SA_outbreak_2017_1	(1.0, 48.150338358569336)	(2.0, 20.379495505830334)	(3.0, 10.940928362782959)	(4.0, 6.333325887605086)	(5.0, 3.693773205877663)	(6.0, 2.459596621689744)	(7.0, 1.6259992954498166)	(8.0, 1.1527186941542005)	(9.0, 0.7249899066740454)	('>10', 3.8642711608386358)	('>50', 0.46999671027436907)	('>100', 0.06038750658621898)	('>500', 0.0)	('>1k', 0.14417878366757544)	('>5k', 0.0)	('>10k+', 0.0)
SRR27013284_Genome_Sequencing_of_Listeria_monocytogenes_SA_outbreak_2017_2	(1.0, 53.203476298117415)	(2.0, 19.34647791929909)	(3.0, 10.003518948970527)	(4.0, 5.536647026843097)	(5.0, 3.2194980037480327)	(6.0, 2.0134301735363374)	(7.0, 1.425839723466704)	(8.0, 0.9559400597106625)	(9.0, 0.625418788324307)	('>10', 3.1015294065000183)	('>50', 0.3994668290402479)	('>100', 0.025361739601517788)	('>500', 0.0)	('>1k', 0.14339508284204164)	('>5k', 0.0)	('>10k+', 0.0)
SRR27013285_Genome_Sequencing_of_Listeria_monocytogenes_SA_outbreak_2017_1	(1.0, 50.676036630643665)	(2.0, 20.251705444575112)	(3.0, 10.441094893966579)	(4.0, 5.690044442678704)	(5.0, 3.4215331672345397)	(6.0, 2.043127040507399)	(7.0, 1.4687242946371115)	(8.0, 0.9733991375418783)	(9.0, 0.6849962855416011)	('>10', 3.5783933283896867)	('>50', 0.5023669055531261)	('>100', 0.0905609209669603)	('>500', 0.0)	('>1k', 0.17801750776365838)	('>5k', 0.0)	('>10k+', 0.0)
SRR27013285_Genome_Sequencing_of_Listeria_monocytogenes_SA_outbreak_2017_2	(1.0, 56.195355419894625)	(2.0, 18.82537130035214)	(3.0, 9.287145006341566)	(4.0, 4.9817493807049615)	(5.0, 2.899086224421307)	(6.0, 1.7112992019052853)	(7.0, 1.2012245280349563)	(8.0, 0.7972003683037785)	(9.0, 0.5383749978916431)	('>10', 2.9465381287106496)	('>50', 0.39952776001019275)	('>100', 0.041032003167668904)	('>500', 0.0)	('>1k', 0.17609568026124572)	('>5k', 0.0)	('>10k+', 0.0)
SRR27013286_Genome_Sequencing_of_Listeria_monocytogenes_SA_outbreak_2017_1	(1.0, 51.41195979467997)	(2.0, 20.305374977231143)	(3.0, 10.167301092865152)	(4.0, 5.711396750819483)	(5.0, 3.3328715443924732)	(6.0, 2.091482990666556)	(7.0, 1.3118448193049452)	(8.0, 0.9048652913506239)	(9.0, 0.6587324199200966)	('>10', 3.431133831606105)	('>50', 0.4757136421314266)	('>100', 0.057380011463278195)	('>500', 0.0)	('>1k', 0.13994283356875664)	('>5k', 0.0)	('>10k+', 0.0)
SRR27013286_Genome_Sequencing_of_Listeria_monocytogenes_SA_outbreak_2017_2	(1.0, 57.655168227379406)	(2.0, 18.6618984556926)	(3.0, 8.993720762733764)	(4.0, 4.6120550863983105)	(5.0, 2.8669445712773056)	(6.0, 1.6180879049180783)	(7.0, 1.125911597836359)	(8.0, 0.7226162590712473)	(9.0, 0.5287290087183363)	('>10', 2.7199143445356375)	('>50', 0.3134247715333129)	('>100', 0.04216528268061798)	('>500', 0.0)	('>1k', 0.13936372722503979)	('>5k', 0.0)	('>10k+', 0.0)
SRR27013287_Genome_Sequencing_of_Listeria_monocytogenes_SA_outbreak_2017_1	(1.0, 60.1476580438851)	(2.0, 20.21307750462772)	(3.0, 8.700207176246478)	(4.0, 4.0611271033983565)	(5.0, 2.1536440419420178)	(6.0, 1.154469975099341)	(7.0, 0.6882436540508973)	(8.0, 0.5108201413873277)	(9.0, 0.33987717259212963)	('>10', 1.8953471517953144)	('>50', 0.10207275178242123)	('>100', 0.03345528319290061)	('>500', 0.0)	('>1k', 0.0)	('>5k', 0.0)	('>10k+', 0.0)
SRR27013287_Genome_Sequencing_of_Listeria_monocytogenes_SA_outbreak_2017_2	(1.0, 65.7730214569226)	(2.0, 18.284470170130966)	(3.0, 7.426737168561229)	(4.0, 3.2559729629230523)	(5.0, 1.6695385357480914)	(6.0, 0.9708447200813333)	(7.0, 0.5341530464151317)	(8.0, 0.3882700457005235)	(9.0, 0.23003822179287867)	('>10', 1.3886485736412681)	('>50', 0.044794619427344994)	('>100', 0.033510478655571066)	('>500', 0.0)	('>1k', 0.0)	('>5k', 0.0)	('>10k+', 0.0)
SRR27013288_Genome_Sequencing_of_Listeria_monocytogenes_SA_outbreak_2017_1	(1.0, 62.08073477872864)	(2.0, 19.90153336411458)	(3.0, 8.229361253897126)	(4.0, 3.7163211497441173)	(5.0, 1.8497687965676448)	(6.0, 1.0500064809274003)	(7.0, 0.6029322370593786)	(8.0, 0.43559258679887575)	(9.0, 0.26869198300518765)	('>10', 1.7635791211735086)	('>50', 0.07813439245878956)	('>100', 0.02334385552472478)	('>500', 0.0)	('>1k', 0.0)	('>5k', 0.0)	('>10k+', 0.0)
SRR27013288_Genome_Sequencing_of_Listeria_monocytogenes_SA_outbreak_2017_2	(1.0, 68.13443779719832)	(2.0, 17.559725447411463)	(3.0, 6.7454974908445475)	(4.0, 2.944654652921219)	(5.0, 1.4632103805850796)	(6.0, 0.7807154867970484)	(7.0, 0.48418746287335673)	(8.0, 0.31909728591543507)	(9.0, 0.25024123356467226)	('>10', 1.2376419825429372)	('>50', 0.057454670442804084)	('>100', 0.023136108903142584)	('>500', 0.0)	('>1k', 0.0)	('>5k', 0.0)	('>10k+', 0.0)
SRR27013289_Genome_Sequencing_of_Listeria_monocytogenes_SA_outbreak_2017_1	(1.0, 54.72093369791362)	(2.0, 20.28499990224619)	(3.0, 9.51569345339182)	(4.0, 4.900765752889843)	(5.0, 2.829893884053673)	(6.0, 1.8084000010476757)	(7.0, 1.092631081404127)	(8.0, 0.7567343484154655)	(9.0, 0.537703360473547)	('>10', 3.0762806367806914)	('>50', 0.38950519672052686)	('>100', 0.086458684662767)	('>500', 0.0)	('>1k', 0.0)	('>5k', 0.0)	('>10k+', 0.0)
SRR27013289_Genome_Sequencing_of_Listeria_monocytogenes_SA_outbreak_2017_2	(1.0, 62.135216735642395)	(2.0, 18.098944634920507)	(3.0, 7.9119895851021225)	(4.0, 4.077730592427192)	(5.0, 2.1439676571511983)	(6.0, 1.2664146589800667)	(7.0, 0.861589050497787)	(8.0, 0.5429072841625371)	(9.0, 0.44196969758071936)	('>10', 2.274930224149579)	('>50', 0.20628574302934888)	('>100', 0.03805413635655368)	('>500', 0.0)	('>1k', 0.0)	('>5k', 0.0)	('>10k+', 0.0)
SRR27013290_Genome_Sequencing_of_Listeria_monocytogenes_SA_outbreak_2017_2	(1.0, 58.14346011327915)	(2.0, 18.97328107586325)	(3.0, 8.927231170050602)	(4.0, 4.688759940720425)	(5.0, 2.6091443024001117)	(6.0, 1.622841861391663)	(7.0, 1.030722630550987)	(8.0, 0.7169336165132487)	(9.0, 0.4378453982327548)	('>10', 2.467953616754283)	('>50', 0.2377037642875004)	('>100', 0.016232228083781712)	('>500', 0.0)	('>1k', 0.12789028187221954)	('>5k', 0.0)	('>10k+', 0.0)
SRR27013291_Genome_Sequencing_of_Listeria_monocytogenes_SA_outbreak_2017_1	(1.0, 50.84428134788557)	(2.0, 20.5237147228652)	(3.0, 10.125799372136411)	(4.0, 5.942962101403623)	(5.0, 3.3213281256267684)	(6.0, 2.1658227420059237)	(7.0, 1.3955689948481127)	(8.0, 0.9489622121177645)	(9.0, 0.6798858162769325)	('>10', 3.3590304780085884)	('>50', 0.4287539287825616)	('>100', 0.05946960295992328)	('>500', 0.0)	('>1k', 0.20442055508260773)	('>5k', 0.0)	('>10k+', 0.0)
SRR27013291_Genome_Sequencing_of_Listeria_monocytogenes_SA_outbreak_2017_2	(1.0, 55.33241565022982)	(2.0, 19.321915140068775)	(3.0, 9.476585563194458)	(4.0, 5.125835956419082)	(5.0, 2.98592061680662)	(6.0, 1.803467973764442)	(7.0, 1.1874086111813726)	(8.0, 0.8174238430202134)	(9.0, 0.5563837766937783)	('>10', 2.8509376125058017)	('>50', 0.3009363327138147)	('>100', 0.03653730466469278)	('>500', 0.0)	('>1k', 0.20423161873715504)	('>5k', 0.0)	('>10k+', 0.0)
SRR27013292_Genome_Sequencing_of_Listeria_monocytogenes_SA_outbreak_2017_1	(1.0, 64.69814281396266)	(2.0, 18.838387408555658)	(3.0, 7.129424413704309)	(4.0, 3.3135224492992643)	(5.0, 1.7216522998423078)	(6.0, 0.9587541487574365)	(7.0, 0.6658823864865885)	(8.0, 0.41190225328911895)	(9.0, 0.35079022053969533)	('>10', 1.85436080496421)	('>50', 0.05718080059875995)	('>100', 0.0)	('>500', 0.0)	('>1k', 0.0)	('>5k', 0.0)	('>10k+', 0.0)
SRR27013292_Genome_Sequencing_of_Listeria_monocytogenes_SA_outbreak_2017_2	(1.0, 70.58226650274673)	(2.0, 16.50986159203488)	(3.0, 6.018826321560791)	(4.0, 2.507843707291104)	(5.0, 1.319668777442627)	(6.0, 0.7171362795691765)	(7.0, 0.5058650175887026)	(8.0, 0.32287640355302183)	(9.0, 0.2278513486333851)	('>10', 1.2236872976081188)	('>50', 0.06411675197145354)	('>100', 0.0)	('>500', 0.0)	('>1k', 0.0)	('>5k', 0.0)	('>10k+', 0.0)
SRR27013293_Genome_Sequencing_of_Listeria_monocytogenes_SA_outbreak_2017_1	(1.0, 49.52815546951249)	(2.0, 20.597893380017883)	(3.0, 10.752902770234433)	(4.0, 5.984962738646359)	(5.0, 3.5893431333609214)	(6.0, 2.281345382939235)	(7.0, 1.4777817244999376)	(8.0, 1.0217599370380457)	(9.0, 0.6929905487845802)	('>10', 3.460400945093524)	('>50', 0.42971076280605175)	('>100', 0.06567065792389866)	('>500', 0.0)	('>1k', 0.11708254914260831)	('>5k', 0.0)	('>10k+', 0.0)
SRR27013294_Genome_Sequencing_of_Listeria_monocytogenes_SA_outbreak_2017_2	(1.0, 58.1021609862817)	(2.0, 18.671527162238206)	(3.0, 8.964713477019997)	(4.0, 4.80671770607994)	(5.0, 2.764929859875398)	(6.0, 1.6459652281411559)	(7.0, 1.0356833593087453)	(8.0, 0.7377888438683734)	(9.0, 0.46242916378736126)	('>10', 2.4062866091398023)	('>50', 0.21926379363747428)	('>100', 0.023032337415875362)	('>500', 0.0)	('>1k', 0.15950147320597385)	('>5k', 0.0)	('>10k+', 0.0)
SRR27013295_Genome_Sequencing_of_Listeria_monocytogenes_SA_outbreak_2017_1	(1.0, 58.321592114492034)	(2.0, 19.9285395508062)	(3.0, 8.989180490793684)	(4.0, 4.33442228065545)	(5.0, 2.326402195512809)	(6.0, 1.3656381226731549)	(7.0, 0.8743595779966019)	(8.0, 0.549008193434255)	(9.0, 0.3687492401842222)	('>10', 2.4641106176021492)	('>50', 0.24725030807500678)	('>100', 0.017092393168474843)	('>500', 0.0)	('>1k', 0.21365491460593553)	('>5k', 0.0)	('>10k+', 0.0)
SRR27013295_Genome_Sequencing_of_Listeria_monocytogenes_SA_outbreak_2017_2	(1.0, 62.46767231832872)	(2.0, 18.593708970112417)	(3.0, 7.861835474106958)	(4.0, 3.801854378419405)	(5.0, 2.027925252619061)	(6.0, 1.160385036249883)	(7.0, 0.7469332947447306)	(8.0, 0.4667637639581381)	(9.0, 0.3536553430207694)	('>10', 2.1309388702486767)	('>50', 0.17633830650036075)	('>100', 0.0)	('>500', 0.0)	('>1k', 0.21198899169090984)	('>5k', 0.0)	('>10k+', 0.0)
SRR27013296_Genome_Sequencing_of_Listeria_monocytogenes_SA_outbreak_2017_1	(1.0, 61.88647017864666)	(2.0, 19.624167133002153)	(3.0, 7.916079835411269)	(4.0, 3.6330462506747194)	(5.0, 2.0131529968457125)	(6.0, 1.1099345809550596)	(7.0, 0.7092612591601586)	(8.0, 0.4151159000515604)	(9.0, 0.2839836947324847)	('>10', 2.1331967900540074)	('>50', 0.10147529703283327)	('>100', 0.0)	('>500', 0.17411608343338605)	('>1k', 0.0)	('>5k', 0.0)	('>10k+', 0.0)
SRR27013296_Genome_Sequencing_of_Listeria_monocytogenes_SA_outbreak_2017_2	(1.0, 66.60825116953502)	(2.0, 17.58713795553101)	(3.0, 7.01769873159159)	(4.0, 3.2365582745033747)	(5.0, 1.4812140320874074)	(6.0, 0.8786005024753506)	(7.0, 0.576772629229553)	(8.0, 0.35644096249938173)	(9.0, 0.240774620646554)	('>10', 1.7831812458331295)	('>50', 0.060558005815018974)	('>100', 0.0)	('>500', 0.1728118702526151)	('>1k', 0.0)	('>5k', 0.0)	('>10k+', 0.0)
SRR27013297_Genome_Sequencing_of_Listeria_monocytogenes_SA_outbreak_2017_1	(1.0, 55.65006013831116)	(2.0, 20.184322777912875)	(3.0, 9.505967071538919)	(4.0, 4.905785302981346)	(5.0, 2.768733105894107)	(6.0, 1.5637437404523828)	(7.0, 1.0612625523684345)	(8.0, 0.6486220214058968)	(9.0, 0.47326707587290506)	('>10', 2.6202776850204583)	('>50', 0.3210378782725565)	('>100', 0.044962269852441845)	('>500', 0.0)	('>1k', 0.2519583801165137)	('>5k', 0.0)	('>10k+', 0.0)
SRR27013297_Genome_Sequencing_of_Listeria_monocytogenes_SA_outbreak_2017_2	(1.0, 61.095285332610715)	(2.0, 18.57643489590775)	(3.0, 8.234929208836894)	(4.0, 4.13003332538348)	(5.0, 2.2573217491997437)	(6.0, 1.3557803591208248)	(7.0, 0.8360471728941296)	(8.0, 0.4869342096279437)	(9.0, 0.3601537415107215)	('>10', 2.190484156445208)	('>50', 0.21646910674444725)	('>100', 0.012854748075580623)	('>500', 0.0)	('>1k', 0.24727199364253666)	('>5k', 0.0)	('>10k+', 0.0)
SRR27013298_Genome_Sequencing_of_Listeria_monocytogenes_SA_outbreak_2017_1	(1.0, 59.825882462962014)	(2.0, 19.89463417809801)	(3.0, 8.850889199299228)	(4.0, 4.097524968083166)	(5.0, 2.185169608911126)	(6.0, 1.2729813906606509)	(7.0, 0.7924977970361214)	(8.0, 0.4919970599322572)	(9.0, 0.326508557244608)	('>10', 1.8621910711309964)	('>50', 0.1501105512248793)	('>100', 0.0)	('>500', 0.0)	('>1k', 0.2496131554169634)	('>5k', 0.0)	('>10k+', 0.0)
SRR27013298_Genome_Sequencing_of_Listeria_monocytogenes_SA_outbreak_2017_2	(1.0, 60.61416214278511)	(2.0, 18.73337298447858)	(3.0, 8.591352155750359)	(4.0, 4.3490511688344)	(5.0, 2.202807465753819)	(6.0, 1.3881133697852388)	(7.0, 0.8522611235146584)	(8.0, 0.525461873881163)	(9.0, 0.38816718195102107)	('>10', 1.9819618483763755)	('>50', 0.11207793789579557)	('>100', 0.013438914555607617)	('>500', 0.0)	('>1k', 0.24777183243785303)	('>5k', 0.0)	('>10k+', 0.0)
SRR27013299_Genome_Sequencing_of_Listeria_monocytogenes_SA_outbreak_2017_1	(1.0, 55.5318180645327)	(2.0, 20.305895826870394)	(3.0, 9.52048933652891)	(4.0, 4.851833272365994)	(5.0, 2.6256916215264603)	(6.0, 1.571014190512229)	(7.0, 1.0636378899404604)	(8.0, 0.6928376623870071)	(9.0, 0.4871093713427195)	('>10', 2.6966850995057046)	('>50', 0.33788816519318454)	('>100', 0.04680915157616118)	('>500', 0.0)	('>1k', 0.2682903477181028)	('>5k', 0.0)	('>10k+', 0.0)
SRR27013299_Genome_Sequencing_of_Listeria_monocytogenes_SA_outbreak_2017_2	(1.0, 61.440339898574194)	(2.0, 18.53326668466343)	(3.0, 7.9269582421984826)	(4.0, 4.143291997727236)	(5.0, 2.1931718793933688)	(6.0, 1.313830235060974)	(7.0, 0.782744917205502)	(8.0, 0.5176751162422918)	(9.0, 0.38430258330034867)	('>10', 2.241570831407143)	('>50', 0.2441023994740627)	('>100', 0.014794084816609864)	('>500', 0.0)	('>1k', 0.2639511299363476)	('>5k', 0.0)	('>10k+', 0.0)
SRR27013300_Genome_Sequencing_of_Listeria_monocytogenes_SA_outbreak_2017_1	(1.0, 61.532120979416845)	(2.0, 19.53332391271739)	(3.0, 8.29891840723832)	(4.0, 3.9141260421557424)	(5.0, 1.9987843564036865)	(6.0, 1.1035628878374422)	(7.0, 0.7233384408148811)	(8.0, 0.477176129989618)	(9.0, 0.28348606617857436)	('>10', 1.8358406795757038)	('>50', 0.13003095071442697)	('>100', 0.0)	('>500', 0.0)	('>1k', 0.1692911469573754)	('>5k', 0.0)	('>10k+', 0.0)
SRR27013300_Genome_Sequencing_of_Listeria_monocytogenes_SA_outbreak_2017_2	(1.0, 62.22517588938733)	(2.0, 18.568778362077683)	(3.0, 8.023082918832024)	(4.0, 3.967441815755547)	(5.0, 2.0788647789174926)	(6.0, 1.2322206004742482)	(7.0, 0.7686415118235332)	(8.0, 0.5015651896999979)	(9.0, 0.36588871640409715)	('>10', 1.970646783299286)	('>50', 0.131008505040532)	('>100', 0.0)	('>500', 0.0)	('>1k', 0.16668492828817685)	('>5k', 0.0)	('>10k+', 0.0)
SRR27013301_Genome_Sequencing_of_Listeria_monocytogenes_SA_outbreak_2017_1	(1.0, 57.735257343871936)	(2.0, 20.277645018297108)	(3.0, 8.77017867640709)	(4.0, 4.42072733707866)	(5.0, 2.4119327134889677)	(6.0, 1.37637837015356)	(7.0, 0.9540338057904867)	(8.0, 0.6014102160479745)	(9.0, 0.41407854281463596)	('>10', 2.45537995599289)	('>50', 0.3326317139535915)	('>100', 0.017450412757855888)	('>500', 0.0)	('>1k', 0.2328958933452305)	('>5k', 0.0)	('>10k+', 0.0)
SRR27013301_Genome_Sequencing_of_Listeria_monocytogenes_SA_outbreak_2017_2	(1.0, 63.40088633178457)	(2.0, 18.120992870316822)	(3.0, 7.640006298861277)	(4.0, 3.7130721266811313)	(5.0, 1.9860655912848004)	(6.0, 1.1993435740444078)	(7.0, 0.6645582863953879)	(8.0, 0.44846063299235905)	(9.0, 0.32201573199004097)	('>10', 2.075533005493606)	('>50', 0.18745582288353305)	('>100', 0.013706447264602418)	('>500', 0.0)	('>1k', 0.22790328000750684)	('>5k', 0.0)	('>10k+', 0.0)
SRR27013302_Genome_Sequencing_of_Listeria_monocytogenes_SA_outbreak_2017_1	(1.0, 56.99901767004572)	(2.0, 20.409767853655282)	(3.0, 9.286263973401265)	(4.0, 4.561562557475005)	(5.0, 2.449150729393148)	(6.0, 1.423893731737865)	(7.0, 0.8906102764529192)	(8.0, 0.6371362227336658)	(9.0, 0.4291485801422845)	('>10', 2.3754063645417234)	('>50', 0.24505137480790723)	('>100', 0.01835972839351646)	('>500', 0.0)	('>1k', 0.27463093721968374)	('>5k', 0.0)	('>10k+', 0.0)
SRR27013302_Genome_Sequencing_of_Listeria_monocytogenes_SA_outbreak_2017_2	(1.0, 62.577938074376824)	(2.0, 18.338985379373128)	(3.0, 8.008706994624488)	(4.0, 3.871358212641031)	(5.0, 2.0184651938051243)	(6.0, 1.1448511408508248)	(7.0, 0.7610451541172338)	(8.0, 0.4463011433491946)	(9.0, 0.3347851095515351)	('>10', 2.0238348362750127)	('>50', 0.1994311208135516)	('>100', 0.0)	('>500', 0.0)	('>1k', 0.2742976402220982)	('>5k', 0.0)	('>10k+', 0.0)
SRR27013303_Genome_Sequencing_of_Listeria_monocytogenes_SA_outbreak_2017_1	(1.0, 56.56216404649407)	(2.0, 20.319656920312806)	(3.0, 9.472321002456841)	(4.0, 4.659240447647617)	(5.0, 2.459570014176603)	(6.0, 1.5515110789932935)	(7.0, 0.9325215299556815)	(8.0, 0.6241558019736647)	(9.0, 0.4297146902492345)	('>10', 2.4654754643012664)	('>50', 0.2769916293966542)	('>100', 0.016783428930093186)	('>500', 0.0)	('>1k', 0.2298939451122067)	('>5k', 0.0)	('>10k+', 0.0)
SRR27013303_Genome_Sequencing_of_Listeria_monocytogenes_SA_outbreak_2017_2	(1.0, 62.83849033110497)	(2.0, 18.14284847177011)	(3.0, 7.8787765580031675)	(4.0, 3.9081267002292726)	(5.0, 2.0547925351225396)	(6.0, 1.2274161798268717)	(7.0, 0.7090626567851537)	(8.0, 0.486015002190591)	(9.0, 0.3126016899921437)	('>10', 2.034842419848937)	('>50', 0.1537108807155087)	('>100', 0.029073389651873147)	('>500', 0.0)	('>1k', 0.22424318475884222)	('>5k', 0.0)	('>10k+', 0.0)
SRR27013304_Genome_Sequencing_of_Listeria_monocytogenes_SA_outbreak_2017_1	(1.0, 51.57158119728228)	(2.0, 20.44504978347704)	(3.0, 10.222733531292768)	(4.0, 5.40468333244526)	(5.0, 3.281646725480828)	(6.0, 1.9811701449267514)	(7.0, 1.2774577577662278)	(8.0, 0.8453086800229832)	(9.0, 0.6270778594066398)	('>10', 3.490153196969968)	('>50', 0.4293235857725725)	('>100', 0.18874729887815092)	('>500', 0.0)	('>1k', 0.23506690627851878)	('>5k', 0.0)	('>10k+', 0.0)
SRR27013304_Genome_Sequencing_of_Listeria_monocytogenes_SA_outbreak_2017_2	(1.0, 57.21746176515714)	(2.0, 18.889534220981805)	(3.0, 9.075047266274181)	(4.0, 4.662862804648671)	(5.0, 2.690626037363657)	(6.0, 1.6738041352376423)	(7.0, 0.9927578311383195)	(8.0, 0.6992419796731909)	(9.0, 0.4510175644368968)	('>10', 2.951802139529919)	('>50', 0.360128122238552)	('>100', 0.10021224022417126)	('>500', 0.0)	('>1k', 0.23550389309590303)	('>5k', 0.0)	('>10k+', 0.0)
SRR27013305_Genome_Sequencing_of_Listeria_monocytogenes_SA_outbreak_2017_1	(1.0, 65.93825867051692)	(2.0, 18.43544263889526)	(3.0, 7.037814904596333)	(4.0, 3.215818489826403)	(5.0, 1.5233501623753543)	(6.0, 0.8907419239099681)	(7.0, 0.48040760697453005)	(8.0, 0.34888821804711356)	(9.0, 0.26027545030222904)	('>10', 1.68341987553244)	('>50', 0.0649740250410296)	('>100', 0.0)	('>500', 0.1206080339824112)	('>1k', 0.0)	('>5k', 0.0)	('>10k+', 0.0)
SRR27013306_Genome_Sequencing_of_Listeria_monocytogenes_SA_outbreak_2017_2	(1.0, 61.65002073292555)	(2.0, 18.687088966922733)	(3.0, 8.22017738123287)	(4.0, 3.9896100802828816)	(5.0, 2.106297214878915)	(6.0, 1.1802351119120744)	(7.0, 0.7476488709364155)	(8.0, 0.45306160319206507)	(9.0, 0.34704998956298155)	('>10', 2.1074286852710005)	('>50', 0.20590774725041255)	('>100', 0.014105164687402336)	('>500', 0.0)	('>1k', 0.29136845094467373)	('>5k', 0.0)	('>10k+', 0.0)
SRR27013307_Genome_Sequencing_of_Listeria_monocytogenes_SA_outbreak_2017_1	(1.0, 61.89345664007975)	(2.0, 19.973516138167003)	(3.0, 8.258821410576225)	(4.0, 3.685969475974813)	(5.0, 1.8317545850577468)	(6.0, 1.015959986473023)	(7.0, 0.5963935428871735)	(8.0, 0.38755313609588427)	(9.0, 0.26193250144485203)	('>10', 1.958688091713143)	('>50', 0.0892033422689594)	('>100', 0.04675114926144258)	('>500', 0.0)	('>1k', 0.0)	('>5k', 0.0)	('>10k+', 0.0)
SRR27013307_Genome_Sequencing_of_Listeria_monocytogenes_SA_outbreak_2017_2	(1.0, 68.02858613839426)	(2.0, 17.36917768995064)	(3.0, 6.77944150499105)	(4.0, 3.0956766368070245)	(5.0, 1.40725185631971)	(6.0, 0.7771152025986002)	(7.0, 0.44871920569388724)	(8.0, 0.302610234623125)	(9.0, 0.2315215697086916)	('>10', 1.4726689512450244)	('>50', 0.04110267739497319)	('>100', 0.04612833227296118)	('>500', 0.0)	('>1k', 0.0)	('>5k', 0.0)	('>10k+', 0.0)
SRR27013308_Genome_Sequencing_of_Listeria_monocytogenes_SA_outbreak_2017_1	(1.0, 62.864812334899355)	(2.0, 19.470997250206786)	(3.0, 7.782497668735862)	(4.0, 3.575700657085848)	(5.0, 1.9218627006427538)	(6.0, 0.9726807345526781)	(7.0, 0.6164964273218227)	(8.0, 0.40187465960002006)	(9.0, 0.28137651832794225)	('>10', 1.8132753604324405)	('>50', 0.12671564916943084)	('>100', 0.0)	('>500', 0.0)	('>1k', 0.17171003902507567)	('>5k', 0.0)	('>10k+', 0.0)
SRR27013308_Genome_Sequencing_of_Listeria_monocytogenes_SA_outbreak_2017_2	(1.0, 63.93135756576083)	(2.0, 18.618369009861357)	(3.0, 7.486305720713069)	(4.0, 3.539186512004196)	(5.0, 1.8579247330271502)	(6.0, 1.0614348395715114)	(7.0, 0.637987711569146)	(8.0, 0.4090149204595581)	(9.0, 0.2822989838016612)	('>10', 1.8933645628604705)	('>50', 0.11332344927110936)	('>100', 0.0)	('>500', 0.0)	('>1k', 0.16943199109990129)	('>5k', 0.0)	('>10k+', 0.0)
SRR27013309_Genome_Sequencing_of_Listeria_monocytogenes_SA_outbreak_2017_1	(1.0, 61.63074502530701)	(2.0, 19.38257756826315)	(3.0, 8.144343624274912)	(4.0, 3.991242035607213)	(5.0, 2.0216904642052445)	(6.0, 1.2090940470513394)	(7.0, 0.742607592104858)	(8.0, 0.41214314186738316)	(9.0, 0.3660669329729494)	('>10', 1.8293774736591142)	('>50', 0.0971299053654172)	('>100', 0.0)	('>500', 0.0)	('>1k', 0.1729821893213534)	('>5k', 0.0)	('>10k+', 0.0)
SRR27013309_Genome_Sequencing_of_Listeria_monocytogenes_SA_outbreak_2017_2	(1.0, 63.79309199563794)	(2.0, 18.32228578596895)	(3.0, 7.633130793680051)	(4.0, 3.602170414747458)	(5.0, 2.0035930516069738)	(6.0, 1.1119939335320272)	(7.0, 0.6794474264823837)	(8.0, 0.44708482628640295)	(9.0, 0.32210853041609244)	('>10', 1.826699154992047)	('>50', 0.08843605952538913)	('>100', 0.0)	('>500', 0.0)	('>1k', 0.16995802712424785)	('>5k', 0.0)	('>10k+', 0.0)
SRR27013310_Genome_Sequencing_of_Listeria_monocytogenes_SA_outbreak_2017_1	(1.0, 63.46609195134448)	(2.0, 19.298736283006246)	(3.0, 7.658601807804355)	(4.0, 3.655383409984643)	(5.0, 1.8211950227152711)	(6.0, 0.9918655655595678)	(7.0, 0.6523804495208)	(8.0, 0.34687076952872314)	(9.0, 0.27964439636499777)	('>10', 1.5305282187062395)	('>50', 0.07159110724452868)	('>100', 0.0)	('>500', 0.0)	('>1k', 0.2271110182201715)	('>5k', 0.0)	('>10k+', 0.0)
SRR27013310_Genome_Sequencing_of_Listeria_monocytogenes_SA_outbreak_2017_2	(1.0, 64.78798227640095)	(2.0, 18.14636984791266)	(3.0, 7.5647924103589546)	(4.0, 3.536743581231493)	(5.0, 1.8042813646266465)	(6.0, 0.9819327358809877)	(7.0, 0.6393107417117353)	(8.0, 0.38673317061094004)	(9.0, 0.2818509750044136)	('>10', 1.5770184577311503)	('>50', 0.07043204394959693)	('>100', 0.0)	('>500', 0.0)	('>1k', 0.22255239458046153)	('>5k', 0.0)	('>10k+', 0.0)
SRR27013311_Genome_Sequencing_of_Listeria_monocytogenes_SA_outbreak_2017_1	(1.0, 63.27720225748639)	(2.0, 19.30745778958918)	(3.0, 7.963658091785404)	(4.0, 3.646769702087764)	(5.0, 1.7513961900697257)	(6.0, 0.9732733366132569)	(7.0, 0.5580886847753145)	(8.0, 0.3977115053745552)	(9.0, 0.2959888994060209)	('>10', 1.5794730453452426)	('>50', 0.06877210671728573)	('>100', 0.0)	('>500', 0.0)	('>1k', 0.18020839074992467)	('>5k', 0.0)	('>10k+', 0.0)
SRR27013311_Genome_Sequencing_of_Listeria_monocytogenes_SA_outbreak_2017_2	(1.0, 64.81114704851664)	(2.0, 18.247421032758275)	(3.0, 7.492003735640024)	(4.0, 3.494062220706011)	(5.0, 1.8261255880351859)	(6.0, 0.9640373391642545)	(7.0, 0.6403337304176082)	(8.0, 0.39141067370670235)	(9.0, 0.27373561208149316)	('>10', 1.5942421639641169)	('>50', 0.08681002987833202)	('>100', 0.0)	('>500', 0.0)	('>1k', 0.17867082513140337)	('>5k', 0.0)	('>10k+', 0.0)
SRR27013312_Genome_Sequencing_of_Listeria_monocytogenes_SA_outbreak_2017_1	(1.0, 63.94912975681547)	(2.0, 18.71810098686787)	(3.0, 7.4312900224926395)	(4.0, 3.4521043982694657)	(5.0, 1.846915460177704)	(6.0, 1.0627152646589475)	(7.0, 0.6306429295267914)	(8.0, 0.4260530671321674)	(9.0, 0.3084914112188098)	('>10', 1.9140590445243209)	('>50', 0.10360491328597016)	('>100', 0.0)	('>500', 0.1568927450298294)	('>1k', 0.0)	('>5k', 0.0)	('>10k+', 0.0)
SRR27013312_Genome_Sequencing_of_Listeria_monocytogenes_SA_outbreak_2017_2	(1.0, 65.47102047115094)	(2.0, 18.22813154809247)	(3.0, 7.212197473472741)	(4.0, 3.3157793577791654)	(5.0, 1.6771898970083607)	(6.0, 0.9894992072570185)	(7.0, 0.5537159346529564)	(8.0, 0.3809242511175612)	(9.0, 0.2630052529036519)	('>10', 1.6970769343365504)	('>50', 0.05412028550441346)	('>100', 0.0)	('>500', 0.15733938672417108)	('>1k', 0.0)	('>5k', 0.0)	('>10k+', 0.0)
SRR27013313_Genome_Sequencing_of_Listeria_monocytogenes_SA_outbreak_2017_1	(1.0, 61.37367921678801)	(2.0, 18.851763354631323)	(3.0, 8.157240041101993)	(4.0, 4.038879993423629)	(5.0, 2.1232033280961162)	(6.0, 1.1950241300109192)	(7.0, 0.7769665293584807)	(8.0, 0.5560635445546158)	(9.0, 0.3968669179605195)	('>10', 2.2208494637538405)	('>50', 0.18772064442700953)	('>100', 0.0)	('>500', 0.12174283589350965)	('>1k', 0.0)	('>5k', 0.0)	('>10k+', 0.0)
SRR27013313_Genome_Sequencing_of_Listeria_monocytogenes_SA_outbreak_2017_2	(1.0, 63.11650601815231)	(2.0, 18.426029533931302)	(3.0, 7.953881395689279)	(4.0, 3.6940930855632943)	(5.0, 1.8779324598886422)	(6.0, 1.15634575956398)	(7.0, 0.683447166991513)	(8.0, 0.4739365095860187)	(9.0, 0.34158279597104085)	('>10', 2.0090920734707995)	('>50', 0.1442269564559426)	('>100', 0.0)	('>500', 0.12292624473584284)	('>1k', 0.0)	('>5k', 0.0)	('>10k+', 0.0)
SRR27013314_Genome_Sequencing_of_Listeria_monocytogenes_SA_outbreak_2017_1	(1.0, 58.70510873215126)	(2.0, 19.98391281759953)	(3.0, 8.978575548922127)	(4.0, 4.382726524380794)	(5.0, 2.3657212021791585)	(6.0, 1.3031561316371942)	(7.0, 0.8820786968050912)	(8.0, 0.5257740756593392)	(9.0, 0.4084902128539082)	('>10', 2.0314167405522428)	('>50', 0.16868463595261096)	('>100', 0.01379027680780469)	('>500', 0.0)	('>1k', 0.2505644044989513)	('>5k', 0.0)	('>10k+', 0.0)
SRR27013314_Genome_Sequencing_of_Listeria_monocytogenes_SA_outbreak_2017_2	(1.0, 59.64636793753817)	(2.0, 19.17441835809631)	(3.0, 8.725976082569321)	(4.0, 4.328181071035455)	(5.0, 2.382900415252406)	(6.0, 1.3975158559055496)	(7.0, 0.9060441196551752)	(8.0, 0.604206293416308)	(9.0, 0.3549629623410409)	('>10', 2.054868937800285)	('>50', 0.16241725311810423)	('>100', 0.014909634973971946)	('>500', 0.0)	('>1k', 0.24723107829791188)	('>5k', 0.0)	('>10k+', 0.0)
SRR27013315_Genome_Sequencing_of_Listeria_monocytogenes_SA_outbreak_2017_1	(1.0, 59.11466243428526)	(2.0, 19.21309702978667)	(3.0, 8.828749008884392)	(4.0, 4.596850377665255)	(5.0, 2.5130760337215237)	(6.0, 1.504761312986701)	(7.0, 0.8592423950416588)	(8.0, 0.6326431240121556)	(9.0, 0.4228671000522679)	('>10', 2.0411830420922943)	('>50', 0.16064590951316796)	('>100', 0.0)	('>500', 0.11222223195866206)	('>1k', 0.0)	('>5k', 0.0)	('>10k+', 0.0)
SRR27013316_Genome_Sequencing_of_Listeria_monocytogenes_SA_outbreak_2017_1	(1.0, 61.7424830961108)	(2.0, 18.91648781732956)	(3.0, 8.082966415097882)	(4.0, 4.065192190801332)	(5.0, 2.1573545181743583)	(6.0, 1.1961609604269003)	(7.0, 0.7642256082766659)	(8.0, 0.4860468616914967)	(9.0, 0.3209678227305457)	('>10', 2.0232490314156624)	('>50', 0.1147998689616529)	('>100', 0.0)	('>500', 0.1300658089831493)	('>1k', 0.0)	('>5k', 0.0)	('>10k+', 0.0)
SRR27013316_Genome_Sequencing_of_Listeria_monocytogenes_SA_outbreak_2017_2	(1.0, 62.03240898934494)	(2.0, 19.03852753489549)	(3.0, 8.371814549400838)	(4.0, 3.887756347177615)	(5.0, 1.9783916937365396)	(6.0, 1.162376404257848)	(7.0, 0.7222621135152574)	(8.0, 0.4532029504185836)	(9.0, 0.32153917121187053)	('>10', 1.7823108621716715)	('>50', 0.11920301434932568)	('>100', 0.0)	('>500', 0.13020636952003264)	('>1k', 0.0)	('>5k', 0.0)	('>10k+', 0.0)
SRR27013317_Genome_Sequencing_of_Listeria_monocytogenes_SA_outbreak_2017_2	(1.0, 63.10058579936103)	(2.0, 18.50437269552223)	(3.0, 7.78910945513757)	(4.0, 3.7592741398343885)	(5.0, 2.0116436496030765)	(6.0, 1.1608929748160544)	(7.0, 0.7611134719257461)	(8.0, 0.4545263025289656)	(9.0, 0.30159455573412736)	('>10', 1.8927111397145373)	('>50', 0.10755099954499427)	('>100', 0.0)	('>500', 0.0)	('>1k', 0.15662481627727307)	('>5k', 0.0)	('>10k+', 0.0)
SRR27013318_Genome_Sequencing_of_Listeria_monocytogenes_SA_outbreak_2017_1	(1.0, 65.58546841920392)	(2.0, 18.755267728281837)	(3.0, 6.942866105960537)	(4.0, 3.0599659252788842)	(5.0, 1.555745039773143)	(6.0, 0.7651991592115387)	(7.0, 0.6090730640871899)	(8.0, 0.3748172541553478)	(9.0, 0.2641687805835196)	('>10', 1.962951283131872)	('>50', 0.06773673148820646)	('>100', 0.05674050884401709)	('>500', 0.0)	('>1k', 0.0)	('>5k', 0.0)	('>10k+', 0.0)
SRR27013318_Genome_Sequencing_of_Listeria_monocytogenes_SA_outbreak_2017_2	(1.0, 71.34979452578762)	(2.0, 16.308044344587657)	(3.0, 5.774392093025958)	(4.0, 2.382007764076703)	(5.0, 1.1762288677286297)	(6.0, 0.6397551020996944)	(7.0, 0.34056092259097903)	(8.0, 0.2615070821757888)	(9.0, 0.22429476635511175)	('>10', 1.4311254456327311)	('>50', 0.05636471764788108)	('>100', 0.055924368291257)	('>500', 0.0)	('>1k', 0.0)	('>5k', 0.0)	('>10k+', 0.0)
SRR27013319_Genome_Sequencing_of_Listeria_monocytogenes_SA_outbreak_2017_1	(1.0, 67.4868769491593)	(2.0, 18.065312736222513)	(3.0, 6.763472353954851)	(4.0, 2.736132274646653)	(5.0, 1.358716205145295)	(6.0, 0.7806175477554326)	(7.0, 0.5348958780078008)	(8.0, 0.34225193282154426)	(9.0, 0.23936087321963914)	('>10', 1.5252765303044624)	('>50', 0.03868929111295078)	('>100', 0.0)	('>500', 0.1283974276495729)	('>1k', 0.0)	('>5k', 0.0)	('>10k+', 0.0)
SRR27013319_Genome_Sequencing_of_Listeria_monocytogenes_SA_outbreak_2017_2	(1.0, 68.53701013601216)	(2.0, 17.13357040345464)	(3.0, 6.383222016033733)	(4.0, 2.8033723200405767)	(5.0, 1.5218650155134112)	(6.0, 0.7741349317886964)	(7.0, 0.5039558449090361)	(8.0, 0.353864210826854)	(9.0, 0.2210359553054003)	('>10', 1.5805285821429704)	('>50', 0.061076145339352086)	('>100', 0.0)	('>500', 0.12636443863314226)	('>1k', 0.0)	('>5k', 0.0)	('>10k+', 0.0)
SRR27013320_Genome_Sequencing_of_Listeria_monocytogenes_SA_outbreak_2017_2	(1.0, 62.33711170739752)	(2.0, 18.944395816560487)	(3.0, 8.217448884384037)	(4.0, 4.142374726706334)	(5.0, 2.049828247507468)	(6.0, 1.206688976935923)	(7.0, 0.649617966945922)	(8.0, 0.49061696893499834)	(9.0, 0.28321689019229673)	('>10', 1.4726688282681037)	('>50', 0.06357697338097695)	('>100', 0.0)	('>500', 0.14245401278588063)	('>1k', 0.0)	('>5k', 0.0)	('>10k+', 0.0)
SRR27013321_Genome_Sequencing_of_Listeria_monocytogenes_SA_outbreak_2017_1	(1.0, 59.570476798534365)	(2.0, 19.08097537807647)	(3.0, 8.724631771454074)	(4.0, 4.371936945733569)	(5.0, 2.4632485431404647)	(6.0, 1.4250196807804731)	(7.0, 0.9345354753634022)	(8.0, 0.5810357086045346)	(9.0, 0.4247712055662286)	('>10', 2.132600349100986)	('>50', 0.1255221214900732)	('>100', 0.0)	('>500', 0.0)	('>1k', 0.16524602215539239)	('>5k', 0.0)	('>10k+', 0.0)
SRR27013321_Genome_Sequencing_of_Listeria_monocytogenes_SA_outbreak_2017_2	(1.0, 60.28793137212486)	(2.0, 19.30368546954211)	(3.0, 8.499930924925591)	(4.0, 4.311284587501589)	(5.0, 2.2778796940252293)	(6.0, 1.3806731705518878)	(7.0, 0.8428444394675065)	(8.0, 0.5520391010570045)	(9.0, 0.346682326527512)	('>10', 1.9284670157808177)	('>50', 0.10318629836473224)	('>100', 0.0)	('>500', 0.0)	('>1k', 0.16539560013115012)	('>5k', 0.0)	('>10k+', 0.0)
SRR27013322_Genome_Sequencing_of_Listeria_monocytogenes_SA_outbreak_2017_1	(1.0, 57.335026956284295)	(2.0, 19.08347004622258)	(3.0, 9.163234689123202)	(4.0, 4.762125054232345)	(5.0, 2.69441278500405)	(6.0, 1.634769521553654)	(7.0, 1.086243090535249)	(8.0, 0.7162139843420292)	(9.0, 0.5406709745465487)	('>10', 2.614957423834936)	('>50', 0.2395707381611841)	('>100', 0.0)	('>500', 0.1293047361598444)	('>1k', 0.0)	('>5k', 0.0)	('>10k+', 0.0)
SRR27013322_Genome_Sequencing_of_Listeria_monocytogenes_SA_outbreak_2017_2	(1.0, 58.903429362318086)	(2.0, 19.164867521747624)	(3.0, 8.871865246509682)	(4.0, 4.471929204561017)	(5.0, 2.521588936441758)	(6.0, 1.4177847939938144)	(7.0, 0.9877814718484994)	(8.0, 0.6449625336929887)	(9.0, 0.4270990412650651)	('>10', 2.313266089671507)	('>50', 0.14693800401474896)	('>100', 0.0)	('>500', 0.12848779393520957)	('>1k', 0.0)	('>5k', 0.0)	('>10k+', 0.0)
SRR27013323_Genome_Sequencing_of_Listeria_monocytogenes_SA_outbreak_2017_1	(1.0, 64.337001990133)	(2.0, 19.08337728784341)	(3.0, 7.52621529639554)	(4.0, 3.327861455275378)	(5.0, 1.642517902782001)	(6.0, 0.9558557882582377)	(7.0, 0.5728659312793747)	(8.0, 0.3598877841181755)	(9.0, 0.2443050740808632)	('>10', 1.6803830768588424)	('>50', 0.10459214972882429)	('>100', 0.0)	('>500', 0.16513626324634842)	('>1k', 0.0)	('>5k', 0.0)	('>10k+', 0.0)
SRR27013323_Genome_Sequencing_of_Listeria_monocytogenes_SA_outbreak_2017_2	(1.0, 67.17221242872576)	(2.0, 17.226651676886107)	(3.0, 6.944037336340159)	(4.0, 3.1811583759510653)	(5.0, 1.5602934550510976)	(6.0, 0.865838093150384)	(7.0, 0.5425420797603919)	(8.0, 0.34130328884734573)	(9.0, 0.28030988070075663)	('>10', 1.6165265226577963)	('>50', 0.10591444243659748)	('>100', 0.0)	('>500', 0.1632124194924617)	('>1k', 0.0)	('>5k', 0.0)	('>10k+', 0.0)
SRR27013324_Genome_Sequencing_of_Listeria_monocytogenes_SA_outbreak_2017_1	(1.0, 61.04967975093899)	(2.0, 18.95935295704125)	(3.0, 8.16395086823609)	(4.0, 4.242400926906549)	(5.0, 2.1910524182457967)	(6.0, 1.3145564419924631)	(7.0, 0.8467618876091783)	(8.0, 0.5164025093497989)	(9.0, 0.3626179591326454)	('>10', 2.131055917169026)	('>50', 0.09497621553445991)	('>100', 0.0)	('>500', 0.12719214784374872)	('>1k', 0.0)	('>5k', 0.0)	('>10k+', 0.0)
SRR27013324_Genome_Sequencing_of_Listeria_monocytogenes_SA_outbreak_2017_2	(1.0, 62.265221761806444)	(2.0, 18.6865565839415)	(3.0, 8.000553183739953)	(4.0, 4.0337213110889945)	(5.0, 2.085129212032906)	(6.0, 1.187315521154494)	(7.0, 0.7635968490236655)	(8.0, 0.5543623438803776)	(9.0, 0.2981977105088685)	('>10', 1.9086120154702704)	('>50', 0.08952036173253873)	('>100', 0.0)	('>500', 0.12721314561992345)	('>1k', 0.0)	('>5k', 0.0)	('>10k+', 0.0)
SRR27013325_Genome_Sequencing_of_Listeria_monocytogenes_SA_outbreak_2017_1	(1.0, 57.72152412793755)	(2.0, 18.98332484397626)	(3.0, 9.104154026942783)	(4.0, 4.618752680094166)	(5.0, 2.636290203457849)	(6.0, 1.6554452270758389)	(7.0, 1.031426537933007)	(8.0, 0.6794164514896123)	(9.0, 0.4915482315402342)	('>10', 2.61420750055424)	('>50', 0.30989465521620696)	('>100', 0.0)	('>500', 0.0)	('>1k', 0.15401551378228157)	('>5k', 0.0)	('>10k+', 0.0)
SRR27013325_Genome_Sequencing_of_Listeria_monocytogenes_SA_outbreak_2017_2	(1.0, 59.51707750079092)	(2.0, 18.864161826798235)	(3.0, 8.638068552466297)	(4.0, 4.4809897730871935)	(5.0, 2.4333801024877726)	(6.0, 1.400771125661121)	(7.0, 0.9770914837197331)	(8.0, 0.5601962700439108)	(9.0, 0.425802629903815)	('>10', 2.359795001897454)	('>50', 0.18861350753170825)	('>100', 0.0)	('>500', 0.0)	('>1k', 0.15405222561183557)	('>5k', 0.0)	('>10k+', 0.0)
SRR27013326_Genome_Sequencing_of_Listeria_monocytogenes_SA_outbreak_2017_1	(1.0, 61.92030951503457)	(2.0, 19.253059300230436)	(3.0, 8.318175685479448)	(4.0, 4.0396426054998065)	(5.0, 2.0348698540502164)	(6.0, 1.207279038043981)	(7.0, 0.7198514240935082)	(8.0, 0.4577101234320969)	(9.0, 0.2954301303537643)	('>10', 1.5879992644733203)	('>50', 0.029797312825332555)	('>100', 0.0)	('>500', 0.13587574648351644)	('>1k', 0.0)	('>5k', 0.0)	('>10k+', 0.0)
SRR27013326_Genome_Sequencing_of_Listeria_monocytogenes_SA_outbreak_2017_2	(1.0, 63.42528220917221)	(2.0, 18.722386458521196)	(3.0, 8.153822432099878)	(4.0, 3.8554253781254717)	(5.0, 1.9868774800754732)	(6.0, 1.1018782504414677)	(7.0, 0.5614264010825205)	(8.0, 0.4049656253364081)	(9.0, 0.2929285034445146)	('>10', 1.3260407069364315)	('>50', 0.03358434171553901)	('>100', 0.0)	('>500', 0.13538221304886167)	('>1k', 0.0)	('>5k', 0.0)	('>10k+', 0.0)
SRR27013327_Genome_Sequencing_of_Listeria_monocytogenes_SA_outbreak_2017_1	(1.0, 61.47113849282982)	(2.0, 18.838390244561328)	(3.0, 8.411501327295378)	(4.0, 3.9312145074347202)	(5.0, 2.1412794173102165)	(6.0, 1.1443078915724876)	(7.0, 0.797111201694274)	(8.0, 0.5183443894310162)	(9.0, 0.35106864753854644)	('>10', 2.1153998929981817)	('>50', 0.168797401663042)	('>100', 0.0)	('>500', 0.11144658567100753)	('>1k', 0.0)	('>5k', 0.0)	('>10k+', 0.0)
SRR27013327_Genome_Sequencing_of_Listeria_monocytogenes_SA_outbreak_2017_2	(1.0, 65.59186528396394)	(2.0, 17.789553098675672)	(3.0, 7.3876748485200245)	(4.0, 3.347209512744082)	(5.0, 1.723851892545512)	(6.0, 0.9939305774302304)	(7.0, 0.6082787354602099)	(8.0, 0.38746170883675807)	(9.0, 0.2806072012573172)	('>10', 1.6885205059484942)	('>50', 0.09110168958280282)	('>100', 0.0)	('>500', 0.10994494503497229)	('>1k', 0.0)	('>5k', 0.0)	('>10k+', 0.0)
SRR27013328_Genome_Sequencing_of_Listeria_monocytogenes_SA_outbreak_2017_2	(1.0, 62.93471257104173)	(2.0, 18.192210979048458)	(3.0, 7.907800516039182)	(4.0, 3.755466922952872)	(5.0, 2.0332955912789226)	(6.0, 1.1702677889477018)	(7.0, 0.7661299728665061)	(8.0, 0.49079961655191623)	(9.0, 0.33455359434779963)	('>10', 2.0716544830984454)	('>50', 0.17107433424713053)	('>100', 0.0)	('>500', 0.0)	('>1k', 0.17203362957935744)	('>5k', 0.0)	('>10k+', 0.0)
SRR27013329_Genome_Sequencing_of_Listeria_monocytogenes_SA_outbreak_2017_1	(1.0, 55.10332779007815)	(2.0, 20.685330660249793)	(3.0, 9.751444043219044)	(4.0, 5.241497394669454)	(5.0, 2.8762968536079554)	(6.0, 1.634336756800359)	(7.0, 1.1345723616898526)	(8.0, 0.662054602805161)	(9.0, 0.45513689482177394)	('>10', 2.144618083643169)	('>50', 0.11348290839223957)	('>100', 0.029787755975433764)	('>500', 0.0)	('>1k', 0.16811389404758975)	('>5k', 0.0)	('>10k+', 0.0)
SRR27013329_Genome_Sequencing_of_Listeria_monocytogenes_SA_outbreak_2017_2	(1.0, 60.825815058623924)	(2.0, 18.497615940988332)	(3.0, 8.788732481963669)	(4.0, 4.263593837586779)	(5.0, 2.488446089267451)	(6.0, 1.322455728301484)	(7.0, 0.8749499758283147)	(8.0, 0.5522794864154696)	(9.0, 0.4167864690330982)	('>10', 1.726659474999058)	('>50', 0.07614216974748908)	('>100', 0.0)	('>500', 0.0)	('>1k', 0.1665232872449048)	('>5k', 0.0)	('>10k+', 0.0)
SRR27013331_Genome_Sequencing_of_Listeria_monocytogenes_SA_outbreak_2017_1	(1.0, 53.515770452026224)	(2.0, 20.585020628473366)	(3.0, 9.934758620338307)	(4.0, 5.460698206520244)	(5.0, 3.125971304603569)	(6.0, 1.8222663551364986)	(7.0, 1.2701766550766003)	(8.0, 0.7459301890750382)	(9.0, 0.5081227667128313)	('>10', 2.543932733516628)	('>50', 0.274135549792893)	('>100', 0.051365291617610546)	('>500', 0.0)	('>1k', 0.16185124711019513)	('>5k', 0.0)	('>10k+', 0.0)
SRR27013332_Genome_Sequencing_of_Listeria_monocytogenes_SA_outbreak_2017_1	(1.0, 54.92195136454471)	(2.0, 20.355611971368287)	(3.0, 9.856988032735531)	(4.0, 5.030518698868978)	(5.0, 2.8772422074544344)	(6.0, 1.6437993245776075)	(7.0, 1.1133271450578432)	(8.0, 0.7107585546871255)	(9.0, 0.4749724700085152)	('>10', 2.5477239015495763)	('>50', 0.300576983986877)	('>100', 0.03248170633406574)	('>500', 0.0)	('>1k', 0.13404763882640564)	('>5k', 0.0)	('>10k+', 0.0)
SRR27013332_Genome_Sequencing_of_Listeria_monocytogenes_SA_outbreak_2017_2	(1.0, 62.490212853819074)	(2.0, 17.92895106852799)	(3.0, 8.035375671469346)	(4.0, 3.930510822441227)	(5.0, 2.312218849531469)	(6.0, 1.288703574607805)	(7.0, 0.7917120509857432)	(8.0, 0.5462881072712659)	(9.0, 0.39325114794416155)	('>10', 1.9933511611399688)	('>50', 0.13301168303783964)	('>100', 0.02655383644966899)	('>500', 0.0)	('>1k', 0.12985917277440864)	('>5k', 0.0)	('>10k+', 0.0)
SRR27013333_Genome_Sequencing_of_Listeria_monocytogenes_SA_outbreak_2017_1	(1.0, 51.51121527718351)	(2.0, 20.27670008387029)	(3.0, 10.294590310807445)	(4.0, 5.556938556420913)	(5.0, 3.396012072514377)	(6.0, 2.231376850734924)	(7.0, 1.3320631118795037)	(8.0, 0.9688197423908067)	(9.0, 0.6157474985530531)	('>10', 3.2738941581832477)	('>50', 0.34793603973737414)	('>100', 0.07661487100640804)	('>500', 0.0)	('>1k', 0.11809142671815)	('>5k', 0.0)	('>10k+', 0.0)
SRR27013334_Genome_Sequencing_of_Listeria_monocytogenes_SA_outbreak_2017_1	(1.0, 48.888879255350645)	(2.0, 20.52193381585039)	(3.0, 10.7340067485977)	(4.0, 6.120841978245287)	(5.0, 3.6952520185587376)	(6.0, 2.362783502882531)	(7.0, 1.5387884311322735)	(8.0, 1.1281980537584195)	(9.0, 0.7428945927714958)	('>10', 3.5992832619179396)	('>50', 0.41156811848114416)	('>100', 0.09284131848891691)	('>500', 0.0)	('>1k', 0.16272890396449358)	('>5k', 0.0)	('>10k+', 0.0)
SRR27013334_Genome_Sequencing_of_Listeria_monocytogenes_SA_outbreak_2017_2	(1.0, 55.572324277083965)	(2.0, 18.913611909842622)	(3.0, 9.277456364643573)	(4.0, 5.229682982122035)	(5.0, 3.073147962091376)	(6.0, 1.9194523934405998)	(7.0, 1.176314712426241)	(8.0, 0.8089585363221121)	(9.0, 0.6685088243058271)	('>10', 2.802366979874698)	('>50', 0.33244214014070517)	('>100', 0.06681470404202852)	('>500', 0.0)	('>1k', 0.15891821366421027)	('>5k', 0.0)	('>10k+', 0.0)
SRR27013335_Genome_Sequencing_of_Listeria_monocytogenes_SA_outbreak_2017_1	(1.0, 54.577303002414254)	(2.0, 20.672702150596685)	(3.0, 9.758857473979166)	(4.0, 5.118714843227334)	(5.0, 2.8422549980956053)	(6.0, 1.751290249966416)	(7.0, 1.1021082748323883)	(8.0, 0.7565093229491598)	(9.0, 0.5246472040350112)	('>10', 2.4983863643027773)	('>50', 0.21197321544244757)	('>100', 0.03125322591216729)	('>500', 0.0)	('>1k', 0.1539996742465953)	('>5k', 0.0)	('>10k+', 0.0)
SRR27013335_Genome_Sequencing_of_Listeria_monocytogenes_SA_outbreak_2017_2	(1.0, 60.97435784780075)	(2.0, 18.28259213823672)	(3.0, 8.497047669114982)	(4.0, 4.386128563688995)	(5.0, 2.323928753241666)	(6.0, 1.401972843147099)	(7.0, 0.8428135655470869)	(8.0, 0.5474152467282082)	(9.0, 0.4367997670471097)	('>10', 2.02929786450021)	('>50', 0.11715412053689431)	('>100', 0.012263083755386298)	('>500', 0.0)	('>1k', 0.148228536654912)	('>5k', 0.0)	('>10k+', 0.0)
SRR27013336_Genome_Sequencing_of_Listeria_monocytogenes_SA_outbreak_2017_1	(1.0, 53.877756103416274)	(2.0, 20.498330125856132)	(3.0, 9.804001921137884)	(4.0, 5.184376127681977)	(5.0, 2.9502291010817916)	(6.0, 1.8354246418678988)	(7.0, 1.2463080101228299)	(8.0, 0.8221549198835387)	(9.0, 0.5516014117496897)	('>10', 2.7266046163590953)	('>50', 0.32579276535047375)	('>100', 0.06267563373372044)	('>500', 0.1147446217586574)	('>1k', 0.0)	('>5k', 0.0)	('>10k+', 0.0)
SRR27013336_Genome_Sequencing_of_Listeria_monocytogenes_SA_outbreak_2017_2	(1.0, 62.7198545165898)	(2.0, 17.467514209770734)	(3.0, 8.027652965286526)	(4.0, 4.113502796122942)	(5.0, 2.2394157369121324)	(6.0, 1.3432004971261147)	(7.0, 0.8037418598674952)	(8.0, 0.5667328500676981)	(9.0, 0.387620033486104)	('>10', 2.0464715907866333)	('>50', 0.1584227855787634)	('>100', 0.014588399585259032)	('>500', 0.11128175881978586)	('>1k', 0.0)	('>5k', 0.0)	('>10k+', 0.0)
SRR27013337_Genome_Sequencing_of_Listeria_monocytogenes_SA_outbreak_2017_1	(1.0, 56.22444841086993)	(2.0, 16.965931906415683)	(3.0, 7.424851254329272)	(4.0, 3.7429832201851725)	(5.0, 2.0869785013373656)	(6.0, 1.3700903085762404)	(7.0, 0.8972613547142861)	(8.0, 0.6395645620181847)	(9.0, 0.5081054639594647)	('>10', 6.236558947613025)	('>50', 1.755238607615946)	('>100', 2.056851531205416)	('>500', 0.09113593116001587)	('>1k', 0.0)	('>5k', 0.0)	('>10k+', 0.0)
SRR27013337_Genome_Sequencing_of_Listeria_monocytogenes_SA_outbreak_2017_2	(1.0, 64.41486825961735)	(2.0, 14.303095040037666)	(3.0, 5.956341838523525)	(4.0, 2.7792762002851266)	(5.0, 1.572971555713156)	(6.0, 0.9946603248375202)	(7.0, 0.5910832885901369)	(8.0, 0.4932026788807471)	(9.0, 0.4684427701511786)	('>10', 5.2217404621227255)	('>50', 1.5654612144001674)	('>100', 1.5529266513290487)	('>500', 0.08592971551164338)	('>1k', 0.0)	('>5k', 0.0)	('>10k+', 0.0)
SRR27013338_Genome_Sequencing_of_Listeria_monocytogenes_SA_outbreak_2017_1	(1.0, 54.45770119195503)	(2.0, 19.32802435356284)	(3.0, 8.327610875084487)	(4.0, 4.057971444108925)	(5.0, 2.068503077271841)	(6.0, 1.3038117461694838)	(7.0, 0.8066066567197888)	(8.0, 0.5450569930799913)	(9.0, 0.4605627244577902)	('>10', 5.071864932234824)	('>50', 1.6914295770556513)	('>100', 1.8808564282993216)	('>500', 0.0)	('>1k', 0.0)	('>5k', 0.0)	('>10k+', 0.0)
SRR27013339_Genome_Sequencing_of_Listeria_monocytogenes_SA_outbreak_2017_1	(1.0, 57.104122790779336)	(2.0, 20.24195558408386)	(3.0, 9.354685321292209)	(4.0, 4.813792887496647)	(5.0, 2.4422177599640578)	(6.0, 1.533015009074518)	(7.0, 0.9093039984324276)	(8.0, 0.6096786645810384)	(9.0, 0.4415412923936518)	('>10', 2.3017363105847144)	('>50', 0.14093872871925384)	('>100', 0.0)	('>500', 0.10701165259826997)	('>1k', 0.0)	('>5k', 0.0)	('>10k+', 0.0)
SRR27013339_Genome_Sequencing_of_Listeria_monocytogenes_SA_outbreak_2017_2	(1.0, 64.92466492601974)	(2.0, 17.83794072170533)	(3.0, 7.5535074439349925)	(4.0, 3.5846811003923382)	(5.0, 1.8851321994174535)	(6.0, 1.015730656746385)	(7.0, 0.6503873343504256)	(8.0, 0.41247662537626845)	(9.0, 0.2901522883043707)	('>10', 1.6606534557782937)	('>50', 0.08072373569434639)	('>100', 0.0)	('>500', 0.10394951228008817)	('>1k', 0.0)	('>5k', 0.0)	('>10k+', 0.0)
SRR27013340_Genome_Sequencing_of_Listeria_monocytogenes_SA_outbreak_2017_1	(1.0, 59.3682574075749)	(2.0, 21.00102151588962)	(3.0, 8.896839127108088)	(4.0, 4.2963354794278885)	(5.0, 2.2328515285217247)	(6.0, 1.2553617175675706)	(7.0, 0.7229863088956721)	(8.0, 0.5162584799911618)	(9.0, 0.30810834729866193)	('>10', 1.347772987986291)	('>50', 0.05420709973839197)	('>100', 0.0)	('>500', 0.0)	('>1k', 0.0)	('>5k', 0.0)	('>10k+', 0.0)
SRR27013341_Genome_Sequencing_of_Listeria_monocytogenes_SA_outbreak_2017_1	(1.0, 46.883484150967966)	(2.0, 20.576383019568354)	(3.0, 11.096092523933727)	(4.0, 6.408257725938681)	(5.0, 4.021270248505517)	(6.0, 2.5021280305203932)	(7.0, 1.7104845894201952)	(8.0, 1.2447752305811106)	(9.0, 0.8460407089821814)	('>10', 3.972477223316805)	('>50', 0.4357830434254898)	('>100', 0.1294693397119273)	('>500', 0.0)	('>1k', 0.17335416512764387)	('>5k', 0.0)	('>10k+', 0.0)
SRR27013342_Genome_Sequencing_of_Listeria_monocytogenes_SA_outbreak_2017_1	(1.0, 51.90911271400749)	(2.0, 20.78420606445243)	(3.0, 10.126298053031233)	(4.0, 5.697324155071366)	(5.0, 3.2283797313643494)	(6.0, 1.9937516988215314)	(7.0, 1.2865484409682657)	(8.0, 0.8268553220746946)	(9.0, 0.6507017788188532)	('>10', 3.052859691685798)	('>50', 0.2962818481042492)	('>100', 0.0389056972258105)	('>500', 0.10877480437393765)	('>1k', 0.0)	('>5k', 0.0)	('>10k+', 0.0)
SRR27013342_Genome_Sequencing_of_Listeria_monocytogenes_SA_outbreak_2017_2	(1.0, 56.64610337150635)	(2.0, 19.394468358635233)	(3.0, 9.502553507776703)	(4.0, 4.925762249361285)	(5.0, 2.813684531161429)	(6.0, 1.6243607470085006)	(7.0, 1.0629912603850111)	(8.0, 0.739944931682531)	(9.0, 0.4748076756225291)	('>10', 2.4922380412526492)	('>50', 0.19122317345104523)	('>100', 0.0243207291128213)	('>500', 0.10754142304389705)	('>1k', 0.0)	('>5k', 0.0)	('>10k+', 0.0)
SRR27013343_Genome_Sequencing_of_Listeria_monocytogenes_SA_outbreak_2017_1	(1.0, 44.91507442377554)	(2.0, 17.41144606845913)	(3.0, 8.606751419970522)	(4.0, 4.798117872638923)	(5.0, 2.874535703293201)	(6.0, 1.7085703811669846)	(7.0, 1.2061089930041797)	(8.0, 0.9030701079797804)	(9.0, 0.649875298424299)	('>10', 7.1349515767339735)	('>50', 3.441063838801023)	('>100', 5.480569920448131)	('>500', 0.6220754908560656)	('>1k', 0.24778890444824686)	('>5k', 0.0)	('>10k+', 0.0)
SRR27013343_Genome_Sequencing_of_Listeria_monocytogenes_SA_outbreak_2017_2	(1.0, 49.291543781709535)	(2.0, 16.337018066237892)	(3.0, 8.056805483701055)	(4.0, 4.226941151973156)	(5.0, 2.5457386182852857)	(6.0, 1.5354433189560666)	(7.0, 1.0651675419965885)	(8.0, 0.6820999727072121)	(9.0, 0.5686130544990324)	('>10', 6.685663996421873)	('>50', 3.256860043682413)	('>100', 4.927555627936235)	('>500', 0.5736875177043247)	('>1k', 0.24686182418933986)	('>5k', 0.0)	('>10k+', 0.0)
