Sample	fastqc-percent_duplicates	fastqc-percent_gc	fastqc-avg_sequence_length	fastqc-median_sequence_length	fastqc-percent_fails	fastqc-total_sequences
SRR27013147_Genome_Sequencing_of_Listeria_monocytogenes_SA_outbreak_2017_1	33.24188194469575	41.0	245.43809485488248	294	9.090909090909092	0.9692489999999999
SRR27013147_Genome_Sequencing_of_Listeria_monocytogenes_SA_outbreak_2017_2	29.993506630209083	41.0	246.2373053776687	294	9.090909090909092	0.9692489999999999
SRR27013245_Genome_Sequencing_of_Listeria_monocytogenes_SA_outbreak_2017_1	17.797027431309587	46.0	277.5230676923566	301	18.181818181818183	0.62917
SRR27013245_Genome_Sequencing_of_Listeria_monocytogenes_SA_outbreak_2017_2	15.740597423016624	46.0	278.0400201853235	301	18.181818181818183	0.62917
SRR27013246_Genome_Sequencing_of_Listeria_monocytogenes_SA_outbreak_2017_1	24.952910775363648	41.0	278.72504042879956	301	9.090909090909092	0.49160499999999996
SRR27013246_Genome_Sequencing_of_Listeria_monocytogenes_SA_outbreak_2017_2	21.52481523751014	41.0	279.05405966172026	301	9.090909090909092	0.49160499999999996
SRR27013247_Genome_Sequencing_of_Listeria_monocytogenes_SA_outbreak_2017_1	21.376860224129985	40.0	286.8255010622256	301	9.090909090909092	0.41846099999999997
SRR27013247_Genome_Sequencing_of_Listeria_monocytogenes_SA_outbreak_2017_2	18.033999061495933	40.0	287.1042164024843	301	9.090909090909092	0.41846099999999997
SRR27013248_Genome_Sequencing_of_Listeria_monocytogenes_SA_outbreak_2017_2	25.51509939110582	41.0	270.155677168593	301	9.090909090909092	0.605381
SRR27013249_Genome_Sequencing_of_Listeria_monocytogenes_SA_outbreak_2017_1	23.79710807373675	40.0	272.30045297997566	301	9.090909090909092	0.540642
SRR27013249_Genome_Sequencing_of_Listeria_monocytogenes_SA_outbreak_2017_2	21.00412666565491	40.0	272.6789511358718	301	9.090909090909092	0.540642
SRR27013250_Genome_Sequencing_of_Listeria_monocytogenes_SA_outbreak_2017_1	28.102310973894333	40.0	273.2738808945646	301	9.090909090909092	0.6947289999999999
SRR27013250_Genome_Sequencing_of_Listeria_monocytogenes_SA_outbreak_2017_2	25.6918896990405	40.0	273.5989097907242	301	9.090909090909092	0.6947289999999999
SRR27013251_Genome_Sequencing_of_Listeria_monocytogenes_SA_outbreak_2017_1	30.593356106061975	42.0	285.4899639546238	301	18.181818181818183	0.497706
SRR27013251_Genome_Sequencing_of_Listeria_monocytogenes_SA_outbreak_2017_2	27.411202261051244	42.0	285.8999801087389	301	18.181818181818183	0.497706
SRR27013252_Genome_Sequencing_of_Listeria_monocytogenes_SA_outbreak_2017_1	28.188985620207475	41.0	272.8504706238212	301	9.090909090909092	0.56202
SRR27013252_Genome_Sequencing_of_Listeria_monocytogenes_SA_outbreak_2017_2	25.433522888306953	41.0	273.15969271556173	301	9.090909090909092	0.56202
SRR27013253_Genome_Sequencing_of_Listeria_monocytogenes_SA_outbreak_2017_2	19.460129032767625	40.0	286.3888969117644	301	9.090909090909092	0.505499
SRR27013254_Genome_Sequencing_of_Listeria_monocytogenes_SA_outbreak_2017_1	25.385158438043405	40.0	271.84666572965085	301	9.090909090909092	0.597642
SRR27013254_Genome_Sequencing_of_Listeria_monocytogenes_SA_outbreak_2017_2	22.800138962837195	41.0	272.6043291803454	301	9.090909090909092	0.597642
SRR27013255_Genome_Sequencing_of_Listeria_monocytogenes_SA_outbreak_2017_1	23.458523714598513	40.0	245.32121456678377	294	9.090909090909092	0.568746
SRR27013255_Genome_Sequencing_of_Listeria_monocytogenes_SA_outbreak_2017_2	20.074635877440727	41.0	249.0385655459555	301	9.090909090909092	0.568746
SRR27013256_Genome_Sequencing_of_Listeria_monocytogenes_SA_outbreak_2017_1	24.494075310873924	40.0	268.8817751003609	301	9.090909090909092	0.592113
SRR27013257_Genome_Sequencing_of_Listeria_monocytogenes_SA_outbreak_2017_1	21.80594998369716	40.0	282.30036351697265	301	9.090909090909092	0.5086419999999999
SRR27013258_Genome_Sequencing_of_Listeria_monocytogenes_SA_outbreak_2017_1	22.44659745633608	40.0	277.5359365177613	301	9.090909090909092	0.516995
SRR27013258_Genome_Sequencing_of_Listeria_monocytogenes_SA_outbreak_2017_2	18.846699744196442	40.0	278.1181994023153	301	9.090909090909092	0.516995
SRR27013259_Genome_Sequencing_of_Listeria_monocytogenes_SA_outbreak_2017_1	21.296297630911994	40.0	282.5413768421466	301	9.090909090909092	0.509935
SRR27013259_Genome_Sequencing_of_Listeria_monocytogenes_SA_outbreak_2017_2	16.3002951217847	40.0	283.42365105356566	301	9.090909090909092	0.509935
SRR27013260_Genome_Sequencing_of_Listeria_monocytogenes_SA_outbreak_2017_1	25.47296388219833	40.0	276.17328602623587	301	9.090909090909092	0.623726
SRR27013260_Genome_Sequencing_of_Listeria_monocytogenes_SA_outbreak_2017_2	21.052520672819142	41.0	276.83226689283435	301	9.090909090909092	0.623726
SRR27013261_Genome_Sequencing_of_Listeria_monocytogenes_SA_outbreak_2017_1	26.755372458772086	41.0	245.94540439965235	294	9.090909090909092	0.6374139999999999
SRR27013261_Genome_Sequencing_of_Listeria_monocytogenes_SA_outbreak_2017_2	23.58053880267512	41.0	246.94481530057388	301	9.090909090909092	0.6374139999999999
SRR27013262_Genome_Sequencing_of_Listeria_monocytogenes_SA_outbreak_2017_1	25.538001129644073	40.0	275.57252334330803	301	9.090909090909092	0.644296
SRR27013262_Genome_Sequencing_of_Listeria_monocytogenes_SA_outbreak_2017_2	21.37079583766902	40.0	276.11370239765574	301	9.090909090909092	0.644296
SRR27013263_Genome_Sequencing_of_Listeria_monocytogenes_SA_outbreak_2017_2	24.174152854407254	41.0	251.75431616330525	301	9.090909090909092	0.676353
SRR27013264_Genome_Sequencing_of_Listeria_monocytogenes_SA_outbreak_2017_1	27.48566391828193	40.0	251.8113998464009	301	9.090909090909092	0.71615
SRR27013264_Genome_Sequencing_of_Listeria_monocytogenes_SA_outbreak_2017_2	22.457784337283513	41.0	253.15151783844166	301	9.090909090909092	0.71615
SRR27013265_Genome_Sequencing_of_Listeria_monocytogenes_SA_outbreak_2017_1	35.27597994246028	41.0	238.74182350462016	284	9.090909090909092	1.103315
SRR27013265_Genome_Sequencing_of_Listeria_monocytogenes_SA_outbreak_2017_2	31.650294923090343	41.0	239.95804688597545	284	9.090909090909092	1.103315
SRR27013266_Genome_Sequencing_of_Listeria_monocytogenes_SA_outbreak_2017_2	28.197927700508814	41.0	252.67831242526648	301	9.090909090909092	0.9140809999999999
SRR27013267_Genome_Sequencing_of_Listeria_monocytogenes_SA_outbreak_2017_1	31.12965763537578	41.0	244.62074065182162	284	9.090909090909092	0.83305
SRR27013267_Genome_Sequencing_of_Listeria_monocytogenes_SA_outbreak_2017_2	29.11240742867888	41.0	245.09362223155873	284	9.090909090909092	0.83305
SRR27013268_Genome_Sequencing_of_Listeria_monocytogenes_SA_outbreak_2017_1	36.241593205609846	40.0	216.70846739040186	244	18.181818181818183	1.348928
SRR27013268_Genome_Sequencing_of_Listeria_monocytogenes_SA_outbreak_2017_2	33.07685298632882	40.0	218.1043065308156	244	27.27272727272727	1.348928
SRR27013269_Genome_Sequencing_of_Listeria_monocytogenes_SA_outbreak_2017_1	29.426482246695286	41.0	249.4220849356616	294	18.181818181818183	0.781415
SRR27013269_Genome_Sequencing_of_Listeria_monocytogenes_SA_outbreak_2017_2	25.9541192897982	41.0	250.3999660871624	301	27.27272727272727	0.781415
SRR27013270_Genome_Sequencing_of_Listeria_monocytogenes_SA_outbreak_2017_1	18.45342539837924	40.0	280.9367994778747	301	9.090909090909092	0.415226
SRR27013270_Genome_Sequencing_of_Listeria_monocytogenes_SA_outbreak_2017_2	15.40928985123901	40.0	283.1888742516124	301	9.090909090909092	0.415226
SRR27013271_Genome_Sequencing_of_Listeria_monocytogenes_SA_outbreak_2017_1	29.193971311680812	41.0	242.40081594793426	294	9.090909090909092	0.7848539999999999
SRR27013271_Genome_Sequencing_of_Listeria_monocytogenes_SA_outbreak_2017_2	25.270277520320633	41.0	243.93248744352454	294	9.090909090909092	0.7848539999999999
SRR27013272_Genome_Sequencing_of_Listeria_monocytogenes_SA_outbreak_2017_1	26.080423572164037	41.0	241.60133886170456	294	9.090909090909092	0.665416
SRR27013272_Genome_Sequencing_of_Listeria_monocytogenes_SA_outbreak_2017_2	23.40682060754699	41.0	242.77020765956937	294	9.090909090909092	0.665416
SRR27013273_Genome_Sequencing_of_Listeria_monocytogenes_SA_outbreak_2017_2	30.607518897089633	41.0	260.0788262211491	301	9.090909090909092	0.940569
SRR27013274_Genome_Sequencing_of_Listeria_monocytogenes_SA_outbreak_2017_1	32.33174195060326	41.0	232.53411689785403	274	9.090909090909092	0.972011
SRR27013274_Genome_Sequencing_of_Listeria_monocytogenes_SA_outbreak_2017_2	28.036884671687687	41.0	234.5145636211936	274	9.090909090909092	0.972011
SRR27013275_Genome_Sequencing_of_Listeria_monocytogenes_SA_outbreak_2017_1	33.938021872689916	41.0	231.2766894833442	264	9.090909090909092	1.053177
SRR27013275_Genome_Sequencing_of_Listeria_monocytogenes_SA_outbreak_2017_2	31.442751386238967	41.0	232.40824476797349	274	9.090909090909092	1.053177
SRR27013276_Genome_Sequencing_of_Listeria_monocytogenes_SA_outbreak_2017_1	28.409345425621353	41.0	243.03010237612517	294	9.090909090909092	0.716671
SRR27013276_Genome_Sequencing_of_Listeria_monocytogenes_SA_outbreak_2017_2	25.310366499808808	41.0	244.0897524805664	301	9.090909090909092	0.716671
SRR27013277_Genome_Sequencing_of_Listeria_monocytogenes_SA_outbreak_2017_1	22.926030087706295	40.0	278.3650297710881	301	9.090909090909092	0.502333
SRR27013277_Genome_Sequencing_of_Listeria_monocytogenes_SA_outbreak_2017_2	18.839264053969302	40.0	279.26372545701753	301	9.090909090909092	0.502333
SRR27013278_Genome_Sequencing_of_Listeria_monocytogenes_SA_outbreak_2017_1	28.095911581377436	41.0	262.673220883413	301	9.090909090909092	0.66311
SRR27013278_Genome_Sequencing_of_Listeria_monocytogenes_SA_outbreak_2017_2	23.581540200994198	41.0	263.98617725565896	301	9.090909090909092	0.66311
SRR27013279_Genome_Sequencing_of_Listeria_monocytogenes_SA_outbreak_2017_1	26.42475604155443	41.0	277.01223119718964	301	9.090909090909092	0.5696089999999999
SRR27013279_Genome_Sequencing_of_Listeria_monocytogenes_SA_outbreak_2017_2	20.886976208345402	41.0	278.12062748306295	301	9.090909090909092	0.5696089999999999
SRR27013280_Genome_Sequencing_of_Listeria_monocytogenes_SA_outbreak_2017_1	30.275329061411213	41.0	265.1161725798316	301	9.090909090909092	0.7117169999999999
SRR27013280_Genome_Sequencing_of_Listeria_monocytogenes_SA_outbreak_2017_2	25.880624832755018	41.0	266.1660133170909	301	9.090909090909092	0.7117169999999999
SRR27013281_Genome_Sequencing_of_Listeria_monocytogenes_SA_outbreak_2017_1	19.859316267433343	40.0	283.35450456087347	301	9.090909090909092	0.44750199999999996
SRR27013281_Genome_Sequencing_of_Listeria_monocytogenes_SA_outbreak_2017_2	17.084792680355278	40.0	284.97226939767864	301	9.090909090909092	0.44750199999999996
SRR27013282_Genome_Sequencing_of_Listeria_monocytogenes_SA_outbreak_2017_1	28.30655139821195	41.0	264.76007098899566	301	9.090909090909092	0.6741889999999999
SRR27013283_Genome_Sequencing_of_Listeria_monocytogenes_SA_outbreak_2017_1	34.21543874767302	41.0	236.5500950999576	274	9.090909090909092	1.023134
SRR27013283_Genome_Sequencing_of_Listeria_monocytogenes_SA_outbreak_2017_2	31.474532602932086	41.0	237.77535933709564	284	9.090909090909092	1.023134
SRR27013284_Genome_Sequencing_of_Listeria_monocytogenes_SA_outbreak_2017_1	34.55908247458072	41.0	239.24195423052294	284	9.090909090909092	1.038465
SRR27013284_Genome_Sequencing_of_Listeria_monocytogenes_SA_outbreak_2017_2	30.822581951173746	41.0	240.92578228442943	294	9.090909090909092	1.038465
SRR27013285_Genome_Sequencing_of_Listeria_monocytogenes_SA_outbreak_2017_1	32.62906189538664	41.0	236.9323396357855	274	9.090909090909092	0.935932
SRR27013285_Genome_Sequencing_of_Listeria_monocytogenes_SA_outbreak_2017_2	28.66629419529582	41.0	238.74258813674498	284	9.090909090909092	0.935932
SRR27013286_Genome_Sequencing_of_Listeria_monocytogenes_SA_outbreak_2017_1	32.00412684535671	41.0	249.05069479093189	294	9.090909090909092	0.871845
SRR27013286_Genome_Sequencing_of_Listeria_monocytogenes_SA_outbreak_2017_2	27.537763122937932	41.0	250.5032178885008	301	9.090909090909092	0.871845
SRR27013287_Genome_Sequencing_of_Listeria_monocytogenes_SA_outbreak_2017_1	24.885923813907155	40.0	270.97403934301974	301	9.090909090909092	0.5857709999999999
SRR27013287_Genome_Sequencing_of_Listeria_monocytogenes_SA_outbreak_2017_2	21.059335374947906	40.0	271.9350070249295	301	9.090909090909092	0.5857709999999999
SRR27013288_Genome_Sequencing_of_Listeria_monocytogenes_SA_outbreak_2017_1	23.46709166225503	40.0	272.7964922826751	301	9.090909090909092	0.519027
SRR27013288_Genome_Sequencing_of_Listeria_monocytogenes_SA_outbreak_2017_2	19.460773205242788	41.0	273.766469759762	301	9.090909090909092	0.519027
SRR27013289_Genome_Sequencing_of_Listeria_monocytogenes_SA_outbreak_2017_1	29.36053068931612	41.0	265.8901619280323	301	9.090909090909092	0.680611
SRR27013289_Genome_Sequencing_of_Listeria_monocytogenes_SA_outbreak_2017_2	24.136684288962144	41.0	267.06846421818045	301	9.090909090909092	0.680611
SRR27013290_Genome_Sequencing_of_Listeria_monocytogenes_SA_outbreak_2017_2	26.98560529358602	41.0	245.62796898645402	294	9.090909090909092	0.8134509999999999
SRR27013291_Genome_Sequencing_of_Listeria_monocytogenes_SA_outbreak_2017_1	32.39242080286705	41.0	230.30782340432498	274	9.090909090909092	1.007771
SRR27013291_Genome_Sequencing_of_Listeria_monocytogenes_SA_outbreak_2017_2	29.15170649638567	41.0	231.75351543158118	274	9.090909090909092	1.007771
SRR27013292_Genome_Sequencing_of_Listeria_monocytogenes_SA_outbreak_2017_1	21.863089511334962	40.0	284.07231197543314	301	9.090909090909092	0.439291
SRR27013292_Genome_Sequencing_of_Listeria_monocytogenes_SA_outbreak_2017_2	17.922589705382492	41.0	286.27904737406413	301	9.090909090909092	0.439291
SRR27013293_Genome_Sequencing_of_Listeria_monocytogenes_SA_outbreak_2017_1	33.349128534607146	41.0	243.55564104364575	284	9.090909090909092	0.9968899999999999
SRR27013294_Genome_Sequencing_of_Listeria_monocytogenes_SA_outbreak_2017_2	27.093864326553557	41.0	239.27940318552234	294	9.090909090909092	0.9873419999999999
SRR27013295_Genome_Sequencing_of_Listeria_monocytogenes_SA_outbreak_2017_1	26.554834407078758	41.0	236.79799873678817	284	9.090909090909092	0.679221
SRR27013295_Genome_Sequencing_of_Listeria_monocytogenes_SA_outbreak_2017_2	23.729551432579	41.0	238.06626929968303	294	9.090909090909092	0.679221
SRR27013296_Genome_Sequencing_of_Listeria_monocytogenes_SA_outbreak_2017_1	23.85020039527427	41.0	241.76328974388278	294	9.090909090909092	0.542486
SRR27013296_Genome_Sequencing_of_Listeria_monocytogenes_SA_outbreak_2017_2	20.7436866897293	41.0	243.11339923979605	294	9.090909090909092	0.542486
SRR27013297_Genome_Sequencing_of_Listeria_monocytogenes_SA_outbreak_2017_1	28.592668616122552	41.0	226.66977827166411	264	9.090909090909092	0.826101
SRR27013297_Genome_Sequencing_of_Listeria_monocytogenes_SA_outbreak_2017_2	24.802618162980778	41.0	231.4302433963886	284	9.090909090909092	0.826101
SRR27013298_Genome_Sequencing_of_Listeria_monocytogenes_SA_outbreak_2017_1	25.269358189962375	41.0	222.57007101276614	244	9.090909090909092	0.7671859999999999
SRR27013298_Genome_Sequencing_of_Listeria_monocytogenes_SA_outbreak_2017_2	25.04176671977315	41.0	228.9742285443165	274	9.090909090909092	0.7671859999999999
SRR27013299_Genome_Sequencing_of_Listeria_monocytogenes_SA_outbreak_2017_1	28.67590591691973	41.0	221.9554792835956	254	9.090909090909092	0.813172
SRR27013299_Genome_Sequencing_of_Listeria_monocytogenes_SA_outbreak_2017_2	24.59747913067038	41.0	226.57420816260276	274	9.090909090909092	0.813172
SRR27013300_Genome_Sequencing_of_Listeria_monocytogenes_SA_outbreak_2017_1	24.061588834632957	41.0	239.2402795881935	274	9.090909090909092	0.685079
SRR27013300_Genome_Sequencing_of_Listeria_monocytogenes_SA_outbreak_2017_2	23.863809733429747	41.0	245.18177538648828	301	9.090909090909092	0.685079
SRR27013301_Genome_Sequencing_of_Listeria_monocytogenes_SA_outbreak_2017_1	26.97104765496637	40.0	227.4105193511935	264	9.090909090909092	0.745122
SRR27013301_Genome_Sequencing_of_Listeria_monocytogenes_SA_outbreak_2017_2	23.15143396039352	41.0	232.4154507583993	294	9.090909090909092	0.745122
SRR27013302_Genome_Sequencing_of_Listeria_monocytogenes_SA_outbreak_2017_1	27.429888613517747	40.0	219.5321669666393	244	9.090909090909092	0.784516
SRR27013302_Genome_Sequencing_of_Listeria_monocytogenes_SA_outbreak_2017_2	23.688208119716236	41.0	224.7847596479868	264	9.090909090909092	0.784516
SRR27013303_Genome_Sequencing_of_Listeria_monocytogenes_SA_outbreak_2017_1	27.788354298377044	40.0	226.7191771652571	264	9.090909090909092	0.769389
SRR27013303_Genome_Sequencing_of_Listeria_monocytogenes_SA_outbreak_2017_2	23.54678496145442	41.0	232.12892632985395	294	9.090909090909092	0.769389
SRR27013304_Genome_Sequencing_of_Listeria_monocytogenes_SA_outbreak_2017_1	31.87989633628871	41.0	222.0279272103425	254	9.090909090909092	0.9792599999999999
SRR27013304_Genome_Sequencing_of_Listeria_monocytogenes_SA_outbreak_2017_2	27.865096363341863	41.0	226.50595449625226	274	9.090909090909092	0.9792599999999999
SRR27013305_Genome_Sequencing_of_Listeria_monocytogenes_SA_outbreak_2017_1	20.9953253063031	41.0	248.44847265701182	294	9.090909090909092	0.497367
SRR27013306_Genome_Sequencing_of_Listeria_monocytogenes_SA_outbreak_2017_2	24.319866947593894	41.0	222.9465711951692	264	9.090909090909092	0.724684
SRR27013307_Genome_Sequencing_of_Listeria_monocytogenes_SA_outbreak_2017_1	23.622263537346782	41.0	256.87367168018574	294	9.090909090909092	0.5582239999999999
SRR27013307_Genome_Sequencing_of_Listeria_monocytogenes_SA_outbreak_2017_2	19.6209646022798	41.0	259.94636382527443	301	9.090909090909092	0.5582239999999999
SRR27013308_Genome_Sequencing_of_Listeria_monocytogenes_SA_outbreak_2017_1	23.080183925514476	40.0	237.8259845222984	274	9.090909090909092	0.6349779999999999
SRR27013308_Genome_Sequencing_of_Listeria_monocytogenes_SA_outbreak_2017_2	22.537235706528207	41.0	243.70241173709957	301	9.090909090909092	0.6349779999999999
SRR27013309_Genome_Sequencing_of_Listeria_monocytogenes_SA_outbreak_2017_1	24.040540377525858	41.0	238.61800378601166	274	9.090909090909092	0.622819
SRR27013309_Genome_Sequencing_of_Listeria_monocytogenes_SA_outbreak_2017_2	22.70766594950929	41.0	245.5316753342464	301	9.090909090909092	0.622819
SRR27013310_Genome_Sequencing_of_Listeria_monocytogenes_SA_outbreak_2017_1	22.62204482011923	41.0	227.2515030285684	254	27.27272727272727	0.621911
SRR27013310_Genome_Sequencing_of_Listeria_monocytogenes_SA_outbreak_2017_2	21.936333817904156	41.0	234.38672494938987	294	18.181818181818183	0.621911
SRR27013311_Genome_Sequencing_of_Listeria_monocytogenes_SA_outbreak_2017_1	22.7278336213151	41.0	235.07982593178204	274	9.090909090909092	0.6343489999999999
SRR27013311_Genome_Sequencing_of_Listeria_monocytogenes_SA_outbreak_2017_2	21.896172330589934	41.0	241.7984910514559	301	9.090909090909092	0.6343489999999999
SRR27013312_Genome_Sequencing_of_Listeria_monocytogenes_SA_outbreak_2017_1	22.50848737803358	40.0	246.504823602466	294	9.090909090909092	0.537876
SRR27013312_Genome_Sequencing_of_Listeria_monocytogenes_SA_outbreak_2017_2	21.41988298749075	41.0	247.93915698041928	301	18.181818181818183	0.537876
SRR27013313_Genome_Sequencing_of_Listeria_monocytogenes_SA_outbreak_2017_1	24.48149315412445	40.0	248.89517068770772	294	9.090909090909092	0.615305
SRR27013313_Genome_Sequencing_of_Listeria_monocytogenes_SA_outbreak_2017_2	23.205174061310913	41.0	250.50889152534108	301	18.181818181818183	0.615305
SRR27013314_Genome_Sequencing_of_Listeria_monocytogenes_SA_outbreak_2017_1	26.15449911744028	40.0	226.38706619988045	254	9.090909090909092	0.8197899999999999
SRR27013314_Genome_Sequencing_of_Listeria_monocytogenes_SA_outbreak_2017_2	25.692710629370424	41.0	233.0334829651496	294	9.090909090909092	0.8197899999999999
SRR27013315_Genome_Sequencing_of_Listeria_monocytogenes_SA_outbreak_2017_1	26.04753997889985	41.0	239.22226359166106	264	9.090909090909092	0.694286
SRR27013316_Genome_Sequencing_of_Listeria_monocytogenes_SA_outbreak_2017_1	24.12519488657287	40.0	240.6178779147528	274	9.090909090909092	0.654215
SRR27013316_Genome_Sequencing_of_Listeria_monocytogenes_SA_outbreak_2017_2	23.78629901919936	41.0	241.85472512858922	284	9.090909090909092	0.654215
SRR27013317_Genome_Sequencing_of_Listeria_monocytogenes_SA_outbreak_2017_2	23.194060433168076	41.0	244.1425433643012	294	9.090909090909092	0.681782
SRR27013318_Genome_Sequencing_of_Listeria_monocytogenes_SA_outbreak_2017_1	21.23581401235471	41.0	260.63949553408474	301	9.090909090909092	0.45477799999999996
SRR27013318_Genome_Sequencing_of_Listeria_monocytogenes_SA_outbreak_2017_2	17.43814319825917	41.0	263.199861250984	301	9.090909090909092	0.45477799999999996
SRR27013319_Genome_Sequencing_of_Listeria_monocytogenes_SA_outbreak_2017_1	19.899641986801328	40.0	247.9427504915723	294	9.090909090909092	0.47551499999999997
SRR27013319_Genome_Sequencing_of_Listeria_monocytogenes_SA_outbreak_2017_2	19.39334886488558	41.0	253.08021198069463	301	9.090909090909092	0.47551499999999997
SRR27013320_Genome_Sequencing_of_Listeria_monocytogenes_SA_outbreak_2017_2	23.521455226094602	41.0	238.89191875764428	274	9.090909090909092	0.6745249999999999
SRR27013321_Genome_Sequencing_of_Listeria_monocytogenes_SA_outbreak_2017_1	25.76613534585384	40.0	235.03585365622558	264	9.090909090909092	0.738781
SRR27013321_Genome_Sequencing_of_Listeria_monocytogenes_SA_outbreak_2017_2	25.110145710725433	41.0	237.1463776139343	274	18.181818181818183	0.738781
SRR27013322_Genome_Sequencing_of_Listeria_monocytogenes_SA_outbreak_2017_1	27.592438183890167	41.0	240.68655584312165	274	9.090909090909092	0.75345
SRR27013322_Genome_Sequencing_of_Listeria_monocytogenes_SA_outbreak_2017_2	26.28148209290528	41.0	243.55254695069348	284	9.090909090909092	0.75345
SRR27013323_Genome_Sequencing_of_Listeria_monocytogenes_SA_outbreak_2017_1	22.032194905535007	41.0	237.65203356108663	274	9.090909090909092	0.5765009999999999
SRR27013323_Genome_Sequencing_of_Listeria_monocytogenes_SA_outbreak_2017_2	20.396088022518384	41.0	245.79861266502573	301	9.090909090909092	0.5765009999999999
SRR27013324_Genome_Sequencing_of_Listeria_monocytogenes_SA_outbreak_2017_1	24.669634751712778	40.0	239.9844233234699	274	9.090909090909092	0.658324
SRR27013324_Genome_Sequencing_of_Listeria_monocytogenes_SA_outbreak_2017_2	23.76633946058253	41.0	241.89215568625784	284	9.090909090909092	0.658324
SRR27013325_Genome_Sequencing_of_Listeria_monocytogenes_SA_outbreak_2017_1	27.337276825347175	41.0	236.5966832940347	264	9.090909090909092	0.748966
SRR27013325_Genome_Sequencing_of_Listeria_monocytogenes_SA_outbreak_2017_2	25.92314137643082	41.0	239.3780378548559	274	9.090909090909092	0.748966
SRR27013326_Genome_Sequencing_of_Listeria_monocytogenes_SA_outbreak_2017_1	23.76610774584988	40.0	235.72709122609035	264	9.090909090909092	0.669918
SRR27013326_Genome_Sequencing_of_Listeria_monocytogenes_SA_outbreak_2017_2	22.69856957690331	40.0	237.96579581381602	274	9.090909090909092	0.669918
SRR27013327_Genome_Sequencing_of_Listeria_monocytogenes_SA_outbreak_2017_1	24.353650354142587	40.0	249.7236398022888	294	9.090909090909092	0.6429579999999999
SRR27013327_Genome_Sequencing_of_Listeria_monocytogenes_SA_outbreak_2017_2	21.430245356823903	41.0	253.6591169252113	301	9.090909090909092	0.6429579999999999
SRR27013328_Genome_Sequencing_of_Listeria_monocytogenes_SA_outbreak_2017_2	23.452587808587353	41.0	243.84231772599264	294	9.090909090909092	0.6267349999999999
SRR27013329_Genome_Sequencing_of_Listeria_monocytogenes_SA_outbreak_2017_1	28.709553364922286	40.0	236.36664694982466	274	9.090909090909092	0.828395
SRR27013329_Genome_Sequencing_of_Listeria_monocytogenes_SA_outbreak_2017_2	24.859394502087923	41.0	239.45269949722052	294	18.181818181818183	0.828395
SRR27013331_Genome_Sequencing_of_Listeria_monocytogenes_SA_outbreak_2017_1	30.083033081206125	40.0	241.04934980238266	284	9.090909090909092	0.8893449999999999
SRR27013332_Genome_Sequencing_of_Listeria_monocytogenes_SA_outbreak_2017_1	29.035352604471953	40.0	243.33058183197284	294	9.090909090909092	0.825307
SRR27013332_Genome_Sequencing_of_Listeria_monocytogenes_SA_outbreak_2017_2	23.85363463081528	41.0	246.6190872002782	301	9.090909090909092	0.825307
SRR27013333_Genome_Sequencing_of_Listeria_monocytogenes_SA_outbreak_2017_1	31.876732628879225	40.0	247.18794093719853	294	9.090909090909092	0.8997879999999999
SRR27013334_Genome_Sequencing_of_Listeria_monocytogenes_SA_outbreak_2017_1	33.92427067021009	40.0	238.99489960150368	274	9.090909090909092	1.071779
SRR27013334_Genome_Sequencing_of_Listeria_monocytogenes_SA_outbreak_2017_2	29.106223641643027	41.0	241.8815544062722	294	9.090909090909092	1.071779
SRR27013335_Genome_Sequencing_of_Listeria_monocytogenes_SA_outbreak_2017_1	29.220136877572827	40.0	240.1983362725494	284	9.090909090909092	0.8386589999999999
SRR27013335_Genome_Sequencing_of_Listeria_monocytogenes_SA_outbreak_2017_2	24.890383917316086	41.0	243.207302372001	294	9.090909090909092	0.8386589999999999
SRR27013336_Genome_Sequencing_of_Listeria_monocytogenes_SA_outbreak_2017_1	29.88940618847819	40.0	247.16098460863032	294	9.090909090909092	0.829101
SRR27013336_Genome_Sequencing_of_Listeria_monocytogenes_SA_outbreak_2017_2	23.809672649481797	41.0	250.81778878568474	301	18.181818181818183	0.829101
SRR27013337_Genome_Sequencing_of_Listeria_monocytogenes_SA_outbreak_2017_1	30.611363048190015	42.0	255.06008324727986	301	18.181818181818183	0.660442
SRR27013337_Genome_Sequencing_of_Listeria_monocytogenes_SA_outbreak_2017_2	24.773755152057475	42.0	258.3610892402361	301	18.181818181818183	0.660442
SRR27013338_Genome_Sequencing_of_Listeria_monocytogenes_SA_outbreak_2017_1	30.922822789334447	40.0	266.75923364404395	301	18.181818181818183	0.664391
SRR27013339_Genome_Sequencing_of_Listeria_monocytogenes_SA_outbreak_2017_1	27.307190899080666	41.0	253.86831391525808	301	9.090909090909092	0.707159
SRR27013339_Genome_Sequencing_of_Listeria_monocytogenes_SA_outbreak_2017_2	21.912415746805678	41.0	256.95614494052967	301	9.090909090909092	0.707159
SRR27013340_Genome_Sequencing_of_Listeria_monocytogenes_SA_outbreak_2017_1	25.142294724297784	40.0	279.10658422332153	301	9.090909090909092	0.601787
SRR27013341_Genome_Sequencing_of_Listeria_monocytogenes_SA_outbreak_2017_1	35.54382662430231	41.0	233.31249965871797	264	9.090909090909092	1.098798
SRR27013342_Genome_Sequencing_of_Listeria_monocytogenes_SA_outbreak_2017_1	31.362537547241033	41.0	246.48770666583903	294	9.090909090909092	0.8699429999999999
SRR27013342_Genome_Sequencing_of_Listeria_monocytogenes_SA_outbreak_2017_2	27.968304910235673	41.0	248.14118913538013	301	9.090909090909092	0.8699429999999999
SRR27013343_Genome_Sequencing_of_Listeria_monocytogenes_SA_outbreak_2017_1	40.64656737289278	40.0	227.24591516783687	264	9.090909090909092	1.0396999999999998
SRR27013343_Genome_Sequencing_of_Listeria_monocytogenes_SA_outbreak_2017_2	37.317637632144596	41.0	228.91445609310378	274	9.090909090909092	1.0396999999999998
